,geohash
0,8810f4c497fffff
1,8810f4af2dfffff
2,8810f4d0c9fffff
3,8810f019c9fffff
4,88101b0b5bfffff
5,8810f00767fffff
6,8810f6ade3fffff
7,8810f4a331fffff
8,8810f6c599fffff
9,8810f28207fffff
10,8810f42625fffff
11,8810f436dbfffff
12,88101b6601fffff
13,8810f448bdfffff
14,8810f4baa1fffff
15,8810a96c65fffff
16,8810f4c651fffff
17,8810f0960bfffff
18,8810f0189dfffff
19,8810f08d95fffff
20,8810f68ca9fffff
21,8810f6d727fffff
22,8810f04b61fffff
23,8810f43845fffff
24,8810f54969fffff
25,8810f42c19fffff
26,8810f48a3dfffff
27,88101b71d9fffff
28,8810f63615fffff
29,8810a92831fffff
30,8810f4882dfffff
31,8810f0d711fffff
32,8810f61503fffff
33,88101b65c9fffff
34,8810a92c6dfffff
35,8810f0d985fffff
36,8810f632a1fffff
37,8810f080d5fffff
38,88101b0c93fffff
39,8810f29313fffff
40,8810f68addfffff
41,88101b7555fffff
42,8810f0026bfffff
43,8810f515e3fffff
44,8810f4ae05fffff
45,8810f49903fffff
46,8810f60339fffff
47,8810f48b35fffff
48,8810a968a3fffff
49,8810f54035fffff
50,88101b0849fffff
51,8810f4c489fffff
52,88101b6d39fffff
53,8810f6015bfffff
54,8810f05a29fffff
55,88101a6ea5fffff
56,8810f61361fffff
57,8810f5196bfffff
58,8810f43621fffff
59,8810f68a97fffff
60,8810f0865dfffff
61,8810f686e9fffff
62,8810aba455fffff
63,88101b3b25fffff
64,8810f4b94bfffff
65,8810f0986bfffff
66,8810f68e63fffff
67,8810f42753fffff
68,8810f4a947fffff
69,8810f0c081fffff
70,8810f51ac3fffff
71,8810f44d01fffff
72,8810f4ad21fffff
73,8810f015c7fffff
74,8810f42865fffff
75,8810f61517fffff
76,88101b72adfffff
77,88101b6969fffff
78,88101b0917fffff
79,8810f436b3fffff
80,8810f48e91fffff
81,8810f69083fffff
82,8810f5d19dfffff
83,8810f6b1e7fffff
84,8810f45741fffff
85,8810f58923fffff
86,8810f62cc7fffff
87,8810f0b981fffff
88,8810f45691fffff
89,8810f5852bfffff
90,8810f51007fffff
91,8810f47a05fffff
92,8810f55643fffff
93,8810f4a0c9fffff
94,8810f6d2c3fffff
95,8810f29045fffff
96,8810f6118bfffff
97,8810f0c5edfffff
98,88101a6ecbfffff
99,8810f4c587fffff
100,8810f58121fffff
101,8810f540d5fffff
102,8810a968e7fffff
103,8810f5d5a1fffff
104,8810f0c361fffff
105,8810f4b70bfffff
106,8810f45217fffff
107,8810f49b67fffff
108,8810a93b17fffff
109,8810f5b901fffff
110,8810f28423fffff
111,88101b7257fffff
112,8810f6b691fffff
113,8810f6d5e3fffff
114,8810f58d1bfffff
115,8810f621d3fffff
116,8810f4a0d7fffff
117,8810f4a495fffff
118,8810f6c355fffff
119,8810a9765bfffff
120,8810f40535fffff
121,8810f08e5bfffff
122,8810f04b03fffff
123,88101a6d69fffff
124,8810f0821bfffff
125,8810f08a15fffff
126,8810f51023fffff
127,8810f622c9fffff
128,8810f40e0dfffff
129,8810f6cf6bfffff
130,8810f69a13fffff
131,8810f04205fffff
132,8810f08e15fffff
133,8810f4c29dfffff
134,8810f46315fffff
135,8810f5529dfffff
136,8810f0c1e7fffff
137,8810f68061fffff
138,8810f460b7fffff
139,8810f6c353fffff
140,8810f5ca81fffff
141,8810a9245bfffff
142,8810f419a9fffff
143,8810f6273bfffff
144,8810f4a941fffff
145,8810f469e3fffff
146,8810f454c5fffff
147,8810f5ce59fffff
148,8810f46d27fffff
149,8810f63655fffff
150,8810f59185fffff
151,8810f474d5fffff
152,8810f41425fffff
153,88101b0907fffff
154,8810f6b521fffff
155,88101b716bfffff
156,8810f4ac3dfffff
157,8810f431e3fffff
158,8810f4c50bfffff
159,8810f43a95fffff
160,8810f6c62bfffff
161,8810f5423dfffff
162,88101b3b67fffff
163,8810f63851fffff
164,8810f428b9fffff
165,8810f0cf51fffff
166,88101a6db1fffff
167,8810f59563fffff
168,8810f4b2b9fffff
169,8810a96609fffff
170,8810f46d37fffff
171,8810f63521fffff
172,8810f67647fffff
173,8810f66e57fffff
174,8810f5881bfffff
175,8810f69891fffff
176,8810f6b705fffff
177,8810f091e5fffff
178,8810a92507fffff
179,8810f666b7fffff
180,8810f60021fffff
181,8810a92685fffff
182,8810a92617fffff
183,8810f661b5fffff
184,88101b0e33fffff
185,88101b61e9fffff
186,8810f47861fffff
187,8810f63a57fffff
188,8810f6b72dfffff
189,8810f416b9fffff
190,8810f638d7fffff
191,8810f40533fffff
192,8810f4d481fffff
193,8810f5c809fffff
194,8810f4c297fffff
195,8810f049a3fffff
196,8810f5855bfffff
197,8810f4ca35fffff
198,8810f58ad7fffff
199,8810f50f25fffff
200,8810f284c1fffff
201,8810f46f13fffff
202,8810f6154dfffff
203,8810f510d1fffff
204,8810f59515fffff
205,8810f01525fffff
206,8810f69599fffff
207,8810f44aabfffff
208,8810f54a41fffff
209,8810f4a085fffff
210,88101b0ea5fffff
211,8810f5d419fffff
212,8810f4c755fffff
213,8810f59441fffff
214,8810f58b35fffff
215,8810f4c4c5fffff
216,8810f0c293fffff
217,8810f6935dfffff
218,8810f549bdfffff
219,8810f47455fffff
220,8810f6aaedfffff
221,8810f4a4cbfffff
222,8810f6a1c5fffff
223,8810f5c45bfffff
224,8810f54833fffff
225,8810f08de5fffff
226,8810f661b9fffff
227,8810f44457fffff
228,8810f5d707fffff
229,88101a65a5fffff
230,8810f4509dfffff
231,8810f55431fffff
232,8810f69343fffff
233,8810f444bbfffff
234,8810f0971bfffff
235,8810f58113fffff
236,8810f6ac0dfffff
237,8810f5d8e3fffff
238,88101b7665fffff
239,8810f6d8cbfffff
240,88101b66b1fffff
241,8810f0b2bdfffff
242,8810f4a4b3fffff
243,8810f59b61fffff
244,8810f04949fffff
245,8810f42249fffff
246,8810f6b217fffff
247,8810f4db19fffff
248,8810f5c4b3fffff
249,8810f58809fffff
250,8810f6a695fffff
251,8810f60485fffff
252,8810f29169fffff
253,8810f6b00dfffff
254,8810f5d04dfffff
255,8810f6356bfffff
256,8810a920d3fffff
257,8810f432cbfffff
258,8810f01455fffff
259,8810f01a67fffff
260,8810f47a5dfffff
261,8810f51469fffff
262,8810f4168dfffff
263,8810f5c9ddfffff
264,8810f05141fffff
265,8810f6b8a7fffff
266,8810f62663fffff
267,8810f69827fffff
268,8810a92957fffff
269,8810f43847fffff
270,8810a96ca1fffff
271,8810f0c725fffff
272,8810f42407fffff
273,8810f0103dfffff
274,88101b45c7fffff
275,8810f6b439fffff
276,8810f59001fffff
277,8810f6c655fffff
278,8810f488b1fffff
279,8810f40629fffff
280,8810a96d47fffff
281,8810f049c3fffff
282,8810f6090bfffff
283,8810f04021fffff
284,8810f4c9e3fffff
285,8810f68f41fffff
286,8810f0d2a1fffff
287,88101b6f0dfffff
288,8810a9253dfffff
289,8810f0d32dfffff
290,8810f40421fffff
291,8810f6a10dfffff
292,8810f51999fffff
293,8810f4a923fffff
294,88101b0193fffff
295,8810f696d1fffff
296,8810f2821bfffff
297,8810f5d469fffff
298,8810f69755fffff
299,8810f0da61fffff
300,8810f54a37fffff
301,8810f45315fffff
302,8810f098c5fffff
303,8810f6383bfffff
304,88101b7719fffff
305,8810f5ccd3fffff
306,88101a6d11fffff
307,8810f6ba13fffff
308,8810f62d29fffff
309,8810f402d7fffff
310,8810f66f49fffff
311,8810f09a63fffff
312,8810f605d5fffff
313,8810aba4c7fffff
314,8810f29619fffff
315,8810f54511fffff
316,8810f4c499fffff
317,8810f40cbbfffff
318,8810f54323fffff
319,8810f0070dfffff
320,8810f6b0c1fffff
321,8810f48149fffff
322,8810f46f0bfffff
323,8810f51907fffff
324,8810f298e1fffff
325,8810f4a285fffff
326,8810f08ec5fffff
327,8810aba629fffff
328,8810f09949fffff
329,8810f58b21fffff
330,8810f48d8dfffff
331,8810f0034bfffff
332,8810f452e1fffff
333,8810f63aa1fffff
334,8810f50045fffff
335,8810f62713fffff
336,8810f45485fffff
337,8810a97499fffff
338,88101b0c01fffff
339,8810f58c07fffff
340,8810f43453fffff
341,8810f464c1fffff
342,8810f08a23fffff
343,8810f6b49dfffff
344,8810f6742dfffff
345,8810f46329fffff
346,8810f69597fffff
347,8810f4280dfffff
348,8810a96543fffff
349,8810f46ccbfffff
350,8810f6d44dfffff
351,8810f4d433fffff
352,8810f050a3fffff
353,8810f54091fffff
354,8810a92f37fffff
355,8810f6c493fffff
356,88101b4dcbfffff
357,8810f4c711fffff
358,8810f4ac9bfffff
359,8810f6993bfffff
360,8810f4142dfffff
361,8810f62d15fffff
362,8810f29433fffff
363,8810f6dae3fffff
364,8810f6a331fffff
365,8810f6acdbfffff
366,8810f68d85fffff
367,8810f6a2ebfffff
368,8810f475e3fffff
369,8810f590abfffff
370,8810f436d5fffff
371,8810f6b189fffff
372,8810a966d7fffff
373,8810f620bbfffff
374,8810f61031fffff
375,8810f4c461fffff
376,8810f0d429fffff
377,8810f098d9fffff
378,88101b008dfffff
379,8810f6b8c9fffff
380,8810a964e1fffff
381,8810f28341fffff
382,8810f6af47fffff
383,8810f44f3dfffff
384,8810a96007fffff
385,8810f43ac3fffff
386,8810f08ad7fffff
387,8810f418c7fffff
388,8810a92935fffff
389,8810f5bb67fffff
390,88101b7917fffff
391,8810f41041fffff
392,8810f5b80dfffff
393,8810f54ac9fffff
394,8810f0d2d9fffff
395,8810f448e3fffff
396,8810f4c68dfffff
397,8810f66c6dfffff
398,8810f4aebdfffff
399,8810f552a3fffff
400,8810f5ce2bfffff
401,8810f28431fffff
402,88101b0925fffff
403,8810f69b35fffff
404,8810f54693fffff
405,8810a922abfffff
406,8810f488d3fffff
407,8810f298edfffff
408,8810f0953dfffff
409,8810f6d05dfffff
410,8810f51461fffff
411,88101b7483fffff
412,8810f6344bfffff
413,8810f47247fffff
414,8810f62319fffff
415,8810f485a5fffff
416,88101b6e53fffff
417,8810f0cd03fffff
418,8810f46f6dfffff
419,8810f09ab5fffff
420,8810f0c767fffff
421,8810f62a89fffff
422,8810f40817fffff
423,8810f0595bfffff
424,8810f42ac7fffff
425,8810f5810dfffff
426,8810f29465fffff
427,8810f614c9fffff
428,8810f588a9fffff
429,8810f09121fffff
430,8810f4bb3bfffff
431,8810f44859fffff
432,8810f4ce31fffff
433,8810f4a469fffff
434,8810f47899fffff
435,8810f4280bfffff
436,8810f0d729fffff
437,8810f5475bfffff
438,8810f29b6bfffff
439,8810f4ac9dfffff
440,8810a92319fffff
441,8810f29233fffff
442,8810f54201fffff
443,8810f556bbfffff
444,88101b46e5fffff
445,8810f61891fffff
446,8810f44ab7fffff
447,8810a92201fffff
448,8810f48c59fffff
449,8810f05325fffff
450,8810f558e5fffff
451,88101b2d2dfffff
452,8810a92589fffff
453,8810f08327fffff
454,8810f0d34dfffff
455,8810f4af09fffff
456,8810aba625fffff
457,8810f058c9fffff
458,8810f41853fffff
459,8810f4b161fffff
460,8810f4a607fffff
461,8810a936d5fffff
462,8810f0d1b1fffff
463,8810f4469bfffff
464,8810f0c955fffff
465,8810f4b2bbfffff
466,8810f604c5fffff
467,8810f5ce13fffff
468,88101b0183fffff
469,8810a966a7fffff
470,8810f68b01fffff
471,8810f4a0b3fffff
472,8810f4d689fffff
473,88101b0abbfffff
474,8810f588a1fffff
475,8810f44ce7fffff
476,8810f6d319fffff
477,8810f62d43fffff
478,8810f676e1fffff
479,8810f68dbbfffff
480,8810f04b35fffff
481,8810f4c327fffff
482,8810f4a555fffff
483,8810f049ebfffff
484,8810f6cf41fffff
485,8810f6caddfffff
486,8810f4a98dfffff
487,8810f4a8dbfffff
488,8810f6cd59fffff
489,8810f4bb01fffff
490,8810f45083fffff
491,8810f43811fffff
492,8810f50947fffff
493,8810f5c96dfffff
494,8810f6a153fffff
495,88101b61c9fffff
496,8810f63ab5fffff
497,8810f295e1fffff
498,8810f42b21fffff
499,8810f0d553fffff
500,8810f4c18bfffff
501,8810f62e5bfffff
502,8810f61139fffff
503,8810f2986bfffff
504,8810f40a6dfffff
505,8810f002dbfffff
506,8810f69989fffff
507,8810f4168bfffff
508,88101b01e3fffff
509,8810a9242dfffff
510,8810f05203fffff
511,8810f4a165fffff
512,8810f28551fffff
513,8810f546ebfffff
514,8810f551c5fffff
515,8810f5c2e9fffff
516,8810f59345fffff
517,8810f44d51fffff
518,8810f69197fffff
519,8810f51683fffff
520,8810f0d135fffff
521,8810f55a95fffff
522,8810f2829bfffff
523,8810f08ec9fffff
524,8810f6c25dfffff
525,8810f08925fffff
526,8810f42b55fffff
527,8810f6b111fffff
528,8810f60a25fffff
529,8810f0b323fffff
530,8810a92c51fffff
531,8810aba421fffff
532,8810f2906bfffff
533,8810f5160dfffff
534,8810f62739fffff
535,8810f44e2dfffff
536,8810f55581fffff
537,8810f4ceedfffff
538,8810f44dc3fffff
539,8810aba73dfffff
540,8810f4a5d9fffff
541,8810f4731dfffff
542,8810f48b6dfffff
543,8810f48945fffff
544,8810f55805fffff
545,8810f4528dfffff
546,8810f09645fffff
547,8810f62461fffff
548,8810f58531fffff
549,8810f54895fffff
550,8810f5106dfffff
551,8810f4812bfffff
552,8810f0c4cdfffff
553,8810f6c50dfffff
554,8810f094c3fffff
555,8810f58a91fffff
556,88101b6029fffff
557,8810f598c1fffff
558,8810f4add1fffff
559,8810f68c35fffff
560,8810f4ac39fffff
561,8810f0dad7fffff
562,8810f0029dfffff
563,8810f4d091fffff
564,8810f6892dfffff
565,8810f0c4cbfffff
566,8810f4cd3dfffff
567,8810a929ebfffff
568,8810f40019fffff
569,8810f40c85fffff
570,8810f5c21dfffff
571,88101b0167fffff
572,8810f052c9fffff
573,8810f46e95fffff
574,8810f4d239fffff
575,8810f05aa1fffff
576,8810f05ac3fffff
577,8810f60ac3fffff
578,8810f09025fffff
579,88101b7199fffff
580,8810f638adfffff
581,8810f420a1fffff
582,8810f48b19fffff
583,8810f4ac91fffff
584,8810f48ad3fffff
585,8810f5da27fffff
586,8810f2823bfffff
587,8810f63b49fffff
588,8810f0d49bfffff
589,8810f4035dfffff
590,8810f41753fffff
591,8810a92a35fffff
592,8810f0c351fffff
593,8810f5c469fffff
594,8810f6954dfffff
595,88101b673bfffff
596,8810f5440bfffff
597,8810f08cbdfffff
598,8810f0ca25fffff
599,8810f6b757fffff
600,8810f4b249fffff
601,8810f4ca87fffff
602,8810f549ebfffff
603,8810f2925bfffff
604,8810f47835fffff
605,8810f0873dfffff
606,8810f6c4ebfffff
607,8810f6b939fffff
608,8810f639adfffff
609,8810f50331fffff
610,8810f5da4dfffff
611,8810f4af51fffff
612,8810f6658bfffff
613,8810f4d84dfffff
614,8810f59609fffff
615,8810f5559bfffff
616,8810f29ac7fffff
617,8810f438b5fffff
618,88101a6c29fffff
619,8810f5904bfffff
620,8810f44f33fffff
621,8810f5d09bfffff
622,8810f4c097fffff
623,8810f44459fffff
624,8810f5d5b7fffff
625,8810f09a21fffff
626,8810f63431fffff
627,8810a97663fffff
628,88101b054dfffff
629,8810f465e5fffff
630,8810f621e9fffff
631,8810f48ca5fffff
632,88101b4ddbfffff
633,8810a976a7fffff
634,8810f54341fffff
635,8810f4a953fffff
636,8810a92113fffff
637,8810f0930dfffff
638,88101b78b7fffff
639,8810f478b9fffff
640,8810f5c0abfffff
641,8810f6aeddfffff
642,8810f6baadfffff
643,8810f62127fffff
644,8810f4045bfffff
645,8810f4a82dfffff
646,8810f5bb3bfffff
647,8810f4d76bfffff
648,8810f0b98bfffff
649,8810f616c5fffff
650,88101b2d91fffff
651,8810f47a67fffff
652,8810a976b5fffff
653,8810f012c9fffff
654,8810f51247fffff
655,8810f476e9fffff
656,8810a90c8bfffff
657,8810f6ac19fffff
658,8810f4ac95fffff
659,8810f6a597fffff
660,88101b0895fffff
661,8810f41659fffff
662,8810f40317fffff
663,8810f4c307fffff
664,88101b6535fffff
665,8810f05823fffff
666,8810f40313fffff
667,8810f43457fffff
668,8810f6b531fffff
669,8810f09289fffff
670,8810f4a567fffff
671,8810f4573bfffff
672,8810f4a23dfffff
673,8810f604d1fffff
674,8810f69057fffff
675,8810f6c2d3fffff
676,8810f4b257fffff
677,8810f45b5bfffff
678,8810f04357fffff
679,8810f5ce45fffff
680,8810f6b427fffff
681,8810f68b49fffff
682,8810f4a49bfffff
683,8810f55025fffff
684,8810f6b059fffff
685,88101b69b9fffff
686,8810f675b9fffff
687,8810f6a285fffff
688,8810f461c7fffff
689,8810f55039fffff
690,8810f46203fffff
691,88101b7451fffff
692,8810f4406bfffff
693,8810f0c157fffff
694,8810f58433fffff
695,8810f08957fffff
696,8810f54261fffff
697,8810f6c0e9fffff
698,8810f4d30bfffff
699,8810f50a17fffff
700,8810f59213fffff
701,88101b7425fffff
702,8810f42255fffff
703,8810f09a43fffff
704,8810f63607fffff
705,8810f0028dfffff
706,8810f5802bfffff
707,8810f68b25fffff
708,8810f4b2adfffff
709,8810f429c7fffff
710,8810f0a261fffff
711,8810f429b3fffff
712,8810f4a493fffff
713,8810a92cc5fffff
714,88101b74e3fffff
715,8810f4458dfffff
716,8810f69295fffff
717,8810f50abbfffff
718,8810f44753fffff
719,88101a6c1dfffff
720,8810f05b57fffff
721,8810f04aadfffff
722,8810f01839fffff
723,8810f0420bfffff
724,8810f5da5dfffff
725,8810f58d5dfffff
726,8810f51305fffff
727,8810f58d01fffff
728,8810f6b1ebfffff
729,8810f04951fffff
730,8810f4a927fffff
731,8810f59641fffff
732,8810f4ce19fffff
733,8810f6aa11fffff
734,8810f4d6e9fffff
735,8810f5cca1fffff
736,8810f08861fffff
737,8810f63929fffff
738,8810f4c2e7fffff
739,8810f631dbfffff
740,88101b4cedfffff
741,8810a96507fffff
742,8810f6a1d3fffff
743,8810f4300dfffff
744,8810f69825fffff
745,8810f051bbfffff
746,8810a976e7fffff
747,8810f08c89fffff
748,88101b44e5fffff
749,8810f59469fffff
750,8810f465a1fffff
751,8810f58a11fffff
752,8810f55741fffff
753,8810f5db37fffff
754,8810f09013fffff
755,8810f6d0bdfffff
756,8810a962cdfffff
757,8810f5d75bfffff
758,88101b40a7fffff
759,8810f62eebfffff
760,88101b0135fffff
761,8810f4b801fffff
762,8810f5d503fffff
763,8810f6b717fffff
764,8810f5b125fffff
765,8810f01a9dfffff
766,8810f444b3fffff
767,8810f4d4b9fffff
768,88101b395dfffff
769,8810f080b9fffff
770,8810f4775bfffff
771,8810a96db7fffff
772,8810f6103dfffff
773,88101a6d55fffff
774,8810f610cbfffff
775,8810f29a1dfffff
776,8810f58933fffff
777,8810f43499fffff
778,88101b79bbfffff
779,8810f28067fffff
780,8810f00261fffff
781,88101b01b9fffff
782,8810a962abfffff
783,8810f60b49fffff
784,8810f50305fffff
785,88101b6ce3fffff
786,8810f4658bfffff
787,88101b7ac3fffff
788,8810f47043fffff
789,8810f4a53dfffff
790,8810f480a3fffff
791,8810f4ada5fffff
792,8810f459edfffff
793,8810f5c757fffff
794,8810f44d81fffff
795,8810f42d31fffff
796,8810f40ca1fffff
797,8810f444c9fffff
798,8810f4cea1fffff
799,8810f0d2c9fffff
800,88101b6807fffff
801,8810f66a53fffff
802,88101b409bfffff
803,8810a92729fffff
804,8810f4846dfffff
805,8810f4570dfffff
806,8810f5516dfffff
807,8810f48e53fffff
808,88101b0003fffff
809,8810f002d7fffff
810,8810a92409fffff
811,8810f5cd03fffff
812,88101b6e35fffff
813,88101b0ad3fffff
814,8810f0aa67fffff
815,8810a920e7fffff
816,8810f40ecbfffff
817,8810f4cc15fffff
818,8810f4c123fffff
819,8810f40e97fffff
820,8810f4483dfffff
821,8810f6b737fffff
822,8810f4a863fffff
823,8810a92535fffff
824,8810f0d113fffff
825,88101b4287fffff
826,8810f42121fffff
827,8810f6b433fffff
828,8810f45a2bfffff
829,8810f54b0bfffff
830,8810f4606dfffff
831,8810f6b6cbfffff
832,8810f46815fffff
833,8810a96ab1fffff
834,8810f4359dfffff
835,8810f6b413fffff
836,8810f51b13fffff
837,8810f5ca03fffff
838,88101b0f37fffff
839,8810f5d28bfffff
840,8810f4d713fffff
841,8810f46183fffff
842,8810f60325fffff
843,8810f444c1fffff
844,88101b68d5fffff
845,88101b6135fffff
846,8810a93b3bfffff
847,8810f68b31fffff
848,8810f66159fffff
849,8810f01147fffff
850,8810f6c619fffff
851,8810f4cacdfffff
852,8810f68d1dfffff
853,88101b6dc7fffff
854,8810f54549fffff
855,8810f5c0a7fffff
856,8810f470d5fffff
857,8810f4c953fffff
858,8810f4a6d9fffff
859,8810f0c263fffff
860,8810f509cbfffff
861,8810f45503fffff
862,8810f6aeb9fffff
863,8810f44265fffff
864,8810f4d751fffff
865,8810f44e81fffff
866,8810f291b3fffff
867,8810f555e7fffff
868,8810f630c5fffff
869,8810f4991dfffff
870,8810f48b1bfffff
871,8810f58e97fffff
872,88101b0097fffff
873,8810f59b33fffff
874,8810f69567fffff
875,8810f42dc5fffff
876,8810f09843fffff
877,8810f68e19fffff
878,8810f4785dfffff
879,8810f41827fffff
880,8810f5cd13fffff
881,8810f5c863fffff
882,8810a9208dfffff
883,8810a96f2bfffff
884,8810f6b911fffff
885,8810a9390dfffff
886,8810f51b39fffff
887,8810f6a257fffff
888,8810f44533fffff
889,8810f63103fffff
890,8810f46245fffff
891,8810f0cd17fffff
892,8810f4116bfffff
893,8810f0d4adfffff
894,8810f086a5fffff
895,88101b6f5dfffff
896,8810f4a9b7fffff
897,8810f44a21fffff
898,8810f0d709fffff
899,8810a92e65fffff
900,8810f665a3fffff
901,8810f5d369fffff
902,8810f430d7fffff
903,8810f60315fffff
904,8810f08d0bfffff
905,8810f6d203fffff
906,8810f62715fffff
907,88101b0aedfffff
908,8810f41125fffff
909,8810f464cbfffff
910,8810f0b235fffff
911,88101b6ca9fffff
912,8810f60a63fffff
913,8810f62c9bfffff
914,8810f0cc29fffff
915,8810f69127fffff
916,8810f489edfffff
917,8810f29919fffff
918,8810f29057fffff
919,8810f4b8dbfffff
920,8810f62559fffff
921,8810f606dbfffff
922,8810f55753fffff
923,8810f6a187fffff
924,8810f674a7fffff
925,8810f48843fffff
926,88101b54b9fffff
927,8810f6261dfffff
928,8810f6949dfffff
929,8810f401a3fffff
930,8810a92c91fffff
931,8810f08491fffff
932,8810f59861fffff
933,8810f6c441fffff
934,8810f50069fffff
935,8810f638dbfffff
936,8810f2b36dfffff
937,8810f286b1fffff
938,88101b75e7fffff
939,8810f0c509fffff
940,88101b62c1fffff
941,8810f6610dfffff
942,88101b2c09fffff
943,8810f45525fffff
944,88101b4e3dfffff
945,8810f42a07fffff
946,8810f58e91fffff
947,8810f0d035fffff
948,8810f44031fffff
949,8810a976b7fffff
950,8810f58723fffff
951,8810f6b71bfffff
952,8810f0c1e3fffff
953,8810f08c3dfffff
954,8810f6244dfffff
955,8810f580cbfffff
956,8810f42239fffff
957,8810f6cac3fffff
958,8810f4b50bfffff
959,88101b7b47fffff
960,8810f4661bfffff
961,88101b0cd5fffff
962,8810f48d47fffff
963,8810f4b4ddfffff
964,8810f05b55fffff
965,8810f44603fffff
966,8810f292d3fffff
967,8810f0861dfffff
968,8810f4db37fffff
969,8810f0b11dfffff
970,88101b468dfffff
971,88101b670dfffff
972,8810f01a19fffff
973,8810f5d061fffff
974,8810f28367fffff
975,8810f41837fffff
976,88101b4dc1fffff
977,8810f59911fffff
978,8810f6a151fffff
979,8810f5ca11fffff
980,8810f40211fffff
981,88101b29c9fffff
982,8810f4c8d1fffff
983,8810f4701bfffff
984,8810f68625fffff
985,8810f43191fffff
986,8810f68257fffff
987,88101b4e45fffff
988,8810f5da21fffff
989,8810f0d5c9fffff
990,8810f44c43fffff
991,88101b6c29fffff
992,8810f54a5bfffff
993,8810f62d1dfffff
994,88101b0a55fffff
995,8810f5533dfffff
996,88101b6c1dfffff
997,8810f6ce11fffff
998,8810f51335fffff
999,8810f608c7fffff
1000,8810f551cbfffff
1001,8810f0426bfffff
1002,8810f55a8bfffff
1003,8810f6b9d5fffff
1004,8810f6128dfffff
1005,8810f6143dfffff
1006,8810f69867fffff
1007,88101b488dfffff
1008,8810a92e59fffff
1009,8810f43515fffff
1010,8810f590b5fffff
1011,8810f62539fffff
1012,8810f61609fffff
1013,8810f5cf43fffff
1014,8810f4b1e1fffff
1015,8810f665d9fffff
1016,8810f4ae0bfffff
1017,8810f0168dfffff
1018,88101b4e65fffff
1019,8810f48913fffff
1020,8810f0c00dfffff
1021,8810f0009bfffff
1022,8810a964bdfffff
1023,8810f47b41fffff
1024,8810f42a6bfffff
1025,8810f42f0bfffff
1026,8810a9266dfffff
1027,8810f5c353fffff
1028,8810f4652dfffff
1029,8810f080a7fffff
1030,88101b7261fffff
1031,88101b6455fffff
1032,8810f43341fffff
1033,8810f43a1bfffff
1034,8810f61a4bfffff
1035,8810f6859dfffff
1036,8810f6d1b5fffff
1037,88101b7a61fffff
1038,8810f58105fffff
1039,8810f0c9c7fffff
1040,8810f01311fffff
1041,8810f6a2d3fffff
1042,8810f08f19fffff
1043,8810f5c357fffff
1044,8810f68d11fffff
1045,8810f420c9fffff
1046,8810f614e1fffff
1047,88101b0a17fffff
1048,8810f5c647fffff
1049,8810f08083fffff
1050,8810f68c17fffff
1051,8810a96d45fffff
1052,8810f5cd99fffff
1053,8810f0a203fffff
1054,88101b4e09fffff
1055,8810f4cc43fffff
1056,8810f4a00dfffff
1057,8810f68931fffff
1058,8810a925c5fffff
1059,8810f46f65fffff
1060,8810f4b06dfffff
1061,88101b4603fffff
1062,8810f426b7fffff
1063,8810f5c523fffff
1064,8810f0d411fffff
1065,8810f09255fffff
1066,8810f4c5d7fffff
1067,8810f09233fffff
1068,8810f6aab1fffff
1069,8810f54713fffff
1070,8810f660e1fffff
1071,8810f0d955fffff
1072,8810f44b11fffff
1073,8810f5d839fffff
1074,88101b6a15fffff
1075,88101b6559fffff
1076,8810f0828bfffff
1077,8810f50a95fffff
1078,8810f59951fffff
1079,8810f42e01fffff
1080,8810f4b14bfffff
1081,8810f4dacdfffff
1082,88101b4dd9fffff
1083,8810f516adfffff
1084,8810f40a9bfffff
1085,88101a6895fffff
1086,8810f08ed3fffff
1087,8810f0c609fffff
1088,8810f68cc9fffff
1089,8810f4c0c3fffff
1090,8810f46725fffff
1091,8810f55b45fffff
1092,8810f0b305fffff
1093,8810f69349fffff
1094,8810f472c9fffff
1095,8810f0c42dfffff
1096,8810f0cd3dfffff
1097,8810f51b49fffff
1098,8810f6a5bbfffff
1099,8810f509d1fffff
1100,8810a96e01fffff
1101,8810f0d9c5fffff
1102,8810f0c4c5fffff
1103,8810f4734bfffff
1104,8810f4669dfffff
1105,8810f54707fffff
1106,8810f63a23fffff
1107,8810f55abbfffff
1108,8810a96565fffff
1109,8810f0519dfffff
1110,88101b443bfffff
1111,8810f0d20bfffff
1112,8810f66463fffff
1113,8810f48a51fffff
1114,8810f599d1fffff
1115,8810a92f19fffff
1116,8810f680adfffff
1117,8810f29259fffff
1118,88101a6d25fffff
1119,88101b7a87fffff
1120,8810f63535fffff
1121,8810f0d1e7fffff
1122,8810f422b9fffff
1123,8810f294d1fffff
1124,8810f0b95dfffff
1125,8810f0cc5dfffff
1126,8810f44937fffff
1127,8810f625d7fffff
1128,8810f4261bfffff
1129,8810f0486dfffff
1130,8810f49b35fffff
1131,88101b72e9fffff
1132,8810f688ddfffff
1133,8810f6c417fffff
1134,8810f59057fffff
1135,8810f626c7fffff
1136,8810f55a47fffff
1137,8810f47211fffff
1138,8810f4ae41fffff
1139,8810f58197fffff
1140,8810f63747fffff
1141,8810f54e3bfffff
1142,8810f6c711fffff
1143,88101b4d25fffff
1144,8810a974cbfffff
1145,8810f445b5fffff
1146,8810f44abbfffff
1147,8810f4ca5bfffff
1148,8810f0d86dfffff
1149,8810f6cc95fffff
1150,8810f55895fffff
1151,8810f4b13bfffff
1152,88101b6a13fffff
1153,8810f55055fffff
1154,8810f43663fffff
1155,8810f4476bfffff
1156,8810f61b57fffff
1157,8810f4a2edfffff
1158,88101b0dbbfffff
1159,8810f51a07fffff
1160,8810f29547fffff
1161,88101b4097fffff
1162,8810f4a4c5fffff
1163,8810f09b59fffff
1164,8810f29745fffff
1165,8810a97737fffff
1166,8810f4418dfffff
1167,8810a90cb5fffff
1168,8810f66581fffff
1169,8810f446b7fffff
1170,8810f58b57fffff
1171,88101b619dfffff
1172,8810f4268bfffff
1173,8810f6b549fffff
1174,8810f63949fffff
1175,8810f42d55fffff
1176,8810f54049fffff
1177,8810f019cbfffff
1178,8810f6a019fffff
1179,88101b29abfffff
1180,8810f4229bfffff
1181,8810f44837fffff
1182,8810f0c735fffff
1183,88101b0c0dfffff
1184,8810a976bbfffff
1185,8810f54637fffff
1186,8810f68c8dfffff
1187,8810f0843bfffff
1188,8810a928ddfffff
1189,8810f6b1e9fffff
1190,8810f60a05fffff
1191,8810f5d129fffff
1192,8810f551d9fffff
1193,8810f54267fffff
1194,8810f50b15fffff
1195,8810f550d5fffff
1196,8810f6a109fffff
1197,8810f500e1fffff
1198,8810f091d5fffff
1199,8810f08eb3fffff
1200,8810f58aa9fffff
1201,8810f40243fffff
1202,8810f6ae8dfffff
1203,88101b05abfffff
1204,8810f475a9fffff
1205,8810f471c7fffff
1206,8810f48c91fffff
1207,8810f68f09fffff
1208,8810f50a39fffff
1209,8810f51a31fffff
1210,8810f4a333fffff
1211,8810f6ace7fffff
1212,8810f08a45fffff
1213,8810f4371dfffff
1214,8810f43187fffff
1215,8810f51a55fffff
1216,8810f63283fffff
1217,8810f5da01fffff
1218,8810f688edfffff
1219,8810f6c245fffff
1220,8810f4c4adfffff
1221,8810f04a65fffff
1222,88101b2b69fffff
1223,8810a96493fffff
1224,8810f6b80dfffff
1225,8810f6614dfffff
1226,8810f4146dfffff
1227,8810f66c47fffff
1228,8810f0b299fffff
1229,8810f6c007fffff
1230,8810f405a5fffff
1231,8810f401a7fffff
1232,8810f42113fffff
1233,8810a92ac9fffff
1234,8810f4d011fffff
1235,8810f5105dfffff
1236,8810f59a29fffff
1237,8810f4030dfffff
1238,8810f61a0bfffff
1239,8810f2809bfffff
1240,8810f4529bfffff
1241,88101b44d9fffff
1242,8810f48539fffff
1243,8810f598a3fffff
1244,8810f58d07fffff
1245,8810f6cec9fffff
1246,8810f58ea3fffff
1247,8810f2929dfffff
1248,8810f434b5fffff
1249,8810f0023dfffff
1250,8810f01293fffff
1251,8810f09915fffff
1252,8810f5966dfffff
1253,8810f0cc9bfffff
1254,8810f4744dfffff
1255,8810f6b62bfffff
1256,8810f455c3fffff
1257,8810f0b2c3fffff
1258,88101a6c15fffff
1259,8810f0d51bfffff
1260,88101b7537fffff
1261,8810f4a2b5fffff
1262,8810f6a8cdfffff
1263,8810f5831dfffff
1264,8810f54235fffff
1265,8810f58ed7fffff
1266,8810f4a8d9fffff
1267,8810f6d5e1fffff
1268,8810a92561fffff
1269,8810f6b115fffff
1270,8810f6b59bfffff
1271,88101b4609fffff
1272,8810f5d987fffff
1273,88101b56b7fffff
1274,8810f42ce1fffff
1275,8810f5ca65fffff
1276,8810a92493fffff
1277,8810f43961fffff
1278,8810f01a5bfffff
1279,88101b6aa9fffff
1280,8810f6b081fffff
1281,8810f5bb61fffff
1282,8810f4cc4bfffff
1283,8810f6a085fffff
1284,8810f48c6bfffff
1285,8810f0d8a9fffff
1286,88101b7951fffff
1287,8810f49b45fffff
1288,8810f68405fffff
1289,8810f630c7fffff
1290,8810f08a21fffff
1291,8810f50ae7fffff
1292,8810f5cf69fffff
1293,8810f4423dfffff
1294,88101b2d21fffff
1295,8810f0d5c1fffff
1296,8810f0d323fffff
1297,8810f63753fffff
1298,8810f62d87fffff
1299,8810f68401fffff
1300,8810f28407fffff
1301,8810f6a4dbfffff
1302,8810f0b8a5fffff
1303,8810f40c29fffff
1304,8810f58a67fffff
1305,8810f4c693fffff
1306,8810f5db2bfffff
1307,8810aba735fffff
1308,88101a6ea7fffff
1309,8810f54809fffff
1310,8810f40689fffff
1311,88101b688dfffff
1312,88101b6dc5fffff
1313,88101b4765fffff
1314,8810f291c7fffff
1315,8810f5c1c1fffff
1316,8810f42991fffff
1317,8810f62505fffff
1318,8810f5574bfffff
1319,8810f55555fffff
1320,8810f599b1fffff
1321,88101b78b5fffff
1322,8810f09041fffff
1323,8810f441abfffff
1324,8810f281c1fffff
1325,8810f0d165fffff
1326,8810f0d419fffff
1327,8810a96f23fffff
1328,8810f418b1fffff
1329,8810f4aa6bfffff
1330,8810f4ca81fffff
1331,8810a93935fffff
1332,88101a6d63fffff
1333,8810f45b63fffff
1334,8810f62d65fffff
1335,8810f6361dfffff
1336,88101b6d5bfffff
1337,8810f5d817fffff
1338,8810f45431fffff
1339,8810f47815fffff
1340,8810f0bb5dfffff
1341,8810f0819bfffff
1342,8810a93b59fffff
1343,8810f05509fffff
1344,8810f6d369fffff
1345,8810f6d465fffff
1346,8810f01095fffff
1347,8810f4d26bfffff
1348,8810f46ec5fffff
1349,8810f6c21dfffff
1350,8810f4a043fffff
1351,8810f28615fffff
1352,8810f6c339fffff
1353,88101b71abfffff
1354,8810f541b3fffff
1355,8810f68e15fffff
1356,8810f40315fffff
1357,8810f6a4ebfffff
1358,8810f05ae5fffff
1359,8810a96657fffff
1360,8810f58ca3fffff
1361,8810a974edfffff
1362,8810f62cbbfffff
1363,8810f4d9a5fffff
1364,8810a92a23fffff
1365,8810f4d631fffff
1366,8810f058c7fffff
1367,8810f5564dfffff
1368,8810f0884dfffff
1369,8810f29083fffff
1370,8810f54045fffff
1371,8810a960c1fffff
1372,8810f440c7fffff
1373,88101b661bfffff
1374,8810f4a62dfffff
1375,8810f0482bfffff
1376,88101b0e43fffff
1377,8810f5d06dfffff
1378,88101b7259fffff
1379,8810f42303fffff
1380,88101b2dbdfffff
1381,8810f6ac53fffff
1382,8810f282b7fffff
1383,8810f41215fffff
1384,8810f664b1fffff
1385,8810f502abfffff
1386,8810f40b05fffff
1387,8810f43ac7fffff
1388,8810f55361fffff
1389,8810f69545fffff
1390,8810f0c907fffff
1391,88101b6555fffff
1392,8810f690b5fffff
1393,8810f59655fffff
1394,8810f476ebfffff
1395,8810f69b21fffff
1396,8810f59831fffff
1397,8810f6b933fffff
1398,8810f0993bfffff
1399,8810f59ae5fffff
1400,8810f695ddfffff
1401,8810f5cc8bfffff
1402,8810f6b58dfffff
1403,8810f63939fffff
1404,8810f43519fffff
1405,8810f675b5fffff
1406,8810f68191fffff
1407,8810f0c827fffff
1408,8810f6d005fffff
1409,8810f6b98dfffff
1410,8810a96839fffff
1411,8810f0d551fffff
1412,8810f6230bfffff
1413,88101b4c81fffff
1414,8810f46489fffff
1415,8810f47ad3fffff
1416,8810f0d6c1fffff
1417,8810f50323fffff
1418,8810f08ecdfffff
1419,8810f0cd51fffff
1420,8810f419cdfffff
1421,8810f6d297fffff
1422,8810f4a52dfffff
1423,8810f6811bfffff
1424,8810f40ed3fffff
1425,88101b6705fffff
1426,88101b45b1fffff
1427,8810f452bdfffff
1428,8810f5142dfffff
1429,8810a90cb3fffff
1430,8810f42143fffff
1431,8810f2915dfffff
1432,8810f4358bfffff
1433,88101b66abfffff
1434,8810f28119fffff
1435,8810f0942dfffff
1436,8810f0cb61fffff
1437,8810f4510dfffff
1438,8810f54e99fffff
1439,8810f4a149fffff
1440,8810f4774dfffff
1441,8810a92adbfffff
1442,8810f4bab7fffff
1443,8810f665d7fffff
1444,8810f46a2dfffff
1445,8810f4056dfffff
1446,8810f502a3fffff
1447,8810f4370dfffff
1448,88101b19d7fffff
1449,8810f0d1e3fffff
1450,8810f60cb5fffff
1451,8810f546a1fffff
1452,8810f40431fffff
1453,8810f45743fffff
1454,8810f0c937fffff
1455,8810f44b6dfffff
1456,8810f42ad1fffff
1457,88101b4d0bfffff
1458,8810f51a3bfffff
1459,8810f46c83fffff
1460,88101b6021fffff
1461,88101b00e3fffff
1462,88101a6d9bfffff
1463,8810f5ca57fffff
1464,8810f4d21bfffff
1465,8810f42539fffff
1466,8810f42ce5fffff
1467,8810f4ad2dfffff
1468,8810f4af43fffff
1469,8810f436c7fffff
1470,88101b742bfffff
1471,8810f6a5d3fffff
1472,8810f60dbbfffff
1473,8810a92dd3fffff
1474,8810f5990dfffff
1475,8810f46ea5fffff
1476,88101b3b21fffff
1477,8810f6d327fffff
1478,8810f29419fffff
1479,8810f29159fffff
1480,8810f5d053fffff
1481,8810f68d67fffff
1482,8810f54eadfffff
1483,8810f091a9fffff
1484,8810f299c9fffff
1485,8810f46dabfffff
1486,8810f5dae5fffff
1487,8810f0cc15fffff
1488,88101b65e5fffff
1489,88101b0a9bfffff
1490,8810f4a127fffff
1491,8810a9219bfffff
1492,8810f2996dfffff
1493,8810f63499fffff
1494,8810f00205fffff
1495,88101b7b15fffff
1496,8810f50245fffff
1497,8810f439a5fffff
1498,88101b7641fffff
1499,8810f01909fffff
1500,8810f41335fffff
1501,88101b49abfffff
1502,8810f47291fffff
1503,8810f40d99fffff
1504,8810f5c23bfffff
1505,8810f4d929fffff
1506,8810f4d203fffff
1507,88101b2d03fffff
1508,8810f44da5fffff
1509,8810f59059fffff
1510,8810a935c3fffff
1511,8810f09209fffff
1512,8810f28685fffff
1513,88101b70e5fffff
1514,8810f694d9fffff
1515,8810f405ebfffff
1516,8810f0cdd9fffff
1517,8810f08cadfffff
1518,8810f61141fffff
1519,8810f61207fffff
1520,8810f4c581fffff
1521,8810f29b55fffff
1522,8810a9661bfffff
1523,8810f42455fffff
1524,8810f0cc07fffff
1525,8810f4a859fffff
1526,8810f66a99fffff
1527,8810f62ea5fffff
1528,8810f5c745fffff
1529,8810f092b9fffff
1530,8810f0c027fffff
1531,8810f54a83fffff
1532,8810f6d5e7fffff
1533,8810f42d41fffff
1534,8810f405b5fffff
1535,8810f43443fffff
1536,8810f0972dfffff
1537,88101b6739fffff
1538,8810f0d307fffff
1539,8810f086adfffff
1540,8810f61aadfffff
1541,8810f55081fffff
1542,8810f44359fffff
1543,88101b41e5fffff
1544,8810f44627fffff
1545,8810f501edfffff
1546,88101b0c49fffff
1547,8810f6b281fffff
1548,88101b6961fffff
1549,8810f51035fffff
1550,8810f6a03bfffff
1551,8810f45311fffff
1552,8810f28a19fffff
1553,8810f61addfffff
1554,8810f68529fffff
1555,8810a97649fffff
1556,8810f09323fffff
1557,8810f40cc1fffff
1558,8810f51127fffff
1559,8810f58963fffff
1560,8810f6a023fffff
1561,8810f68aa7fffff
1562,88101b4d0dfffff
1563,8810f5ccabfffff
1564,8810a974e3fffff
1565,8810f5d6c3fffff
1566,8810a961a3fffff
1567,8810f664d7fffff
1568,8810a92841fffff
1569,8810a922e7fffff
1570,8810f63581fffff
1571,8810f40ee5fffff
1572,8810f45321fffff
1573,8810f624e3fffff
1574,8810a96233fffff
1575,8810f49989fffff
1576,8810f6c457fffff
1577,8810f426b3fffff
1578,8810f0d68dfffff
1579,88101b762bfffff
1580,8810f51425fffff
1581,8810f44339fffff
1582,8810f6129dfffff
1583,8810f558e7fffff
1584,8810a93abdfffff
1585,8810f44c17fffff
1586,8810f4a08bfffff
1587,88101b61b1fffff
1588,8810f40c33fffff
1589,8810f4252bfffff
1590,8810f6cf45fffff
1591,8810f471c5fffff
1592,88101b6c37fffff
1593,8810f4d8d9fffff
1594,8810f43a97fffff
1595,88101b0813fffff
1596,8810f280a9fffff
1597,8810f6da51fffff
1598,88101b674bfffff
1599,8810f4d597fffff
1600,8810a96835fffff
1601,8810f01711fffff
1602,8810f40cd1fffff
1603,8810f5bae7fffff
1604,8810f4c11bfffff
1605,8810f40351fffff
1606,8810f45191fffff
1607,8810f6810bfffff
1608,8810f68d6bfffff
1609,8810a97691fffff
1610,88101b08bdfffff
1611,8810f4a23bfffff
1612,88101b44a1fffff
1613,8810a92163fffff
1614,8810f60137fffff
1615,8810f5c511fffff
1616,8810f41a5bfffff
1617,8810f61883fffff
1618,8810f099b9fffff
1619,8810a974b9fffff
1620,8810f402cbfffff
1621,8810f47981fffff
1622,8810f638a9fffff
1623,8810f50a99fffff
1624,8810f66565fffff
1625,8810f67499fffff
1626,8810f29a01fffff
1627,8810f6aa51fffff
1628,8810f42823fffff
1629,8810f6c701fffff
1630,88101b4aa5fffff
1631,8810f08ca9fffff
1632,8810f4642dfffff
1633,8810f09353fffff
1634,88101b743dfffff
1635,8810f4a4e5fffff
1636,8810a90ce3fffff
1637,8810f47521fffff
1638,88101b4895fffff
1639,8810a93587fffff
1640,8810f6172dfffff
1641,8810f01595fffff
1642,8810f6a849fffff
1643,8810f5cc8dfffff
1644,8810a92037fffff
1645,8810f41903fffff
1646,8810f41451fffff
1647,8810a965a9fffff
1648,8810f51aa9fffff
1649,8810f0d889fffff
1650,8810f54533fffff
1651,8810f0cb5bfffff
1652,8810f0ba2dfffff
1653,8810f48d15fffff
1654,8810f6d051fffff
1655,8810f431abfffff
1656,8810a92595fffff
1657,88101b610bfffff
1658,8810f4b937fffff
1659,8810a96211fffff
1660,8810f5da43fffff
1661,8810f45847fffff
1662,8810f6b709fffff
1663,8810f589c1fffff
1664,8810f660b5fffff
1665,88101a65b1fffff
1666,8810f556cdfffff
1667,8810f69005fffff
1668,88101b05edfffff
1669,8810a962d9fffff
1670,8810f58d33fffff
1671,88101b752dfffff
1672,8810f40715fffff
1673,8810f01a0bfffff
1674,88101b755dfffff
1675,8810f0d31dfffff
1676,8810f0c545fffff
1677,8810f51839fffff
1678,8810f099ebfffff
1679,8810f69019fffff
1680,8810f589b1fffff
1681,8810f092a3fffff
1682,8810f4d9edfffff
1683,8810f54769fffff
1684,8810f5d23dfffff
1685,8810f4a985fffff
1686,8810f0c6edfffff
1687,8810f0810bfffff
1688,8810f4ab05fffff
1689,8810f4763dfffff
1690,8810f45865fffff
1691,8810f69509fffff
1692,88101b45d7fffff
1693,88101b6d4dfffff
1694,8810f0971dfffff
1695,8810f590d7fffff
1696,8810f0dad3fffff
1697,88101b4c2dfffff
1698,8810f449a3fffff
1699,8810f68063fffff
1700,8810f689bdfffff
1701,8810f469edfffff
1702,8810a9754dfffff
1703,8810f0c511fffff
1704,8810f54157fffff
1705,8810a92501fffff
1706,8810f54f3dfffff
1707,8810f46d3bfffff
1708,8810f4a29bfffff
1709,88101b2dc1fffff
1710,8810f420b5fffff
1711,8810f590e1fffff
1712,8810f6a2c9fffff
1713,8810f456d3fffff
1714,8810f5c6e1fffff
1715,88101b3905fffff
1716,8810f6b257fffff
1717,8810f0902dfffff
1718,8810a96889fffff
1719,8810f69595fffff
1720,8810f5db29fffff
1721,8810f6a081fffff
1722,8810f2848bfffff
1723,8810f40663fffff
1724,8810f04339fffff
1725,8810f0c233fffff
1726,8810f08481fffff
1727,8810f43549fffff
1728,8810a96091fffff
1729,8810f4ce11fffff
1730,8810f6c42dfffff
1731,8810f47855fffff
1732,8810a92941fffff
1733,8810f2b267fffff
1734,8810f49b65fffff
1735,8810f5d8cbfffff
1736,8810f58e67fffff
1737,8810f6d627fffff
1738,8810f6252bfffff
1739,8810f40c21fffff
1740,88101b66ebfffff
1741,8810f489cdfffff
1742,8810f0cf23fffff
1743,8810f40229fffff
1744,8810f5d6a9fffff
1745,8810f42499fffff
1746,8810a92d1dfffff
1747,8810f4af1dfffff
1748,8810f69a27fffff
1749,88101b6661fffff
1750,8810f01addfffff
1751,8810f6916dfffff
1752,8810f44d87fffff
1753,8810f5c455fffff
1754,88101b44c9fffff
1755,8810a92c65fffff
1756,8810f0db55fffff
1757,8810f4a307fffff
1758,8810a926e3fffff
1759,8810f6886dfffff
1760,8810f0c659fffff
1761,8810f4c2d3fffff
1762,88101b4aabfffff
1763,8810f55b69fffff
1764,8810f0c589fffff
1765,8810f0b01bfffff
1766,8810f66453fffff
1767,8810f43ac5fffff
1768,8810f50a31fffff
1769,8810f4736dfffff
1770,88101b3b69fffff
1771,8810f40335fffff
1772,8810f08c21fffff
1773,8810f55b4dfffff
1774,8810f6d0c5fffff
1775,8810f6c5d5fffff
1776,8810f6a1bdfffff
1777,8810f4318bfffff
1778,8810f40e69fffff
1779,8810f58b5dfffff
1780,8810f6c46dfffff
1781,8810a936d9fffff
1782,8810f08125fffff
1783,8810f290a3fffff
1784,8810f691b7fffff
1785,8810f08549fffff
1786,8810f0da65fffff
1787,8810f0d433fffff
1788,88101b60dbfffff
1789,8810f68ab3fffff
1790,8810f42d19fffff
1791,8810f05867fffff
1792,8810f428dbfffff
1793,8810f09a9bfffff
1794,8810f47805fffff
1795,8810f4ae0dfffff
1796,8810f48b07fffff
1797,8810f5c133fffff
1798,8810f544b3fffff
1799,88101b454dfffff
1800,8810f5c113fffff
1801,8810f66f01fffff
1802,8810f68e91fffff
1803,8810f051a3fffff
1804,8810f0d017fffff
1805,8810f47727fffff
1806,88101b7421fffff
1807,8810f48443fffff
1808,8810f589c3fffff
1809,88101b6b47fffff
1810,8810f5d103fffff
1811,8810f4bb27fffff
1812,8810f4b9e9fffff
1813,8810f61741fffff
1814,8810f46dc3fffff
1815,8810a96d53fffff
1816,8810f4348dfffff
1817,8810f464e3fffff
1818,8810f4a80bfffff
1819,8810f4180dfffff
1820,8810f61a2dfffff
1821,8810f00057fffff
1822,8810f4732bfffff
1823,8810f48f67fffff
1824,8810f6aeb3fffff
1825,8810f09b21fffff
1826,8810f5d125fffff
1827,8810f42317fffff
1828,8810f431d9fffff
1829,8810f6b497fffff
1830,8810f698d9fffff
1831,8810f059ebfffff
1832,8810f010dbfffff
1833,88101b74c9fffff
1834,8810f446c7fffff
1835,8810f6ab69fffff
1836,8810f08669fffff
1837,8810f6b967fffff
1838,8810f44f63fffff
1839,8810f44633fffff
1840,8810f0ba1dfffff
1841,8810f58c27fffff
1842,8810f01117fffff
1843,8810f6c22bfffff
1844,8810f014c3fffff
1845,8810f4aa1dfffff
1846,88101b0e8bfffff
1847,8810f46cc1fffff
1848,8810f09337fffff
1849,8810a974c5fffff
1850,8810f4d209fffff
1851,8810f6c5ddfffff
1852,8810f68623fffff
1853,8810f5d5b3fffff
1854,8810f4c88dfffff
1855,8810f43363fffff
1856,8810f489b9fffff
1857,8810f68c5dfffff
1858,8810f591e3fffff
1859,8810f6daebfffff
1860,8810f4534bfffff
1861,8810f4c84bfffff
1862,8810f6c15dfffff
1863,8810f088a3fffff
1864,8810f6b76dfffff
1865,8810f04a1bfffff
1866,8810f46193fffff
1867,8810f63547fffff
1868,8810f6ada7fffff
1869,8810f611d1fffff
1870,8810f0d621fffff
1871,8810f051a1fffff
1872,8810f6da41fffff
1873,8810f6c4d9fffff
1874,8810f51969fffff
1875,8810f5cd83fffff
1876,8810f5c485fffff
1877,8810f59903fffff
1878,88101b2d33fffff
1879,8810f6a59bfffff
1880,8810f43611fffff
1881,88101b6349fffff
1882,8810f5dab1fffff
1883,8810a92127fffff
1884,8810f019a9fffff
1885,8810f6d0ebfffff
1886,8810f29365fffff
1887,8810f4766dfffff
1888,8810f6c819fffff
1889,8810f62685fffff
1890,8810f01939fffff
1891,8810f5d611fffff
1892,8810f6a5d1fffff
1893,8810f540d9fffff
1894,88101b4dd7fffff
1895,8810f4145bfffff
1896,8810f095bbfffff
1897,8810f471d3fffff
1898,8810f42951fffff
1899,88101b60c3fffff
1900,8810f015adfffff
1901,8810f4b5c3fffff
1902,8810f4854bfffff
1903,8810f5970dfffff
1904,8810f46ee7fffff
1905,8810f6d139fffff
1906,8810a920dbfffff
1907,8810f589adfffff
1908,8810f0d629fffff
1909,8810f2b353fffff
1910,8810f55a63fffff
1911,88101b0c33fffff
1912,8810f40609fffff
1913,88101a6585fffff
1914,8810f588b5fffff
1915,8810f5d5d7fffff
1916,8810f0d865fffff
1917,8810f05235fffff
1918,8810f6826dfffff
1919,8810f69583fffff
1920,8810f0945dfffff
1921,8810f60365fffff
1922,88101b0f19fffff
1923,8810f48eb1fffff
1924,8810f6956bfffff
1925,8810f618d3fffff
1926,8810f0d4c1fffff
1927,8810f4531dfffff
1928,8810f46c81fffff
1929,8810f0c301fffff
1930,8810f48cb5fffff
1931,8810f590cbfffff
1932,8810f47123fffff
1933,8810a92717fffff
1934,8810f0895bfffff
1935,8810f44e15fffff
1936,8810f50819fffff
1937,8810f68f2bfffff
1938,8810f6c0b5fffff
1939,88101b45e3fffff
1940,8810f55adbfffff
1941,8810f6a30bfffff
1942,8810f6d023fffff
1943,8810f54739fffff
1944,88101b463dfffff
1945,8810f6d467fffff
1946,8810f4cdb9fffff
1947,8810f29135fffff
1948,8810f6a633fffff
1949,8810f01a97fffff
1950,8810f406cbfffff
1951,8810f6a101fffff
1952,8810f6a4b1fffff
1953,8810f44807fffff
1954,88101b6b67fffff
1955,8810f5083bfffff
1956,8810f519e5fffff
1957,8810f6b563fffff
1958,8810f41433fffff
1959,88101a6dddfffff
1960,8810f695c7fffff
1961,8810f60f5dfffff
1962,8810f44357fffff
1963,8810f4c425fffff
1964,8810f296b5fffff
1965,8810f42ee5fffff
1966,8810f09545fffff
1967,8810f49b03fffff
1968,8810f0d55dfffff
1969,8810f481c7fffff
1970,8810f55001fffff
1971,8810f6ba65fffff
1972,88101b6009fffff
1973,8810f46567fffff
1974,88101b0527fffff
1975,8810f40dadfffff
1976,8810f634e3fffff
1977,8810f4cac5fffff
1978,8810f0b281fffff
1979,8810f4d82dfffff
1980,8810f09957fffff
1981,8810f5d22dfffff
1982,8810f6cab5fffff
1983,88101b780bfffff
1984,8810f54b2dfffff
1985,8810f59363fffff
1986,8810f4d335fffff
1987,8810f5da89fffff
1988,8810f6921dfffff
1989,8810f0cedbfffff
1990,8810f40915fffff
1991,8810f45733fffff
1992,8810f4a091fffff
1993,8810f5993bfffff
1994,8810f5822bfffff
1995,8810f552d7fffff
1996,8810f6974bfffff
1997,8810f624ddfffff
1998,8810a9233dfffff
1999,8810f6c433fffff
2000,8810f40605fffff
2001,8810f508d5fffff
2002,8810f5d739fffff
2003,8810f42059fffff
2004,8810f43927fffff
2005,8810f04f33fffff
2006,8810f4c6a9fffff
2007,8810f6c405fffff
2008,8810f44cedfffff
2009,8810f0c629fffff
2010,8810f0c6cbfffff
2011,8810f6b15bfffff
2012,8810f4b839fffff
2013,8810f46d8bfffff
2014,8810f5ca31fffff
2015,8810f41a19fffff
2016,8810f68825fffff
2017,88101b705bfffff
2018,8810f086edfffff
2019,8810f5c4abfffff
2020,88101b4ea3fffff
2021,8810f5d999fffff
2022,88101b01e5fffff
2023,8810f42003fffff
2024,8810f54935fffff
2025,88101b6a51fffff
2026,8810f4b709fffff
2027,8810f63129fffff
2028,8810f04a01fffff
2029,8810f4a693fffff
2030,8810f59651fffff
2031,88101b4853fffff
2032,8810f0c559fffff
2033,8810f6af07fffff
2034,8810f62369fffff
2035,8810f080c5fffff
2036,8810f29463fffff
2037,8810f410d3fffff
2038,8810f545b3fffff
2039,8810f49a6dfffff
2040,8810f69591fffff
2041,8810f6d48dfffff
2042,8810f01249fffff
2043,8810a92c83fffff
2044,8810f0d2b7fffff
2045,8810f09513fffff
2046,8810f5b827fffff
2047,8810f5435dfffff
2048,8810f62d03fffff
2049,8810f68493fffff
2050,8810f6a553fffff
2051,88101b282bfffff
2052,8810f4ac8dfffff
2053,88101b3939fffff
2054,8810f5c011fffff
2055,88101b4dc7fffff
2056,8810f6110dfffff
2057,88101b4eb3fffff
2058,8810f4c5d5fffff
2059,8810f6ba17fffff
2060,8810f42591fffff
2061,8810f6d76dfffff
2062,8810f440b1fffff
2063,88101b0149fffff
2064,8810f552bdfffff
2065,8810f096c7fffff
2066,8810f555ddfffff
2067,8810f68707fffff
2068,8810f09989fffff
2069,8810f478edfffff
2070,8810f68a69fffff
2071,88101b7187fffff
2072,8810f6b421fffff
2073,8810f62513fffff
2074,88101b7517fffff
2075,8810f61625fffff
2076,8810f599d7fffff
2077,8810a966b7fffff
2078,8810f5983dfffff
2079,8810a92dbdfffff
2080,8810f484b9fffff
2081,8810f4aad9fffff
2082,8810f4aa8bfffff
2083,88101b6a85fffff
2084,8810a96257fffff
2085,8810f0b8e5fffff
2086,88101b6b37fffff
2087,8810f638ddfffff
2088,8810f45b29fffff
2089,8810f0db2dfffff
2090,8810f6b153fffff
2091,8810f44a9dfffff
2092,88101b6525fffff
2093,8810f661d9fffff
2094,8810f041c7fffff
2095,8810f621a3fffff
2096,8810f4ca47fffff
2097,8810a92f27fffff
2098,8810f66e61fffff
2099,8810f45a99fffff
2100,8810f0caabfffff
2101,8810f0b057fffff
2102,8810f4d167fffff
2103,8810f6af31fffff
2104,8810f6da67fffff
2105,8810f4c5ddfffff
2106,8810f43addfffff
2107,8810aba405fffff
2108,8810f4cd09fffff
2109,88101b19a9fffff
2110,8810f60db9fffff
2111,8810f4d0c7fffff
2112,8810f48c45fffff
2113,8810f66155fffff
2114,8810f62e9bfffff
2115,8810f62d91fffff
2116,8810f502e1fffff
2117,8810f47731fffff
2118,88101b0587fffff
2119,8810f5cf31fffff
2120,8810f62895fffff
2121,8810f51355fffff
2122,8810f5c117fffff
2123,8810f5155bfffff
2124,8810f6195bfffff
2125,8810f46f6bfffff
2126,8810f47b15fffff
2127,8810f54acbfffff
2128,8810f47601fffff
2129,8810a92ed7fffff
2130,8810f0da63fffff
2131,8810f0933dfffff
2132,8810f4b837fffff
2133,8810f4102dfffff
2134,8810f04d67fffff
2135,8810f43a17fffff
2136,88101b7b57fffff
2137,8810f5d1b9fffff
2138,8810f41421fffff
2139,8810f59a67fffff
2140,8810a92a07fffff
2141,8810f014c9fffff
2142,8810f4b991fffff
2143,8810f42ecbfffff
2144,8810f5d039fffff
2145,8810f08cc5fffff
2146,8810a96e6dfffff
2147,8810f0495dfffff
2148,8810a92483fffff
2149,8810f690a3fffff
2150,8810f60a6dfffff
2151,8810f6c1a1fffff
2152,8810f5bb69fffff
2153,8810f4b4e5fffff
2154,8810f58941fffff
2155,8810f46455fffff
2156,8810f69497fffff
2157,8810f5085dfffff
2158,8810f42403fffff
2159,8810f69a8bfffff
2160,8810f6ad19fffff
2161,8810f519b9fffff
2162,8810f0ca3bfffff
2163,8810f674bdfffff
2164,8810f43601fffff
2165,88101b6db9fffff
2166,8810f46123fffff
2167,88101a6ee9fffff
2168,8810a961cdfffff
2169,8810f0a20bfffff
2170,8810f5d4d1fffff
2171,8810f4594dfffff
2172,8810f421b1fffff
2173,8810f5d083fffff
2174,8810f43867fffff
2175,8810a96415fffff
2176,8810f61047fffff
2177,8810f5c887fffff
2178,88101b7357fffff
2179,8810f4b935fffff
2180,8810f01517fffff
2181,88101b61d5fffff
2182,8810aba703fffff
2183,8810f51115fffff
2184,8810f08cb1fffff
2185,8810f69833fffff
2186,8810f286e7fffff
2187,88101b46adfffff
2188,8810a9621bfffff
2189,8810a925e9fffff
2190,8810f4cb5bfffff
2191,8810f08eadfffff
2192,8810f4c231fffff
2193,8810f4a90dfffff
2194,8810f6952bfffff
2195,8810a93481fffff
2196,8810f40225fffff
2197,88101b2de7fffff
2198,8810f42217fffff
2199,8810a935a5fffff
2200,8810f69645fffff
2201,8810a92b31fffff
2202,8810f40197fffff
2203,8810f46d43fffff
2204,8810f0c5c3fffff
2205,8810f09333fffff
2206,8810f6baa3fffff
2207,8810f5d361fffff
2208,8810f40b5dfffff
2209,8810f558c3fffff
2210,8810f631a5fffff
2211,8810f29addfffff
2212,88101b79d7fffff
2213,8810f09a31fffff
2214,8810f015dbfffff
2215,8810a92cd3fffff
2216,8810f488abfffff
2217,8810f0493bfffff
2218,88101b4c93fffff
2219,8810f0c5d5fffff
2220,8810f48903fffff
2221,8810f28053fffff
2222,8810f0cd4dfffff
2223,8810f5d16bfffff
2224,88101b2c2dfffff
2225,8810f08dedfffff
2226,8810f4d647fffff
2227,8810f62323fffff
2228,8810f088a9fffff
2229,8810f44955fffff
2230,8810f016e7fffff
2231,8810f66a13fffff
2232,8810f40f21fffff
2233,8810f416e3fffff
2234,8810f081a5fffff
2235,88101b60a1fffff
2236,8810f40a8bfffff
2237,8810f0d0bdfffff
2238,8810a96585fffff
2239,8810f4ade9fffff
2240,8810f419b7fffff
2241,8810f6d29dfffff
2242,8810f44609fffff
2243,8810f58e25fffff
2244,88101b6681fffff
2245,8810f6bab7fffff
2246,8810f42629fffff
2247,8810f0ca41fffff
2248,8810f4656bfffff
2249,8810f016d5fffff
2250,8810f6b2e3fffff
2251,8810f4b5cdfffff
2252,8810f51a09fffff
2253,8810a935adfffff
2254,8810f08a3bfffff
2255,8810f5ced7fffff
2256,8810f50105fffff
2257,8810f412a7fffff
2258,88101a6c6bfffff
2259,8810f08d53fffff
2260,8810f5c4e7fffff
2261,8810f459dbfffff
2262,8810f4ba81fffff
2263,8810f6893dfffff
2264,8810f05359fffff
2265,8810f6b305fffff
2266,8810f0c8edfffff
2267,8810f40733fffff
2268,8810f40255fffff
2269,8810f6bb35fffff
2270,8810f05089fffff
2271,8810f5511dfffff
2272,8810f50869fffff
2273,8810f6a325fffff
2274,8810f6a5e5fffff
2275,8810f058d9fffff
2276,8810f4a0d1fffff
2277,8810f298d1fffff
2278,8810f549abfffff
2279,8810f428b3fffff
2280,8810aba4a3fffff
2281,8810f2b34bfffff
2282,8810f08a55fffff
2283,8810aba419fffff
2284,8810f6b4d9fffff
2285,8810f431dbfffff
2286,8810f585b3fffff
2287,8810f54181fffff
2288,8810f42a39fffff
2289,8810a92307fffff
2290,8810f61991fffff
2291,8810f4b703fffff
2292,8810f4d225fffff
2293,8810f540a7fffff
2294,8810f40839fffff
2295,8810f28351fffff
2296,8810f63a4dfffff
2297,8810f41265fffff
2298,8810f546edfffff
2299,8810f4593bfffff
2300,88101a650dfffff
2301,8810f40e11fffff
2302,8810f29103fffff
2303,8810f0d6ebfffff
2304,88101b2d05fffff
2305,8810f4b2e7fffff
2306,88101b6d29fffff
2307,8810f4c453fffff
2308,8810f40013fffff
2309,8810f6a657fffff
2310,8810f61b65fffff
2311,8810f47917fffff
2312,8810f691c9fffff
2313,8810a92f01fffff
2314,8810f54c6dfffff
2315,8810f0ce41fffff
2316,8810f68e87fffff
2317,8810f4a33dfffff
2318,8810f4c1c5fffff
2319,8810f0833bfffff
2320,8810a96f0bfffff
2321,8810f29ac9fffff
2322,8810f68a15fffff
2323,8810f54c05fffff
2324,8810f0c9d1fffff
2325,8810f089dbfffff
2326,8810f0c593fffff
2327,8810f5cd85fffff
2328,8810a936a5fffff
2329,8810f551b7fffff
2330,8810f46059fffff
2331,8810f68f35fffff
2332,8810a926ebfffff
2333,8810f08d6bfffff
2334,8810f0599dfffff
2335,8810f6b68bfffff
2336,8810f41811fffff
2337,8810f4ae5bfffff
2338,8810f45059fffff
2339,8810f42ca5fffff
2340,8810f4263bfffff
2341,88101b6469fffff
2342,8810f08c2bfffff
2343,8810f59a35fffff
2344,8810f4468bfffff
2345,8810f0b245fffff
2346,8810f294a9fffff
2347,8810f29061fffff
2348,8810f6b5e9fffff
2349,8810f28667fffff
2350,8810f692b9fffff
2351,8810f488a5fffff
2352,8810f6a503fffff
2353,88101b4291fffff
2354,8810f48d67fffff
2355,8810f00017fffff
2356,8810f40b03fffff
2357,8810f4430bfffff
2358,8810f0dab7fffff
2359,8810f62b61fffff
2360,8810f6af3bfffff
2361,8810f0c199fffff
2362,8810f5500bfffff
2363,8810f6b8d7fffff
2364,8810f08c69fffff
2365,8810a92a05fffff
2366,88101b70abfffff
2367,8810a97751fffff
2368,8810f5170dfffff
2369,8810a96c99fffff
2370,8810a97611fffff
2371,8810f4858bfffff
2372,8810f45037fffff
2373,8810f61147fffff
2374,8810f6c8d5fffff
2375,8810a96611fffff
2376,8810f01511fffff
2377,8810f68331fffff
2378,8810f42c23fffff
2379,8810f4a959fffff
2380,8810f419c5fffff
2381,8810f4a8d1fffff
2382,8810f5c541fffff
2383,8810a92435fffff
2384,8810f55927fffff
2385,8810f605d3fffff
2386,8810f431a5fffff
2387,8810f6a983fffff
2388,8810f5d42dfffff
2389,88101b669bfffff
2390,8810f58189fffff
2391,8810f6d419fffff
2392,8810f68711fffff
2393,8810f0ba0dfffff
2394,8810f5c43bfffff
2395,8810f5dadbfffff
2396,8810f4c31bfffff
2397,88101b6cb3fffff
2398,8810f40d8dfffff
2399,8810f44dc9fffff
2400,8810f5080dfffff
2401,8810f5d58dfffff
2402,8810f0d5e3fffff
2403,8810f4bb2dfffff
2404,8810f41229fffff
2405,8810f46a2bfffff
2406,88101b290bfffff
2407,8810f6262bfffff
2408,88101b72d9fffff
2409,8810f591d7fffff
2410,88101b0d19fffff
2411,8810f585a3fffff
2412,8810f45841fffff
2413,8810a92ae3fffff
2414,88101b0181fffff
2415,8810f58b1dfffff
2416,8810f59333fffff
2417,8810f0ce19fffff
2418,8810f4c2d5fffff
2419,8810f4542bfffff
2420,8810f6c513fffff
2421,8810f69725fffff
2422,8810f40a45fffff
2423,8810f084b9fffff
2424,8810f40a69fffff
2425,8810f42411fffff
2426,8810f58e07fffff
2427,8810f4d923fffff
2428,8810f6af51fffff
2429,8810f6a965fffff
2430,8810f0d73bfffff
2431,8810f00357fffff
2432,8810f0120dfffff
2433,8810f69903fffff
2434,8810f4709bfffff
2435,8810f631cbfffff
2436,8810f0c325fffff
2437,8810f0c0a7fffff
2438,88101b2b39fffff
2439,8810f5ca2bfffff
2440,8810f44259fffff
2441,8810f5c333fffff
2442,8810f476d9fffff
2443,8810f6b81dfffff
2444,88101a6e97fffff
2445,8810f4a6adfffff
2446,88101b2b37fffff
2447,88101a6f0dfffff
2448,8810f6649bfffff
2449,8810f096bbfffff
2450,8810f5d62dfffff
2451,8810f5543dfffff
2452,8810f09a49fffff
2453,8810f4632bfffff
2454,88101b7933fffff
2455,88101b7a83fffff
2456,8810f69b25fffff
2457,88101b293dfffff
2458,8810f418e5fffff
2459,8810f6a24bfffff
2460,8810f48c11fffff
2461,8810f4a1ddfffff
2462,8810f6b2c1fffff
2463,8810f43a6dfffff
2464,8810f095c1fffff
2465,88101b6031fffff
2466,8810f485d7fffff
2467,8810f50f61fffff
2468,8810f516e1fffff
2469,8810f0582bfffff
2470,8810f41217fffff
2471,8810f685d3fffff
2472,8810f43705fffff
2473,8810f4194bfffff
2474,8810f08dd9fffff
2475,8810f68d97fffff
2476,8810f09a0dfffff
2477,8810f502a9fffff
2478,8810f69a2bfffff
2479,8810f08a63fffff
2480,8810f2b145fffff
2481,8810f4d853fffff
2482,8810f5166bfffff
2483,8810f47703fffff
2484,8810f2946dfffff
2485,88101b65e3fffff
2486,8810f4b62bfffff
2487,8810f0ce39fffff
2488,8810f4a9d7fffff
2489,8810f6baddfffff
2490,8810f550b9fffff
2491,8810f0b133fffff
2492,8810f41687fffff
2493,8810f62c0bfffff
2494,8810f44413fffff
2495,8810f4d511fffff
2496,8810f4c129fffff
2497,8810f439c5fffff
2498,8810f6aea5fffff
2499,8810f5d823fffff
2500,88101a6eb9fffff
2501,8810f0b86bfffff
2502,8810f05a31fffff
2503,8810f418adfffff
2504,8810f50b63fffff
2505,8810f08b05fffff
2506,8810f01287fffff
2507,8810f68f25fffff
2508,8810f28225fffff
2509,8810f42e19fffff
2510,88101b730bfffff
2511,8810f69857fffff
2512,8810f0db2bfffff
2513,88101b6c5dfffff
2514,88101b0e87fffff
2515,8810f66f69fffff
2516,8810f0c4a7fffff
2517,88101b611bfffff
2518,8810f47909fffff
2519,8810f08813fffff
2520,8810f0c111fffff
2521,8810f60d91fffff
2522,8810f50b19fffff
2523,88101b6867fffff
2524,8810f62d89fffff
2525,8810f48ee7fffff
2526,8810f612e7fffff
2527,8810f6a703fffff
2528,8810f6aec9fffff
2529,8810f62563fffff
2530,88101b0937fffff
2531,8810f0913bfffff
2532,8810f2985bfffff
2533,8810a92929fffff
2534,8810f5473dfffff
2535,8810f6a0b5fffff
2536,8810f50a97fffff
2537,8810f041d5fffff
2538,8810f60d93fffff
2539,8810f47563fffff
2540,8810f6d76bfffff
2541,8810f0bb25fffff
2542,88101b01b3fffff
2543,8810f48c61fffff
2544,8810f61601fffff
2545,8810f00351fffff
2546,8810f42a45fffff
2547,8810a93ac9fffff
2548,8810f61547fffff
2549,8810f401dbfffff
2550,8810f09095fffff
2551,8810f486ebfffff
2552,8810f45145fffff
2553,8810f084abfffff
2554,88101b39c5fffff
2555,8810f48e29fffff
2556,8810f01457fffff
2557,8810f464adfffff
2558,8810f50949fffff
2559,8810f4d1c3fffff
2560,88101b081dfffff
2561,8810f62155fffff
2562,88101b693bfffff
2563,8810f6c283fffff
2564,8810f55987fffff
2565,8810f2965dfffff
2566,8810f4cde1fffff
2567,88101b46b5fffff
2568,8810aba631fffff
2569,8810f4cca5fffff
2570,8810f6d523fffff
2571,8810f0c705fffff
2572,8810f4d1ddfffff
2573,8810f59b37fffff
2574,8810a92655fffff
2575,8810f51867fffff
2576,8810f09a33fffff
2577,8810f5bacbfffff
2578,8810a9670dfffff
2579,8810f55037fffff
2580,8810f58e2dfffff
2581,8810f5843dfffff
2582,8810f08d5bfffff
2583,8810f55b21fffff
2584,8810f0198dfffff
2585,8810f49941fffff
2586,8810f55363fffff
2587,8810f0416bfffff
2588,8810f6381dfffff
2589,8810f51359fffff
2590,8810f5d605fffff
2591,8810f60cd5fffff
2592,88101b783dfffff
2593,8810f41081fffff
2594,8810a964a1fffff
2595,8810f4c551fffff
2596,8810f5c911fffff
2597,8810f55137fffff
2598,8810f29941fffff
2599,8810f6318dfffff
2600,8810f0c209fffff
2601,8810f42523fffff
2602,8810a96e59fffff
2603,8810f40841fffff
2604,8810f54f4dfffff
2605,8810f0592bfffff
2606,8810f6a6e3fffff
2607,8810f54545fffff
2608,8810f0da07fffff
2609,8810f451e9fffff
2610,8810f4b2d7fffff
2611,8810f295e9fffff
2612,8810f01037fffff
2613,8810f5c5a3fffff
2614,8810f298e9fffff
2615,8810f6843dfffff
2616,8810f081edfffff
2617,8810f4adb1fffff
2618,88101b60a7fffff
2619,8810f4d10dfffff
2620,88101b4401fffff
2621,88101b74edfffff
2622,8810f5d9bbfffff
2623,8810f60a9bfffff
2624,88101b6849fffff
2625,88101b4cb7fffff
2626,8810a929a1fffff
2627,8810f610dbfffff
2628,8810f4a047fffff
2629,8810f639e1fffff
2630,8810f63729fffff
2631,8810f5c6c5fffff
2632,8810f444abfffff
2633,8810f68155fffff
2634,8810f44653fffff
2635,8810f59011fffff
2636,88101b544bfffff
2637,8810f472e3fffff
2638,8810f0d049fffff
2639,8810f4a441fffff
2640,8810f695e5fffff
2641,8810f62603fffff
2642,8810f54059fffff
2643,8810f0b331fffff
2644,88101b7741fffff
2645,8810f5c009fffff
2646,8810a9270bfffff
2647,8810f4c1b5fffff
2648,8810f2976dfffff
2649,8810f46723fffff
2650,8810f559c5fffff
2651,8810f4b4b3fffff
2652,88101b61a1fffff
2653,8810f6d189fffff
2654,8810f61035fffff
2655,8810f44f3bfffff
2656,8810f5d857fffff
2657,8810f6c667fffff
2658,8810f47959fffff
2659,8810a961bbfffff
2660,8810a92f5bfffff
2661,8810f01017fffff
2662,8810f09713fffff
2663,8810f6806bfffff
2664,8810f019edfffff
2665,8810f68311fffff
2666,8810f4b547fffff
2667,8810f46551fffff
2668,8810f29457fffff
2669,88101b72d5fffff
2670,8810f282a1fffff
2671,8810f4a343fffff
2672,8810f68927fffff
2673,88101b6b49fffff
2674,8810f0d633fffff
2675,8810f400a9fffff
2676,8810f44655fffff
2677,8810f5bb15fffff
2678,8810f00231fffff
2679,8810f0cad5fffff
2680,8810f29ab9fffff
2681,8810a92c85fffff
2682,8810f4d4ebfffff
2683,8810f08139fffff
2684,8810f69b19fffff
2685,8810f4ce53fffff
2686,8810f46497fffff
2687,88101a6ca9fffff
2688,8810a96f65fffff
2689,8810f48e43fffff
2690,88101b54ebfffff
2691,8810f509e9fffff
2692,8810f58295fffff
2693,88101b084dfffff
2694,88101b4095fffff
2695,8810a96595fffff
2696,8810f46a53fffff
2697,8810f5962dfffff
2698,8810f434abfffff
2699,8810f60a03fffff
2700,88101b0cabfffff
2701,8810a964c1fffff
2702,8810f6b061fffff
2703,8810f446ddfffff
2704,8810f4b939fffff
2705,8810f50f01fffff
2706,8810f450e5fffff
2707,8810f4b557fffff
2708,8810f45685fffff
2709,8810f439c3fffff
2710,8810f4d5adfffff
2711,8810f42401fffff
2712,8810f51aa7fffff
2713,8810f6d1e7fffff
2714,8810f442dbfffff
2715,8810f5589bfffff
2716,8810a96c4dfffff
2717,8810f4441dfffff
2718,8810f6b369fffff
2719,8810f639e9fffff
2720,8810f55a59fffff
2721,8810f63005fffff
2722,8810f5c09dfffff
2723,8810f4b231fffff
2724,8810f5d42bfffff
2725,8810f45a65fffff
2726,8810f6ca87fffff
2727,8810f28497fffff
2728,8810f462d1fffff
2729,8810f54217fffff
2730,8810f58207fffff
2731,8810f43993fffff
2732,8810f54251fffff
2733,8810f51293fffff
2734,8810f010e5fffff
2735,8810f28a11fffff
2736,8810f0d893fffff
2737,8810a961c3fffff
2738,88101b45c1fffff
2739,8810a92e05fffff
2740,8810f450b5fffff
2741,8810f45207fffff
2742,88101b0dd9fffff
2743,8810f5da57fffff
2744,8810f09165fffff
2745,8810f4b6b1fffff
2746,8810f4a5d7fffff
2747,8810f5915bfffff
2748,8810f68cd5fffff
2749,8810f46cb1fffff
2750,8810f019cdfffff
2751,8810f08027fffff
2752,8810f6a5a5fffff
2753,88101b01edfffff
2754,8810f63b25fffff
2755,8810f69137fffff
2756,88101b54ddfffff
2757,8810f67583fffff
2758,8810f4ad8dfffff
2759,8810f5b843fffff
2760,8810f0b801fffff
2761,8810f61023fffff
2762,8810f4c9a1fffff
2763,8810f4121bfffff
2764,8810f62d4bfffff
2765,8810f5735dfffff
2766,8810f4ca53fffff
2767,8810f51627fffff
2768,8810f559a9fffff
2769,8810f5b9c7fffff
2770,8810f6889bfffff
2771,8810f63837fffff
2772,8810a939e1fffff
2773,8810f5db47fffff
2774,8810f4555dfffff
2775,8810f69037fffff
2776,8810f4b305fffff
2777,8810f6a509fffff
2778,8810f4729bfffff
2779,88101a6c21fffff
2780,8810f29ab7fffff
2781,8810f665cbfffff
2782,8810f40023fffff
2783,8810f434c3fffff
2784,8810f62c2bfffff
2785,8810f51b65fffff
2786,8810f0d8a1fffff
2787,8810f5d0b9fffff
2788,8810f660b7fffff
2789,8810f411a5fffff
2790,8810f438c7fffff
2791,8810f0b001fffff
2792,8810f5d5b1fffff
2793,8810f58eb9fffff
2794,88101b7891fffff
2795,8810f0b991fffff
2796,8810f51635fffff
2797,8810f551a7fffff
2798,88101b7939fffff
2799,8810f08281fffff
2800,88101b75e5fffff
2801,8810f000dbfffff
2802,8810f68281fffff
2803,8810f54f0dfffff
2804,88101b64b3fffff
2805,88101b746bfffff
2806,8810f6aa83fffff
2807,8810f61819fffff
2808,8810f454a9fffff
2809,8810f280c3fffff
2810,8810f098a7fffff
2811,8810f604b7fffff
2812,88101b0999fffff
2813,8810f43aa3fffff
2814,8810f6b809fffff
2815,8810f66ebbfffff
2816,8810f5c063fffff
2817,8810f4c0a5fffff
2818,8810f6b815fffff
2819,8810f4cd0bfffff
2820,8810f0c90bfffff
2821,8810f4181dfffff
2822,8810f436c9fffff
2823,8810f599e7fffff
2824,8810f45a6bfffff
2825,8810f4ac35fffff
2826,8810f0d685fffff
2827,8810f6a41dfffff
2828,88101b79a1fffff
2829,8810f6b117fffff
2830,8810f44c15fffff
2831,8810f45111fffff
2832,8810f01ac3fffff
2833,8810f6a0abfffff
2834,8810f08d83fffff
2835,8810a96633fffff
2836,8810f5811dfffff
2837,8810f40b0dfffff
2838,8810f4b1a9fffff
2839,8810f6a4a9fffff
2840,8810f510abfffff
2841,8810f421a7fffff
2842,8810f68641fffff
2843,8810f50863fffff
2844,8810f6258bfffff
2845,8810f47725fffff
2846,8810f5d765fffff
2847,8810f47401fffff
2848,8810f6914dfffff
2849,8810f6996dfffff
2850,8810f6618dfffff
2851,8810f4b1d7fffff
2852,8810f59745fffff
2853,8810f498e7fffff
2854,8810f0975bfffff
2855,8810f05b23fffff
2856,8810f5b123fffff
2857,88101b772dfffff
2858,8810f685a7fffff
2859,8810f0d16dfffff
2860,8810f6cc91fffff
2861,8810f28721fffff
2862,8810f55aebfffff
2863,8810f0b1cbfffff
2864,8810f48897fffff
2865,8810f4da1dfffff
2866,8810f681c7fffff
2867,8810f542edfffff
2868,8810f69751fffff
2869,8810f5cacbfffff
2870,8810f46127fffff
2871,88101b4e47fffff
2872,8810f4c5e1fffff
2873,8810f6a0adfffff
2874,8810f549cbfffff
2875,8810f61a41fffff
2876,8810f4236dfffff
2877,8810f6a61bfffff
2878,8810f6ac81fffff
2879,8810f47b65fffff
2880,8810f011a9fffff
2881,8810f08639fffff
2882,8810f4505bfffff
2883,8810f6b151fffff
2884,8810f59211fffff
2885,8810f4b11bfffff
2886,8810f69551fffff
2887,8810f4a107fffff
2888,8810f6aa59fffff
2889,88101b6d11fffff
2890,8810f401d3fffff
2891,8810f44b5dfffff
2892,8810f01031fffff
2893,8810f510d3fffff
2894,8810f4ad85fffff
2895,8810f58cadfffff
2896,8810f4d1e1fffff
2897,8810f61637fffff
2898,8810a961a5fffff
2899,8810f015b9fffff
2900,8810f48825fffff
2901,8810f69413fffff
2902,8810f48cc1fffff
2903,8810f09063fffff
2904,8810f29b0dfffff
2905,8810f68b11fffff
2906,8810f08c95fffff
2907,8810f59b5bfffff
2908,8810f4c931fffff
2909,8810f54543fffff
2910,8810f6daadfffff
2911,8810f29421fffff
2912,88101a652dfffff
2913,8810f45941fffff
2914,8810f43541fffff
2915,8810f0b34dfffff
2916,8810f6d043fffff
2917,8810f510bdfffff
2918,88101b08e3fffff
2919,88101b444dfffff
2920,8810f601abfffff
2921,8810f6b191fffff
2922,8810f424b7fffff
2923,8810f4ab49fffff
2924,8810f60a49fffff
2925,8810f42e6dfffff
2926,8810f54127fffff
2927,8810f6d0e5fffff
2928,88101b0cbbfffff
2929,8810f421e3fffff
2930,8810f0b9e3fffff
2931,8810f46cc5fffff
2932,8810f41813fffff
2933,8810f0808bfffff
2934,8810f58a39fffff
2935,88101b00e1fffff
2936,8810f484a7fffff
2937,88101b0533fffff
2938,8810f000cbfffff
2939,8810f0d525fffff
2940,8810f54087fffff
2941,8810f4671bfffff
2942,8810f6ae6bfffff
2943,8810a96ec7fffff
2944,8810f664bdfffff
2945,8810a92aa3fffff
2946,8810f6b56dfffff
2947,8810f44ebbfffff
2948,8810f5d15dfffff
2949,8810f6da49fffff
2950,8810f0b257fffff
2951,8810f41139fffff
2952,8810f298b9fffff
2953,8810f43817fffff
2954,8810f284d7fffff
2955,8810f425c9fffff
2956,8810a975bdfffff
2957,8810f0b10bfffff
2958,88101b6093fffff
2959,8810f0c44dfffff
2960,8810f68199fffff
2961,8810f6adc9fffff
2962,8810f48511fffff
2963,8810a96d55fffff
2964,8810f5c567fffff
2965,8810f6d633fffff
2966,8810f04319fffff
2967,8810f416a5fffff
2968,88101b0ca9fffff
2969,8810f4b6dbfffff
2970,8810f4cd3bfffff
2971,8810f420c5fffff
2972,8810f0c093fffff
2973,8810f540edfffff
2974,8810f28437fffff
2975,8810f4af0bfffff
2976,8810f6b5b9fffff
2977,8810f69a53fffff
2978,8810f54b41fffff
2979,8810a93b15fffff
2980,8810f54503fffff
2981,8810f081e5fffff
2982,8810f48ca7fffff
2983,8810f284bdfffff
2984,8810f4cae3fffff
2985,8810f55683fffff
2986,8810f6d019fffff
2987,8810f54967fffff
2988,8810f4c719fffff
2989,88101b29e1fffff
2990,8810f584bdfffff
2991,8810f61861fffff
2992,8810f0944dfffff
2993,8810f400e3fffff
2994,8810f5d741fffff
2995,8810f4acb5fffff
2996,8810f4002bfffff
2997,8810f44421fffff
2998,8810f0480dfffff
2999,8810a93967fffff
3000,8810f4ce57fffff
3001,88101b0161fffff
3002,88101b712dfffff
3003,8810a929abfffff
3004,8810a96167fffff
3005,8810f43901fffff
3006,88101b4645fffff
3007,8810f4a081fffff
3008,8810f4cc1bfffff
3009,8810a92e09fffff
3010,8810f0aa41fffff
3011,8810f431adfffff
3012,8810f5c9a9fffff
3013,8810f6da1dfffff
3014,8810f620d9fffff
3015,8810f621d7fffff
3016,8810f0435bfffff
3017,8810f05069fffff
3018,8810f4666bfffff
3019,88101b7013fffff
3020,8810f0c6b9fffff
3021,8810f62e05fffff
3022,8810f4c081fffff
3023,8810f4173bfffff
3024,8810f08d85fffff
3025,8810f6a043fffff
3026,88101b75e1fffff
3027,8810f484a3fffff
3028,8810a92707fffff
3029,8810f6ba1bfffff
3030,8810f01b05fffff
3031,8810f4b847fffff
3032,8810f431a3fffff
3033,8810f6d6b9fffff
3034,8810f54abbfffff
3035,8810a9754bfffff
3036,8810f6c2b1fffff
3037,8810f681d9fffff
3038,8810f6b087fffff
3039,8810f69323fffff
3040,8810f46a17fffff
3041,8810f4a199fffff
3042,8810f4b091fffff
3043,8810f5c8d7fffff
3044,8810f5565bfffff
3045,8810f448d5fffff
3046,8810f6871dfffff
3047,8810f5d241fffff
3048,8810f4c9e9fffff
3049,8810f66a9bfffff
3050,8810f04a43fffff
3051,8810f58463fffff
3052,8810f635cbfffff
3053,8810f6d355fffff
3054,88101b74a7fffff
3055,8810f442d7fffff
3056,8810f08609fffff
3057,8810f599b3fffff
3058,8810f476e7fffff
3059,8810f6960dfffff
3060,8810f0d33bfffff
3061,8810f6c159fffff
3062,8810f4570bfffff
3063,8810f0d019fffff
3064,8810f5c8b9fffff
3065,8810f0ba09fffff
3066,8810f6cf43fffff
3067,8810f419a1fffff
3068,8810f426a3fffff
3069,8810f4cf43fffff
3070,8810f4789bfffff
3071,8810f588b7fffff
3072,8810f00201fffff
3073,8810f0cd01fffff
3074,8810a97569fffff
3075,8810f6931bfffff
3076,8810f62615fffff
3077,8810f4dad9fffff
3078,8810f09a91fffff
3079,88101b00e5fffff
3080,88101b6d2dfffff
3081,8810f5421dfffff
3082,8810f690adfffff
3083,8810f689e1fffff
3084,8810f084c1fffff
3085,88101b01b1fffff
3086,88101b61d7fffff
3087,8810f4caa1fffff
3088,8810f4ce59fffff
3089,8810f08167fffff
3090,8810f01849fffff
3091,8810f51021fffff
3092,88101b4d45fffff
3093,8810f43123fffff
3094,8810f46ad1fffff
3095,8810f452edfffff
3096,8810f0c653fffff
3097,8810a925cbfffff
3098,8810f58f5bfffff
3099,8810f475e7fffff
3100,8810f55253fffff
3101,8810f42f09fffff
3102,8810f6c741fffff
3103,8810f0414dfffff
3104,8810f0b05dfffff
3105,8810f0b127fffff
3106,8810f04823fffff
3107,8810f6d4cbfffff
3108,8810f46aa9fffff
3109,8810f041e3fffff
3110,8810f01b5dfffff
3111,8810f6d5a1fffff
3112,8810f68f13fffff
3113,88101b4f27fffff
3114,8810f58853fffff
3115,8810f4d035fffff
3116,8810f43495fffff
3117,8810f42d5dfffff
3118,8810f635a3fffff
3119,8810f5d093fffff
3120,8810f462d5fffff
3121,8810f46d4bfffff
3122,8810f0c411fffff
3123,8810f46117fffff
3124,8810f42515fffff
3125,8810f446b3fffff
3126,8810f28a13fffff
3127,8810f4a481fffff
3128,8810f501d9fffff
3129,8810f0958dfffff
3130,8810f688cbfffff
3131,8810f0cc49fffff
3132,8810f5daddfffff
3133,8810f48d61fffff
3134,8810f05917fffff
3135,8810f5424bfffff
3136,8810f44e33fffff
3137,8810a974e1fffff
3138,8810f69837fffff
3139,8810f42737fffff
3140,8810f40025fffff
3141,8810f09759fffff
3142,8810f68483fffff
3143,8810a92a31fffff
3144,8810f69427fffff
3145,8810a935e1fffff
3146,88101b6099fffff
3147,8810f41691fffff
3148,8810f0ca03fffff
3149,8810f08e41fffff
3150,8810f62db3fffff
3151,8810f40227fffff
3152,8810aba46dfffff
3153,8810a92283fffff
3154,8810f67403fffff
3155,8810f604d5fffff
3156,8810f0b349fffff
3157,8810f59291fffff
3158,8810f0c51bfffff
3159,8810f425b1fffff
3160,8810f695adfffff
3161,8810f4ca19fffff
3162,8810f48eabfffff
3163,8810f5828dfffff
3164,8810f5533bfffff
3165,8810f0cde9fffff
3166,8810f096e7fffff
3167,8810f40401fffff
3168,8810f57327fffff
3169,88101b0b57fffff
3170,8810f0ba19fffff
3171,8810a928a1fffff
3172,8810f479a1fffff
3173,8810f5cdc7fffff
3174,8810f55915fffff
3175,8810f46da3fffff
3176,88101a6f2bfffff
3177,8810f405abfffff
3178,8810f66c13fffff
3179,8810f410d7fffff
3180,8810f4bb51fffff
3181,8810f5461dfffff
3182,8810f54f27fffff
3183,8810f69a25fffff
3184,88101b2d01fffff
3185,8810f69601fffff
3186,88101b6149fffff
3187,8810f0c2d7fffff
3188,88101b76cdfffff
3189,8810f416dbfffff
3190,8810f5408dfffff
3191,8810f4c0e9fffff
3192,8810f621c1fffff
3193,8810f6a921fffff
3194,8810a929d1fffff
3195,8810f66527fffff
3196,8810f46051fffff
3197,8810f60865fffff
3198,8810f62f6dfffff
3199,8810f4708bfffff
3200,8810a964e9fffff
3201,8810f0d649fffff
3202,8810f09483fffff
3203,8810f284d1fffff
3204,8810f541a5fffff
3205,8810f50967fffff
3206,8810f5885bfffff
3207,8810f438e9fffff
3208,8810f61143fffff
3209,8810f68a51fffff
3210,8810f010d3fffff
3211,8810f502e7fffff
3212,8810f46167fffff
3213,8810f6a69dfffff
3214,8810f5c16bfffff
3215,8810f6b887fffff
3216,8810f44887fffff
3217,8810f639d9fffff
3218,8810f40141fffff
3219,8810f016b5fffff
3220,8810f548d7fffff
3221,8810f43501fffff
3222,8810f29497fffff
3223,8810f54349fffff
3224,8810f01ae7fffff
3225,8810f0c583fffff
3226,8810f5b167fffff
3227,8810f59081fffff
3228,8810f4d44dfffff
3229,8810f58263fffff
3230,8810f592abfffff
3231,8810f419e3fffff
3232,8810f456e9fffff
3233,8810f580b9fffff
3234,8810f44c31fffff
3235,8810f54ab7fffff
3236,8810f4c1abfffff
3237,88101b6089fffff
3238,8810f090bbfffff
3239,8810f44c13fffff
3240,8810a92cc9fffff
3241,8810f69657fffff
3242,8810f6ce91fffff
3243,8810f59817fffff
3244,8810f416c5fffff
3245,8810f632a3fffff
3246,8810f5961bfffff
3247,8810f695c9fffff
3248,8810f0854dfffff
3249,8810f54215fffff
3250,8810f41089fffff
3251,8810f280a1fffff
3252,8810f0c043fffff
3253,8810f0499bfffff
3254,8810f44007fffff
3255,8810f0b165fffff
3256,8810f05299fffff
3257,8810f4783bfffff
3258,8810f58b45fffff
3259,8810f44f55fffff
3260,8810f6da2bfffff
3261,8810f58d99fffff
3262,88101b64c7fffff
3263,8810f5d665fffff
3264,8810f0d623fffff
3265,8810f58c1dfffff
3266,8810f406ebfffff
3267,88101b6641fffff
3268,8810f44681fffff
3269,8810f5591dfffff
3270,88101b62bdfffff
3271,8810f46ad3fffff
3272,88101b782bfffff
3273,8810f6ab01fffff
3274,8810f48a95fffff
3275,8810f0c83bfffff
3276,8810f63141fffff
3277,8810f0520bfffff
3278,88101b2dd9fffff
3279,88101a65e1fffff
3280,8810a960a9fffff
3281,8810f5cc43fffff
3282,8810f40ea3fffff
3283,8810f0b8e1fffff
3284,88101b6aabfffff
3285,8810f6a5c9fffff
3286,8810f4622bfffff
3287,8810f46ecdfffff
3288,8810f54a61fffff
3289,8810f29493fffff
3290,8810f50197fffff
3291,8810f5b9a3fffff
3292,8810f45a59fffff
3293,8810f46ebbfffff
3294,8810f091b1fffff
3295,8810a976a9fffff
3296,88101b2821fffff
3297,8810f5ba01fffff
3298,8810aba689fffff
3299,8810f4a185fffff
3300,8810f411e3fffff
3301,88101b465bfffff
3302,8810aba6c3fffff
3303,8810f59a0bfffff
3304,8810f62b67fffff
3305,8810f43237fffff
3306,8810f6303dfffff
3307,8810f019e3fffff
3308,88101b6953fffff
3309,8810f058cdfffff
3310,8810f4d2ddfffff
3311,8810f616dbfffff
3312,8810f5d463fffff
3313,8810f44d1bfffff
3314,88101b2b49fffff
3315,88101b4d01fffff
3316,8810f484c5fffff
3317,8810f5146dfffff
3318,88101b4e2dfffff
3319,88101b6719fffff
3320,8810f4c1bbfffff
3321,8810f44521fffff
3322,8810f5c81dfffff
3323,8810f4cb01fffff
3324,8810f0869dfffff
3325,8810f08c63fffff
3326,8810f431edfffff
3327,8810f29817fffff
3328,8810f54145fffff
3329,8810f48999fffff
3330,8810f6bb45fffff
3331,88101b4443fffff
3332,8810f4ca57fffff
3333,8810f0b95bfffff
3334,8810f0cad1fffff
3335,8810f68293fffff
3336,8810f42325fffff
3337,8810f60ae5fffff
3338,8810f4ac33fffff
3339,8810f43599fffff
3340,8810f42983fffff
3341,8810f0bb65fffff
3342,8810f5d097fffff
3343,88101b69ddfffff
3344,8810f61069fffff
3345,8810f47285fffff
3346,88101b785dfffff
3347,8810f01135fffff
3348,8810f6ad53fffff
3349,8810f630b7fffff
3350,8810f55ac7fffff
3351,8810f4d887fffff
3352,8810f5d035fffff
3353,8810a93907fffff
3354,8810f66f6bfffff
3355,8810f4a4edfffff
3356,8810f43749fffff
3357,8810f6b6a9fffff
3358,8810f40115fffff
3359,8810f5c11dfffff
3360,88101b6305fffff
3361,88101b0d03fffff
3362,8810f6c2a9fffff
3363,8810f47a27fffff
3364,88101b2901fffff
3365,8810f41595fffff
3366,8810a92cc1fffff
3367,8810f01483fffff
3368,8810f5c899fffff
3369,88101b79c1fffff
3370,8810f28699fffff
3371,8810f63567fffff
3372,8810f62519fffff
3373,8810f5cccbfffff
3374,8810f50341fffff
3375,8810a96255fffff
3376,8810f05059fffff
3377,8810f0cf4bfffff
3378,8810f44a49fffff
3379,88101b6865fffff
3380,8810f01359fffff
3381,8810f43513fffff
3382,8810f54a45fffff
3383,8810f4c855fffff
3384,8810f4ac67fffff
3385,8810f48eebfffff
3386,8810f686d3fffff
3387,8810f444d5fffff
3388,88101b0841fffff
3389,8810f588d9fffff
3390,8810f42661fffff
3391,8810f449e7fffff
3392,8810f0b2b9fffff
3393,8810f4c299fffff
3394,8810f4b215fffff
3395,8810f48da3fffff
3396,8810f0b9d9fffff
3397,8810f5873bfffff
3398,8810f58d43fffff
3399,8810f6ade1fffff
3400,8810f08535fffff
3401,8810f59813fffff
3402,8810f46835fffff
3403,8810f6d10bfffff
3404,8810f0c2a9fffff
3405,8810f44641fffff
3406,8810f052c5fffff
3407,8810f468e3fffff
3408,8810f6c30bfffff
3409,8810f425e7fffff
3410,8810f0191bfffff
3411,8810f48e61fffff
3412,8810f40519fffff
3413,8810aba445fffff
3414,8810f4a52bfffff
3415,8810f4b69dfffff
3416,8810f41a47fffff
3417,8810f420c1fffff
3418,8810f42883fffff
3419,88101b6537fffff
3420,8810f50233fffff
3421,8810f6d1d9fffff
3422,8810a924c5fffff
3423,8810f43555fffff
3424,8810f5cc55fffff
3425,8810f6806dfffff
3426,8810f6b9b7fffff
3427,8810f6d2e9fffff
3428,8810f5c68dfffff
3429,8810f40361fffff
3430,88101b6247fffff
3431,8810f47915fffff
3432,8810a96749fffff
3433,8810f6ae9bfffff
3434,8810f599ddfffff
3435,88101b6ad7fffff
3436,8810f08d27fffff
3437,8810f55767fffff
3438,8810f46f4bfffff
3439,88101b6165fffff
3440,8810f40e85fffff
3441,8810f08e25fffff
3442,8810f04a15fffff
3443,8810f47b13fffff
3444,8810f48ddbfffff
3445,8810f5c959fffff
3446,88101b7a0dfffff
3447,8810f6198bfffff
3448,8810f61a87fffff
3449,8810f5d219fffff
3450,8810f40c09fffff
3451,8810f6c15bfffff
3452,8810f6a9e1fffff
3453,8810f0cae5fffff
3454,8810f4cd51fffff
3455,8810f63905fffff
3456,8810f62487fffff
3457,8810f0d757fffff
3458,8810a93485fffff
3459,8810f4c0b1fffff
3460,8810a962b1fffff
3461,8810f5c5dbfffff
3462,8810f6b9ebfffff
3463,8810f5d2b5fffff
3464,8810f61083fffff
3465,8810f6ae8bfffff
3466,8810f57343fffff
3467,8810f6201dfffff
3468,8810f6166dfffff
3469,8810f51129fffff
3470,8810f60341fffff
3471,8810f6193dfffff
3472,88101b661dfffff
3473,88101b0cd1fffff
3474,8810f5c999fffff
3475,8810f66443fffff
3476,8810f61719fffff
3477,88101b6dabfffff
3478,8810f5d989fffff
3479,88101b648bfffff
3480,8810aba4b1fffff
3481,8810f0d885fffff
3482,8810aba6b9fffff
3483,8810f4849dfffff
3484,8810f5ce4dfffff
3485,8810f445e7fffff
3486,8810f50b47fffff
3487,8810f48997fffff
3488,8810f510a9fffff
3489,8810a921dbfffff
3490,8810f05369fffff
3491,8810f631e3fffff
3492,8810f6ad1dfffff
3493,8810f5cc31fffff
3494,8810f40161fffff
3495,8810f458edfffff
3496,88101b7435fffff
3497,8810f59929fffff
3498,8810f0142bfffff
3499,8810f45b13fffff
3500,8810f41ad9fffff
3501,8810f475adfffff
3502,8810f426c3fffff
3503,8810f442c5fffff
3504,8810a92861fffff
3505,8810f6c76dfffff
3506,8810f08a67fffff
3507,88101b722bfffff
3508,8810f6a51bfffff
3509,88101b4c47fffff
3510,8810f46b6dfffff
3511,8810f62e2dfffff
3512,8810f0030bfffff
3513,8810f290ebfffff
3514,8810f40a61fffff
3515,8810f5c96bfffff
3516,8810f286c7fffff
3517,8810f66eb3fffff
3518,8810f62e95fffff
3519,8810f6a5a9fffff
3520,8810f0c5dbfffff
3521,8810f6c8cbfffff
3522,8810a922c5fffff
3523,8810f04a87fffff
3524,8810f0da29fffff
3525,8810a96f57fffff
3526,8810f6acb9fffff
3527,8810f45b45fffff
3528,8810f512cbfffff
3529,8810f585d7fffff
3530,8810f405ddfffff
3531,8810f5c165fffff
3532,8810f45a35fffff
3533,8810f6b495fffff
3534,8810f6d4e5fffff
3535,8810f6ca97fffff
3536,8810aba707fffff
3537,8810f412cbfffff
3538,8810f08313fffff
3539,8810f6031bfffff
3540,8810f63881fffff
3541,8810f29309fffff
3542,8810f6a901fffff
3543,8810f411d3fffff
3544,8810f592adfffff
3545,8810f0b23dfffff
3546,88101b55d1fffff
3547,8810f6d00bfffff
3548,8810f46c37fffff
3549,8810f63965fffff
3550,8810f488b5fffff
3551,8810f6a54dfffff
3552,8810f4ce67fffff
3553,8810f60cddfffff
3554,8810f588abfffff
3555,8810f01769fffff
3556,8810f0ca31fffff
3557,8810f4bae9fffff
3558,8810f6da81fffff
3559,8810f09a37fffff
3560,8810f0b8a3fffff
3561,8810f41931fffff
3562,8810f696b9fffff
3563,8810f68113fffff
3564,8810f5d629fffff
3565,8810f45a97fffff
3566,8810f48e95fffff
3567,8810a92111fffff
3568,8810f6395bfffff
3569,88101b7149fffff
3570,8810f581c5fffff
3571,8810f6ba9bfffff
3572,8810f282d7fffff
3573,8810f04d4bfffff
3574,8810a96e97fffff
3575,8810f4cd29fffff
3576,8810f04927fffff
3577,8810f48591fffff
3578,8810f44ee7fffff
3579,8810f6a6dbfffff
3580,8810f58da7fffff
3581,8810f09281fffff
3582,8810f41195fffff
3583,8810f5c593fffff
3584,8810f40b45fffff
3585,8810f4a2bdfffff
3586,8810f44443fffff
3587,8810f479d7fffff
3588,88101b7437fffff
3589,8810f55023fffff
3590,8810f091cdfffff
3591,8810f43335fffff
3592,8810f40883fffff
3593,8810f54927fffff
3594,8810f4751dfffff
3595,8810f511d3fffff
3596,8810f08b51fffff
3597,8810f049d7fffff
3598,8810f638cbfffff
3599,8810f6c0d5fffff
3600,8810f58b5bfffff
3601,8810f05853fffff
3602,88101b4c33fffff
3603,88101b6e51fffff
3604,8810f454a5fffff
3605,8810f5cc51fffff
3606,8810f002ebfffff
3607,8810f47939fffff
3608,8810f0c2b7fffff
3609,8810f6d219fffff
3610,8810f634e9fffff
3611,8810f0d5edfffff
3612,88101b4613fffff
3613,8810f6a069fffff
3614,8810f6ba47fffff
3615,8810f080e5fffff
3616,8810f5d753fffff
3617,8810f0ce23fffff
3618,8810a93829fffff
3619,8810f6d5a3fffff
3620,8810f40de1fffff
3621,8810f696a9fffff
3622,8810f5ca63fffff
3623,8810f6d4a7fffff
3624,8810f68ad1fffff
3625,8810f6841bfffff
3626,8810a928d7fffff
3627,8810f48581fffff
3628,8810f09559fffff
3629,8810f09147fffff
3630,8810f68dd5fffff
3631,8810f4d699fffff
3632,8810f4acd5fffff
3633,8810f090edfffff
3634,8810f5c9d5fffff
3635,8810f4c1d1fffff
3636,8810f6c141fffff
3637,8810f0c947fffff
3638,8810f54609fffff
3639,8810f404c5fffff
3640,8810f4c63dfffff
3641,8810f58a69fffff
3642,8810f6181dfffff
3643,8810f68615fffff
3644,8810f4a6bbfffff
3645,8810f6b685fffff
3646,8810f62ac1fffff
3647,8810f5182dfffff
3648,8810f4b9d9fffff
3649,8810f0aa59fffff
3650,88101b0537fffff
3651,8810f4401bfffff
3652,8810a96593fffff
3653,88101b6819fffff
3654,8810f0d9edfffff
3655,8810f66c43fffff
3656,8810f62d81fffff
3657,8810f45b23fffff
3658,8810f28623fffff
3659,8810f48463fffff
3660,8810f4a0b9fffff
3661,8810f29857fffff
3662,8810f43ae7fffff
3663,8810f55b5bfffff
3664,8810f63597fffff
3665,8810f66c61fffff
3666,8810f660a1fffff
3667,8810f019ebfffff
3668,8810f45923fffff
3669,8810f48a6dfffff
3670,8810f0bb4dfffff
3671,8810f4233dfffff
3672,8810f45259fffff
3673,8810f4caebfffff
3674,8810f430d1fffff
3675,8810f58129fffff
3676,8810f54147fffff
3677,8810f61149fffff
3678,8810f44d15fffff
3679,8810f61117fffff
3680,88101b0327fffff
3681,8810f51ab3fffff
3682,8810f58217fffff
3683,8810f46f55fffff
3684,8810f48411fffff
3685,8810f5cd9dfffff
3686,8810f4d221fffff
3687,8810f6153dfffff
3688,88101b603bfffff
3689,8810f516d3fffff
3690,8810f48827fffff
3691,8810aba6e1fffff
3692,8810f4d959fffff
3693,8810a969a3fffff
3694,8810f2851bfffff
3695,8810f51b27fffff
3696,8810f692a1fffff
3697,8810f4bac3fffff
3698,8810f6c113fffff
3699,8810f616b7fffff
3700,8810f4ce95fffff
3701,8810f44053fffff
3702,8810f48e31fffff
3703,88101b6b29fffff
3704,8810f0c635fffff
3705,8810a92403fffff
3706,8810f43a93fffff
3707,8810f05943fffff
3708,8810a938e7fffff
3709,8810f50203fffff
3710,8810f4b615fffff
3711,8810f4d6d9fffff
3712,8810a92a91fffff
3713,8810f4cb1dfffff
3714,8810f46db9fffff
3715,8810f554a3fffff
3716,8810f664d5fffff
3717,8810f0b935fffff
3718,8810f5d343fffff
3719,8810f0565dfffff
3720,8810f6a805fffff
3721,8810f6143bfffff
3722,8810f6b131fffff
3723,8810a92425fffff
3724,8810f08ca5fffff
3725,8810f0ce6bfffff
3726,8810f45029fffff
3727,8810f455d9fffff
3728,8810f66493fffff
3729,8810f5981dfffff
3730,8810f43107fffff
3731,8810f54421fffff
3732,8810a960cdfffff
3733,8810f55883fffff
3734,88101b7a15fffff
3735,8810f095edfffff
3736,8810f5c731fffff
3737,88101b62adfffff
3738,8810f01431fffff
3739,8810f58a17fffff
3740,8810f5c4a3fffff
3741,8810aba4b7fffff
3742,8810f05065fffff
3743,8810a90ca5fffff
3744,8810f40d31fffff
3745,8810f29765fffff
3746,8810f4ad55fffff
3747,8810f63ac9fffff
3748,8810f286d7fffff
3749,88101b4d39fffff
3750,8810f08dcbfffff
3751,8810f44b19fffff
3752,8810f091a1fffff
3753,8810f605bbfffff
3754,8810f0d655fffff
3755,8810f5d9c9fffff
3756,8810f5ca87fffff
3757,88101b48cdfffff
3758,8810f6d411fffff
3759,8810f488bbfffff
3760,88101b4685fffff
3761,8810f5803bfffff
3762,8810f6a835fffff
3763,8810f4c21bfffff
3764,8810f69aabfffff
3765,8810f0d1d7fffff
3766,8810f0c999fffff
3767,88101b6cbdfffff
3768,8810f09515fffff
3769,8810a9254bfffff
3770,8810f4da09fffff
3771,8810f5cc99fffff
3772,8810f4c519fffff
3773,8810f5c9abfffff
3774,8810f4d41dfffff
3775,8810f098abfffff
3776,8810f63927fffff
3777,8810f5c4d7fffff
3778,8810f43919fffff
3779,88101b0a41fffff
3780,8810f55003fffff
3781,8810f6a46dfffff
3782,88101b0dd3fffff
3783,8810f6d1d3fffff
3784,8810a92515fffff
3785,8810f54e35fffff
3786,8810f46f15fffff
3787,8810f69a9bfffff
3788,8810f0c59bfffff
3789,8810f5ccc5fffff
3790,8810f0cc9dfffff
3791,8810f0b0d9fffff
3792,8810f411c7fffff
3793,8810f42ac1fffff
3794,8810f44747fffff
3795,8810f63863fffff
3796,8810f422d3fffff
3797,8810f44815fffff
3798,8810f550e5fffff
3799,8810f44b09fffff
3800,88101b7703fffff
3801,8810f405d7fffff
3802,8810f6936bfffff
3803,8810f62a41fffff
3804,8810f40d0bfffff
3805,8810f4b4edfffff
3806,8810f40c45fffff
3807,8810f448d3fffff
3808,8810f4a949fffff
3809,8810f582b9fffff
3810,8810f5b949fffff
3811,88101b48a3fffff
3812,8810f5d347fffff
3813,8810f58465fffff
3814,8810f29585fffff
3815,8810f2b347fffff
3816,8810f46f39fffff
3817,8810f42c61fffff
3818,8810f50acdfffff
3819,8810f6d313fffff
3820,8810f08411fffff
3821,8810f634b9fffff
3822,8810f55815fffff
3823,8810f0c5c5fffff
3824,8810f682e1fffff
3825,88101b65e7fffff
3826,8810f6c725fffff
3827,8810f58203fffff
3828,8810f5c589fffff
3829,8810f4d429fffff
3830,8810f47a53fffff
3831,8810f414b1fffff
3832,8810f4ac4bfffff
3833,8810a92dc7fffff
3834,8810f66cddfffff
3835,8810f4cd89fffff
3836,8810f5d1d3fffff
3837,8810f04f65fffff
3838,8810f634a5fffff
3839,8810f459d5fffff
3840,8810f6376bfffff
3841,8810f5ba43fffff
3842,8810f0c053fffff
3843,8810f09043fffff
3844,8810f09599fffff
3845,8810f0bb1bfffff
3846,8810f400ebfffff
3847,8810f08ae9fffff
3848,8810f5d41bfffff
3849,8810f44dd7fffff
3850,8810f612ebfffff
3851,8810f51221fffff
3852,8810f5d6a1fffff
3853,8810f5d697fffff
3854,8810f0b10dfffff
3855,8810f59895fffff
3856,8810f509b7fffff
3857,8810f29461fffff
3858,8810f61a95fffff
3859,8810f5c46dfffff
3860,8810f5d4d9fffff
3861,8810f5dae3fffff
3862,8810f69365fffff
3863,8810f000e9fffff
3864,8810f6352dfffff
3865,8810f46125fffff
3866,8810f08f57fffff
3867,8810f45681fffff
3868,88101b48abfffff
3869,8810f40357fffff
3870,8810f4a5a1fffff
3871,8810f63b59fffff
3872,8810f5d4a7fffff
3873,8810a93591fffff
3874,8810f431a9fffff
3875,8810f4d621fffff
3876,8810f0810dfffff
3877,88101b4f53fffff
3878,8810f40369fffff
3879,8810f5900dfffff
3880,8810f4a915fffff
3881,88101b4debfffff
3882,8810f68339fffff
3883,88101b2983fffff
3884,8810f0c813fffff
3885,8810f292a9fffff
3886,8810f4da41fffff
3887,8810f08a11fffff
3888,8810f6b663fffff
3889,88101b6c27fffff
3890,8810f40101fffff
3891,8810f292cbfffff
3892,8810f6c4c3fffff
3893,8810f6d453fffff
3894,8810f5d1edfffff
3895,8810f4c10bfffff
3896,8810f48855fffff
3897,8810a92c4bfffff
3898,8810f45b47fffff
3899,8810f62037fffff
3900,8810a92e25fffff
3901,8810f016e9fffff
3902,8810f59749fffff
3903,8810f692a9fffff
3904,8810f294c5fffff
3905,8810f62db7fffff
3906,8810f49b13fffff
3907,8810f6b9abfffff
3908,8810f4d003fffff
3909,8810f48a65fffff
3910,8810f09153fffff
3911,88101b65b9fffff
3912,8810f2873bfffff
3913,8810f63595fffff
3914,8810f62c47fffff
3915,8810f095dbfffff
3916,8810f58507fffff
3917,8810f462c1fffff
3918,8810f08acdfffff
3919,88101b6615fffff
3920,8810f4c407fffff
3921,8810f5d2e9fffff
3922,8810f49b05fffff
3923,8810f59a1dfffff
3924,8810f4549bfffff
3925,8810f58425fffff
3926,8810f62a47fffff
3927,8810f4b42dfffff
3928,88101b4c53fffff
3929,8810f0126dfffff
3930,8810f6aa1dfffff
3931,8810a92587fffff
3932,8810f54e49fffff
3933,8810f5cc09fffff
3934,8810f61197fffff
3935,88101b40a3fffff
3936,8810f41233fffff
3937,8810f6d737fffff
3938,8810a96aa9fffff
3939,8810f4b463fffff
3940,8810f29093fffff
3941,8810f6b407fffff
3942,8810f09469fffff
3943,8810a96419fffff
3944,8810f60b03fffff
3945,8810f610e7fffff
3946,8810f6c1d9fffff
3947,8810f0d681fffff
3948,8810f4063bfffff
3949,8810f611a9fffff
3950,88101b014dfffff
3951,8810f69aa5fffff
3952,8810f639edfffff
3953,8810f44e55fffff
3954,8810a921d3fffff
3955,8810f69549fffff
3956,8810f48ecbfffff
3957,8810f4cd55fffff
3958,88101b00a3fffff
3959,8810f6126bfffff
3960,8810f0c56dfffff
3961,8810f41511fffff
3962,88101b64ebfffff
3963,8810f692d7fffff
3964,88101b3b6dfffff
3965,8810f54585fffff
3966,8810f4029dfffff
3967,8810f2914bfffff
3968,8810a9641dfffff
3969,8810f4728dfffff
3970,8810f29b65fffff
3971,8810f57a4bfffff
3972,8810a974a9fffff
3973,8810f44635fffff
3974,8810f51655fffff
3975,8810f47937fffff
3976,8810f699cbfffff
3977,8810f5404dfffff
3978,8810f5d4e5fffff
3979,8810f5c915fffff
3980,8810f62e85fffff
3981,8810f618e3fffff
3982,8810f5426bfffff
3983,8810f502a7fffff
3984,8810f5952bfffff
3985,8810f461b3fffff
3986,8810f01327fffff
3987,8810f61137fffff
3988,8810f5594dfffff
3989,8810f4d2dbfffff
3990,8810f2983bfffff
3991,88101a6515fffff
3992,8810f50041fffff
3993,88101b4e27fffff
3994,8810f62407fffff
3995,8810f541d5fffff
3996,8810f4a015fffff
3997,8810f42f41fffff
3998,8810f60ab1fffff
3999,8810f676c3fffff
4000,88101b0dcbfffff
4001,88101b7301fffff
4002,8810f69995fffff
4003,8810f44039fffff
4004,8810f54a3dfffff
4005,8810f465b5fffff
4006,8810f4c681fffff
4007,8810f298bbfffff
4008,8810f58c6bfffff
4009,8810f61203fffff
4010,8810f5c233fffff
4011,8810f42d2bfffff
4012,8810a92c47fffff
4013,8810f01b45fffff
4014,8810f48d41fffff
4015,88101b54b7fffff
4016,8810f6b881fffff
4017,8810f4b667fffff
4018,88101b7137fffff
4019,8810f462a3fffff
4020,8810f40407fffff
4021,8810f518e7fffff
4022,8810f0c595fffff
4023,8810f42d27fffff
4024,8810f015d5fffff
4025,8810f0d75dfffff
4026,8810f59a17fffff
4027,8810f5440dfffff
4028,8810f095e5fffff
4029,8810f59ac3fffff
4030,8810f611b5fffff
4031,8810f6ab4bfffff
4032,8810f58f51fffff
4033,8810f091adfffff
4034,8810f6c487fffff
4035,8810f59b49fffff
4036,8810f08f27fffff
4037,8810f48b63fffff
4038,88101b44edfffff
4039,8810f09015fffff
4040,8810f05b3bfffff
4041,8810f41541fffff
4042,8810f4716bfffff
4043,8810f40c4bfffff
4044,8810f45aedfffff
4045,8810f479b1fffff
4046,8810f0d28bfffff
4047,8810f68167fffff
4048,8810f450dbfffff
4049,8810f45063fffff
4050,8810f0bb17fffff
4051,8810f688d3fffff
4052,8810f68261fffff
4053,8810f6995dfffff
4054,8810f4a699fffff
4055,8810f555c3fffff
4056,88101b70b9fffff
4057,8810a9603dfffff
4058,8810f09669fffff
4059,8810f6d5c5fffff
4060,8810f6cf03fffff
4061,8810f0175bfffff
4062,8810a92cbdfffff
4063,8810f63737fffff
4064,8810f54f31fffff
4065,8810f0ba67fffff
4066,8810a96cddfffff
4067,8810f434d7fffff
4068,8810f43261fffff
4069,8810f2b23dfffff
4070,8810f4221dfffff
4071,8810f510b5fffff
4072,8810f58e13fffff
4073,8810f54411fffff
4074,8810f5c197fffff
4075,8810f5031bfffff
4076,8810f4d68dfffff
4077,8810a9675bfffff
4078,8810a968c3fffff
4079,8810f42009fffff
4080,8810f63087fffff
4081,8810f4b829fffff
4082,88101a6e3bfffff
4083,8810f69269fffff
4084,8810f5496dfffff
4085,8810f4653bfffff
4086,8810f0b8b5fffff
4087,88101b4e19fffff
4088,8810f54c17fffff
4089,8810f4ca9bfffff
4090,8810f08969fffff
4091,88101a6c0bfffff
4092,8810f4cf19fffff
4093,88101b0ec7fffff
4094,8810f5d443fffff
4095,8810f4b163fffff
4096,8810f5876dfffff
4097,8810f51351fffff
4098,8810f0c95dfffff
4099,8810f58195fffff
4100,8810f62365fffff
4101,88101b0a6dfffff
4102,8810f4b9a5fffff
4103,8810f6c033fffff
4104,8810f48b21fffff
4105,8810f42e9bfffff
4106,8810f455c5fffff
4107,8810f5d80dfffff
4108,8810f5950dfffff
4109,8810f4222bfffff
4110,8810f4a139fffff
4111,8810f6d5e9fffff
4112,8810f404cbfffff
4113,8810f0d923fffff
4114,8810f4461dfffff
4115,8810a924d1fffff
4116,8810f43097fffff
4117,8810f6a42bfffff
4118,8810f40ce1fffff
4119,8810f4288dfffff
4120,8810f4c085fffff
4121,8810f69711fffff
4122,8810f4c451fffff
4123,8810f4c4abfffff
4124,8810a96c05fffff
4125,8810f0d333fffff
4126,8810f541abfffff
4127,8810f6a6c5fffff
4128,8810f41269fffff
4129,8810f62cd7fffff
4130,8810f2b31dfffff
4131,8810f6b121fffff
4132,8810f42759fffff
4133,8810f6a639fffff
4134,8810f519c1fffff
4135,8810f454c1fffff
4136,8810f62a55fffff
4137,8810f59005fffff
4138,8810f51045fffff
4139,8810f092bbfffff
4140,8810f6935bfffff
4141,8810f4b5e7fffff
4142,8810f63a51fffff
4143,88101b6e99fffff
4144,8810f6c74bfffff
4145,8810f45319fffff
4146,8810f6916bfffff
4147,8810f54e5bfffff
4148,8810f60eb1fffff
4149,8810f019e9fffff
4150,8810f610bdfffff
4151,8810f4c919fffff
4152,8810f04969fffff
4153,8810f08de9fffff
4154,8810f0d869fffff
4155,8810f0c803fffff
4156,8810f4b031fffff
4157,8810f468d1fffff
4158,8810f461c5fffff
4159,8810f4a1ebfffff
4160,88101b4c03fffff
4161,8810f419b3fffff
4162,8810f4da25fffff
4163,8810f2918bfffff
4164,88101b48c7fffff
4165,8810f54651fffff
4166,8810f41a95fffff
4167,8810f5c10dfffff
4168,8810f0520dfffff
4169,8810f4d587fffff
4170,8810f44605fffff
4171,8810f55115fffff
4172,8810f51761fffff
4173,8810f66417fffff
4174,8810f42135fffff
4175,8810f5da55fffff
4176,8810f6b61bfffff
4177,8810f4a421fffff
4178,8810f08645fffff
4179,8810f58b19fffff
4180,8810f58d2dfffff
4181,8810f09355fffff
4182,8810f46919fffff
4183,8810f61343fffff
4184,8810f08abdfffff
4185,8810f541cbfffff
4186,8810f4819bfffff
4187,88101b69ebfffff
4188,8810f4d997fffff
4189,8810f581d1fffff
4190,8810f58f29fffff
4191,8810f0d6d7fffff
4192,8810f55b0dfffff
4193,8810f50961fffff
4194,8810f511b7fffff
4195,8810f5b849fffff
4196,8810f4ace7fffff
4197,8810a9655dfffff
4198,8810f41953fffff
4199,8810f54e81fffff
4200,8810f40589fffff
4201,8810f44e03fffff
4202,8810f6ced3fffff
4203,8810f6ce67fffff
4204,8810f42a55fffff
4205,8810f4471dfffff
4206,8810f67609fffff
4207,8810f0d5cbfffff
4208,8810a964dbfffff
4209,8810f6a201fffff
4210,8810f43105fffff
4211,8810f4bb09fffff
4212,8810f40b59fffff
4213,8810f5908dfffff
4214,8810f6013dfffff
4215,88101b0a5bfffff
4216,8810f29443fffff
4217,8810a924ebfffff
4218,8810f0c855fffff
4219,8810a92b13fffff
4220,8810f599dbfffff
4221,8810f4cee9fffff
4222,8810f68de9fffff
4223,8810f4b635fffff
4224,8810f5cb1dfffff
4225,88101b6f2dfffff
4226,8810f29b33fffff
4227,8810f4c429fffff
4228,8810f4a00bfffff
4229,8810f29439fffff
4230,8810f0d14bfffff
4231,8810f0c62bfffff
4232,8810f6a197fffff
4233,8810f51739fffff
4234,8810f639d3fffff
4235,8810f4182dfffff
4236,8810f0985dfffff
4237,8810f60251fffff
4238,8810f00259fffff
4239,8810a939ebfffff
4240,8810f2920dfffff
4241,8810f5cd43fffff
4242,8810f6d15bfffff
4243,8810f42c95fffff
4244,8810f5ba89fffff
4245,88101b64d3fffff
4246,8810f4d549fffff
4247,8810f082d1fffff
4248,8810f29021fffff
4249,8810f0d8c9fffff
4250,8810f6ce31fffff
4251,8810f5d805fffff
4252,8810f55a85fffff
4253,8810a9290bfffff
4254,8810f4d493fffff
4255,8810f474c7fffff
4256,8810f589e9fffff
4257,8810f049a1fffff
4258,8810f04931fffff
4259,8810f2b33dfffff
4260,8810f610b1fffff
4261,8810f6b135fffff
4262,8810f55233fffff
4263,8810f62f0dfffff
4264,88101b45edfffff
4265,8810a935d7fffff
4266,8810a962c7fffff
4267,8810f5cf1dfffff
4268,8810f50a2bfffff
4269,8810f05b53fffff
4270,8810a92e63fffff
4271,8810f6cf37fffff
4272,8810a97459fffff
4273,8810f6c133fffff
4274,8810f4d4e9fffff
4275,8810f50aa5fffff
4276,8810f6d4c9fffff
4277,8810f46983fffff
4278,8810a92119fffff
4279,8810f58951fffff
4280,8810f60595fffff
4281,88101b62e7fffff
4282,8810f280c9fffff
4283,8810f44663fffff
4284,8810a939adfffff
4285,8810f00051fffff
4286,8810f4615bfffff
4287,8810f45903fffff
4288,8810f6ae89fffff
4289,8810f5d243fffff
4290,8810f6d5b5fffff
4291,8810a96587fffff
4292,8810f69021fffff
4293,8810f69b13fffff
4294,88101b0db5fffff
4295,8810f5d70bfffff
4296,8810f68595fffff
4297,8810a922a3fffff
4298,8810f51809fffff
4299,8810f41843fffff
4300,8810f45769fffff
4301,8810f57319fffff
4302,8810f55953fffff
4303,8810f5d5adfffff
4304,88101b419bfffff
4305,8810f09ad1fffff
4306,8810f5d155fffff
4307,8810f051e3fffff
4308,8810f592e9fffff
4309,8810f08421fffff
4310,8810f58e95fffff
4311,8810f6118dfffff
4312,8810a92f1bfffff
4313,8810f63b41fffff
4314,8810f47a4dfffff
4315,8810f5165bfffff
4316,8810f44a07fffff
4317,8810a939b9fffff
4318,8810f46229fffff
4319,8810f4a045fffff
4320,8810f08a1dfffff
4321,8810f08891fffff
4322,8810f0c713fffff
4323,8810f68cc7fffff
4324,8810f43863fffff
4325,8810f51905fffff
4326,88101b4187fffff
4327,88101b4f13fffff
4328,8810f08607fffff
4329,88101b0853fffff
4330,8810f05b61fffff
4331,8810f4a901fffff
4332,8810f46881fffff
4333,8810a93945fffff
4334,8810f61515fffff
4335,8810f6972dfffff
4336,8810f01a15fffff
4337,8810a9228bfffff
4338,8810f6cf5bfffff
4339,8810f41819fffff
4340,8810a96cd5fffff
4341,8810f0c195fffff
4342,8810f472a1fffff
4343,8810f42721fffff
4344,8810f0b05bfffff
4345,88101a6d97fffff
4346,8810f0123bfffff
4347,8810f60b11fffff
4348,8810f402e9fffff
4349,8810f4a2c5fffff
4350,8810f4145dfffff
4351,8810f50909fffff
4352,8810f54d61fffff
4353,8810f0c743fffff
4354,8810f01819fffff
4355,8810f42821fffff
4356,88101b6db3fffff
4357,8810f6b335fffff
4358,88101b6c89fffff
4359,8810f5012dfffff
4360,8810f46591fffff
4361,8810a9766bfffff
4362,8810f6805dfffff
4363,8810f4002dfffff
4364,8810f55931fffff
4365,8810f42b69fffff
4366,8810f4380dfffff
4367,8810f61189fffff
4368,8810f46a3dfffff
4369,8810f0c121fffff
4370,8810f682e9fffff
4371,88101b721dfffff
4372,88101b7b11fffff
4373,8810f4066dfffff
4374,8810f0c269fffff
4375,88101b760bfffff
4376,8810f4a483fffff
4377,8810f43589fffff
4378,8810f4ca07fffff
4379,8810f58d67fffff
4380,8810f5d169fffff
4381,8810f6d0d9fffff
4382,88101b095bfffff
4383,8810a96f19fffff
4384,8810f5010bfffff
4385,8810a934a1fffff
4386,8810f6d8bdfffff
4387,8810f41369fffff
4388,8810f59883fffff
4389,88101b7ab7fffff
4390,8810f47b07fffff
4391,8810f476a7fffff
4392,8810f2829dfffff
4393,8810f4a0d3fffff
4394,8810f5d6dbfffff
4395,8810f5c0cbfffff
4396,8810f09827fffff
4397,8810f6886bfffff
4398,8810a9211bfffff
4399,8810f431d1fffff
4400,8810f09405fffff
4401,8810f408edfffff
4402,8810f0c2c1fffff
4403,8810f00329fffff
4404,8810f59015fffff
4405,8810f5cd9bfffff
4406,8810f43713fffff
4407,8810f5032dfffff
4408,8810f599a3fffff
4409,8810f634cbfffff
4410,8810f08001fffff
4411,8810f40b19fffff
4412,8810f6d701fffff
4413,8810f68609fffff
4414,8810f419d9fffff
4415,8810f47a37fffff
4416,8810f5ce53fffff
4417,8810f689c1fffff
4418,8810a974c3fffff
4419,8810f43885fffff
4420,8810f460a5fffff
4421,8810f09639fffff
4422,8810f692c1fffff
4423,8810f6b69dfffff
4424,8810f42a37fffff
4425,8810f04027fffff
4426,8810f458cbfffff
4427,8810f6033dfffff
4428,88101b62d9fffff
4429,8810f4c1c1fffff
4430,8810f6128bfffff
4431,8810f08c99fffff
4432,8810f63a07fffff
4433,8810f4035bfffff
4434,8810f68acbfffff
4435,8810f4b745fffff
4436,8810f6c753fffff
4437,8810f54ad1fffff
4438,8810f29193fffff
4439,8810f4475bfffff
4440,8810f5c883fffff
4441,8810f04a33fffff
4442,8810f62527fffff
4443,88101b748dfffff
4444,8810f08a49fffff
4445,8810f0cc21fffff
4446,8810f432e5fffff
4447,8810f0125bfffff
4448,8810f41addfffff
4449,88101b0117fffff
4450,8810f42813fffff
4451,8810f290cdfffff
4452,8810f01125fffff
4453,8810f4c1d5fffff
4454,88101b6583fffff
4455,88101b6c05fffff
4456,88101b29cbfffff
4457,8810f442cbfffff
4458,8810f0b803fffff
4459,88101b6515fffff
4460,8810f6c251fffff
4461,8810f4403bfffff
4462,8810f44481fffff
4463,8810f5c0e7fffff
4464,8810f59239fffff
4465,8810f55335fffff
4466,8810f43b25fffff
4467,8810f66091fffff
4468,8810f04f25fffff
4469,8810a90cb1fffff
4470,8810f4c965fffff
4471,8810f40149fffff
4472,8810f5c445fffff
4473,8810f4815dfffff
4474,8810f62d11fffff
4475,8810f45a21fffff
4476,8810f6cc8bfffff
4477,8810f002ddfffff
4478,8810f69703fffff
4479,8810f58ad9fffff
4480,8810f5d951fffff
4481,8810f61313fffff
4482,8810f4986dfffff
4483,8810f47b69fffff
4484,8810f69a45fffff
4485,8810f6c213fffff
4486,88101b6a41fffff
4487,8810f6d0c3fffff
4488,8810f6d899fffff
4489,88101b6a8bfffff
4490,8810f406d1fffff
4491,8810f58209fffff
4492,8810f612bdfffff
4493,8810f0c0b9fffff
4494,8810f4290dfffff
4495,8810f54691fffff
4496,88101b09c3fffff
4497,8810f0c85dfffff
4498,8810f46207fffff
4499,8810f28023fffff
4500,8810f00267fffff
4501,8810f6b8e7fffff
4502,8810f5016dfffff
4503,8810f08257fffff
4504,8810f050adfffff
4505,8810f0c945fffff
4506,88101b05a7fffff
4507,8810f4b49bfffff
4508,88101b644dfffff
4509,8810f44ec1fffff
4510,8810f082c3fffff
4511,8810f54b29fffff
4512,8810f59953fffff
4513,8810f6156bfffff
4514,8810f58e81fffff
4515,8810f479d3fffff
4516,8810f0d529fffff
4517,8810f098d5fffff
4518,8810f019d1fffff
4519,8810f619bdfffff
4520,8810f47481fffff
4521,8810f5c19bfffff
4522,8810f0c363fffff
4523,88101b689bfffff
4524,8810f41893fffff
4525,8810f4a5c9fffff
4526,8810f4d54bfffff
4527,8810f41105fffff
4528,8810f48545fffff
4529,8810f0844bfffff
4530,8810f6ae49fffff
4531,8810f4d191fffff
4532,8810f43153fffff
4533,8810f46ab9fffff
4534,88101b6e6dfffff
4535,8810a9215dfffff
4536,8810f4c153fffff
4537,8810f04addfffff
4538,8810f51093fffff
4539,88101b76e7fffff
4540,8810f63651fffff
4541,8810f60141fffff
4542,8810a96eabfffff
4543,8810f6d035fffff
4544,8810f6c589fffff
4545,8810f551dbfffff
4546,8810f4d8a7fffff
4547,8810f699e3fffff
4548,88101b6411fffff
4549,8810f6c0bdfffff
4550,8810f558c7fffff
4551,8810f44c21fffff
4552,88101b0027fffff
4553,8810f6c4b3fffff
4554,8810f6aa29fffff
4555,8810f0d191fffff
4556,8810f5d813fffff
4557,8810f08d4bfffff
4558,8810f4596bfffff
4559,8810f51527fffff
4560,8810f50023fffff
4561,8810f62705fffff
4562,8810f580d3fffff
4563,8810f04051fffff
4564,8810f048b7fffff
4565,8810f50945fffff
4566,8810f549b9fffff
4567,8810f41a53fffff
4568,8810f559bdfffff
4569,8810f0d95bfffff
4570,8810f62dd5fffff
4571,8810f44f49fffff
4572,8810f62427fffff
4573,88101b6a95fffff
4574,8810f50043fffff
4575,88101b4d09fffff
4576,8810f6c747fffff
4577,8810f08653fffff
4578,8810f6b32bfffff
4579,8810f6355bfffff
4580,8810f08651fffff
4581,8810f4cdd5fffff
4582,8810f291dbfffff
4583,88101b6159fffff
4584,8810f4615dfffff
4585,8810f41b51fffff
4586,8810f62f1bfffff
4587,8810a93acdfffff
4588,8810f0ca93fffff
4589,8810f46c21fffff
4590,8810f085bdfffff
4591,8810f0c21bfffff
4592,8810f682abfffff
4593,88101b7401fffff
4594,8810f4d127fffff
4595,8810f4564dfffff
4596,8810a968dbfffff
4597,8810f5902bfffff
4598,8810f0172dfffff
4599,8810f6c019fffff
4600,8810f6b5d7fffff
4601,88101b6e23fffff
4602,8810f09a09fffff
4603,8810f475edfffff
4604,88101b5633fffff
4605,8810f4d01bfffff
4606,8810f6a49dfffff
4607,8810f5c115fffff
4608,8810f58ee3fffff
4609,8810f086b3fffff
4610,8810f42633fffff
4611,8810f43b5dfffff
4612,8810f6d0e7fffff
4613,8810f6a2e1fffff
4614,8810f0859bfffff
4615,8810f6899dfffff
4616,8810f6981dfffff
4617,8810f01365fffff
4618,8810f058a9fffff
4619,8810f45985fffff
4620,8810f45a8dfffff
4621,88101b7515fffff
4622,8810f48927fffff
4623,8810f628b9fffff
4624,8810a938d9fffff
4625,8810f6c23dfffff
4626,8810f45b53fffff
4627,8810f4d64dfffff
4628,8810f638b5fffff
4629,8810f51303fffff
4630,88101a6c93fffff
4631,8810f630a1fffff
4632,8810f42a17fffff
4633,8810f61a1bfffff
4634,8810f48095fffff
4635,8810f51525fffff
4636,88101b46d3fffff
4637,8810f45725fffff
4638,88101b7821fffff
4639,88101b69b3fffff
4640,8810f29257fffff
4641,8810f554b5fffff
4642,8810f5d8e7fffff
4643,8810f54c01fffff
4644,8810f5daa1fffff
4645,88101b4ec3fffff
4646,8810a93821fffff
4647,8810f42405fffff
4648,8810f4ae55fffff
4649,8810f4ba9bfffff
4650,8810a96cb1fffff
4651,8810f54999fffff
4652,8810f41313fffff
4653,8810f4a0d9fffff
4654,8810f62ae9fffff
4655,88101a6e89fffff
4656,8810f0c1c1fffff
4657,8810f098e1fffff
4658,88101b5595fffff
4659,8810f58de1fffff
4660,8810f456e3fffff
4661,88101b4dd1fffff
4662,8810f6b187fffff
4663,8810f4375bfffff
4664,8810f45b1bfffff
4665,8810f47637fffff
4666,8810f098e3fffff
4667,8810f0ccd3fffff
4668,8810f012ddfffff
4669,8810f0185dfffff
4670,8810f286b9fffff
4671,8810f0415bfffff
4672,8810f591b5fffff
4673,8810f6b955fffff
4674,88101b5689fffff
4675,8810f58b59fffff
4676,8810f5c953fffff
4677,8810f6daa5fffff
4678,8810f54ee5fffff
4679,8810f45a1dfffff
4680,8810f66cc3fffff
4681,8810f09403fffff
4682,8810f62c57fffff
4683,8810f69929fffff
4684,8810a92a65fffff
4685,8810f4556dfffff
4686,8810f09b39fffff
4687,8810f4684dfffff
4688,88101b7b67fffff
4689,8810f46481fffff
4690,8810f0c821fffff
4691,8810f08a31fffff
4692,8810f46c9bfffff
4693,8810f692c3fffff
4694,8810f6ae5dfffff
4695,8810f680b3fffff
4696,8810f60e83fffff
4697,8810f54c59fffff
4698,8810f29241fffff
4699,8810f429a3fffff
4700,88101b4de5fffff
4701,88101a6de3fffff
4702,8810a97591fffff
4703,8810f6ab6bfffff
4704,8810f6a653fffff
4705,8810f40559fffff
4706,8810f40887fffff
4707,8810f404d9fffff
4708,8810f63b37fffff
4709,8810f4c219fffff
4710,8810f6390bfffff
4711,8810f0ce17fffff
4712,8810f6c1b7fffff
4713,88101b6533fffff
4714,8810f48569fffff
4715,8810f46ed3fffff
4716,8810f5c609fffff
4717,8810f518dbfffff
4718,8810f29b45fffff
4719,8810f41955fffff
4720,8810f696c1fffff
4721,8810f0d5ddfffff
4722,8810f5da59fffff
4723,8810f6ad5dfffff
4724,8810f5da95fffff
4725,8810f4c351fffff
4726,8810f6da8dfffff
4727,8810f0cb19fffff
4728,8810f0cd23fffff
4729,8810f0bb27fffff
4730,8810f0124dfffff
4731,8810f63b39fffff
4732,8810f4d485fffff
4733,8810f46e5bfffff
4734,8810f465bdfffff
4735,8810f61685fffff
4736,88101b6005fffff
4737,8810f44869fffff
4738,8810f4541bfffff
4739,8810f42a59fffff
4740,8810f6d715fffff
4741,8810f6ac29fffff
4742,8810f08c51fffff
4743,8810a90db1fffff
4744,8810f42667fffff
4745,8810f4382dfffff
4746,88101b4f29fffff
4747,8810f62091fffff
4748,8810f42529fffff
4749,8810f46acdfffff
4750,8810f582c7fffff
4751,8810f0c741fffff
4752,8810f42d49fffff
4753,8810f4d6e1fffff
4754,8810f45669fffff
4755,88101b6421fffff
4756,8810f4c197fffff
4757,88101a6f19fffff
4758,8810f681a1fffff
4759,88101b79a9fffff
4760,8810f60cedfffff
4761,88101b71b1fffff
4762,8810a968b5fffff
4763,8810f68b09fffff
4764,8810f5cd45fffff
4765,8810a934a7fffff
4766,8810f0d4b3fffff
4767,8810f55165fffff
4768,8810f43b35fffff
4769,8810f474a9fffff
4770,88101a6c3dfffff
4771,8810f49827fffff
4772,8810f42a67fffff
4773,8810f61885fffff
4774,8810f29a57fffff
4775,88101b764bfffff
4776,8810a92027fffff
4777,8810f056c1fffff
4778,8810f01a07fffff
4779,8810f51019fffff
4780,88101b0821fffff
4781,8810f4d043fffff
4782,8810f4cdebfffff
4783,8810f4633bfffff
4784,8810f2808bfffff
4785,8810f5c929fffff
4786,8810f4a755fffff
4787,8810f0c181fffff
4788,88101b7a41fffff
4789,8810f47665fffff
4790,8810f292e9fffff
4791,8810f4218dfffff
4792,8810f4c2b9fffff
4793,88101b68c5fffff
4794,8810f41555fffff
4795,8810f05023fffff
4796,8810f4c32bfffff
4797,88101b66d1fffff
4798,8810f5429dfffff
4799,8810f4d9b9fffff
4800,8810f616c9fffff
4801,8810f4ceb9fffff
4802,8810f2863bfffff
4803,8810f465e9fffff
4804,8810f0c91dfffff
4805,8810f45711fffff
4806,8810f43859fffff
4807,8810f468e1fffff
4808,8810f47b43fffff
4809,8810f5923bfffff
4810,8810f05285fffff
4811,8810f0115bfffff
4812,8810a97463fffff
4813,8810f46e63fffff
4814,8810f44327fffff
4815,8810a92d6bfffff
4816,8810f45421fffff
4817,8810f54295fffff
4818,88101b79a7fffff
4819,8810f09969fffff
4820,8810f674c1fffff
4821,8810f6a1e3fffff
4822,8810f47b6dfffff
4823,8810f59717fffff
4824,88101b2b67fffff
4825,8810aba733fffff
4826,8810f0501dfffff
4827,8810f5082dfffff
4828,8810f5b955fffff
4829,8810f48e27fffff
4830,8810f63449fffff
4831,8810f60067fffff
4832,8810f4c247fffff
4833,88101a68b1fffff
4834,8810a928c5fffff
4835,8810a9643dfffff
4836,8810f544b9fffff
4837,8810f5d22bfffff
4838,8810f08b0bfffff
4839,88101b4c3dfffff
4840,8810f62659fffff
4841,8810f015d9fffff
4842,8810f47219fffff
4843,88101b29b5fffff
4844,8810f581e3fffff
4845,8810f621abfffff
4846,8810f5bb33fffff
4847,8810f5c0b7fffff
4848,8810f61687fffff
4849,8810a92aa7fffff
4850,8810f585d5fffff
4851,8810f292bdfffff
4852,8810f4b731fffff
4853,8810f41349fffff
4854,8810f08005fffff
4855,8810f4516dfffff
4856,8810aba697fffff
4857,8810f6d235fffff
4858,88101b4c11fffff
4859,8810f42189fffff
4860,8810f58ae5fffff
4861,8810f4b0c5fffff
4862,88101b7a69fffff
4863,88101b660dfffff
4864,8810f43701fffff
4865,8810f404cdfffff
4866,8810f096a1fffff
4867,8810f6d537fffff
4868,8810f54ed3fffff
4869,88101b6b57fffff
4870,8810f43ae9fffff
4871,8810f681e1fffff
4872,8810f58a53fffff
4873,88101b0ca1fffff
4874,8810f04a23fffff
4875,8810f47411fffff
4876,8810f48d35fffff
4877,8810f54e17fffff
4878,8810f55563fffff
4879,88101b054bfffff
4880,8810f44dbbfffff
4881,88101b7b5bfffff
4882,8810f09315fffff
4883,8810f08517fffff
4884,8810f0034dfffff
4885,8810f4a831fffff
4886,8810f54ac5fffff
4887,8810f08e07fffff
4888,8810f6109dfffff
4889,8810f429c3fffff
4890,8810f47941fffff
4891,8810f4cee7fffff
4892,8810f44b55fffff
4893,8810f42133fffff
4894,88101b7829fffff
4895,8810f68429fffff
4896,8810f429c9fffff
4897,8810f429e1fffff
4898,8810f69997fffff
4899,8810f6a0cbfffff
4900,8810f54f01fffff
4901,8810f04a4dfffff
4902,88101b0067fffff
4903,8810f62133fffff
4904,8810f599c5fffff
4905,88101b0531fffff
4906,8810f09485fffff
4907,8810f5400bfffff
4908,8810a964d3fffff
4909,8810f68055fffff
4910,8810f4b137fffff
4911,8810a924b1fffff
4912,88101b0b51fffff
4913,8810f4d9e3fffff
4914,8810f6829bfffff
4915,8810a92555fffff
4916,8810f296e7fffff
4917,8810f08a3dfffff
4918,8810f28349fffff
4919,8810f60a5bfffff
4920,8810f296dbfffff
4921,8810f446b1fffff
4922,8810f4ce55fffff
4923,88101b6ec7fffff
4924,8810a9212dfffff
4925,8810f46283fffff
4926,8810f58587fffff
4927,8810f4869dfffff
4928,8810f43145fffff
4929,8810f015bbfffff
4930,88101b6f59fffff
4931,8810f4d0bbfffff
4932,8810f51119fffff
4933,8810f5926bfffff
4934,8810a9761bfffff
4935,8810f48dddfffff
4936,8810f29645fffff
4937,8810f4cd25fffff
4938,8810f55587fffff
4939,8810f5cda5fffff
4940,8810f6d64dfffff
4941,8810f51b33fffff
4942,8810a97419fffff
4943,8810f58cd1fffff
4944,8810f47b4bfffff
4945,8810f6b309fffff
4946,8810f29085fffff
4947,88101b058dfffff
4948,8810f6d735fffff
4949,88101b72edfffff
4950,8810f5cde5fffff
4951,8810f0cb0dfffff
4952,8810f01aa3fffff
4953,8810f630abfffff
4954,8810a92ae7fffff
4955,88101b6ab9fffff
4956,8810f4badbfffff
4957,8810f0421bfffff
4958,8810f42d15fffff
4959,8810f6a743fffff
4960,8810f442a9fffff
4961,8810f4d017fffff
4962,8810f43b4bfffff
4963,88101b6563fffff
4964,88101b4405fffff
4965,88101b391bfffff
4966,8810f68143fffff
4967,8810f68a19fffff
4968,8810f55231fffff
4969,8810f5909dfffff
4970,8810f4d761fffff
4971,8810f6b701fffff
4972,8810a92733fffff
4973,88101b2d93fffff
4974,8810f6dad1fffff
4975,88101b6589fffff
4976,8810f6adebfffff
4977,8810f55493fffff
4978,8810f4315dfffff
4979,8810f50325fffff
4980,8810f5da5bfffff
4981,8810f42035fffff
4982,8810f4640bfffff
4983,8810f0c1e1fffff
4984,88101b0131fffff
4985,8810f4c05bfffff
4986,8810f41a3bfffff
4987,8810f40a65fffff
4988,8810f0b965fffff
4989,8810f5573bfffff
4990,8810f4256dfffff
4991,8810f59909fffff
4992,8810f0131bfffff
4993,8810f400b5fffff
4994,88101b0ee1fffff
4995,8810f68d89fffff
4996,8810f60cdbfffff
4997,88101b4a9bfffff
4998,8810f095a7fffff
4999,88101b6eabfffff
5000,8810f0cf37fffff
5001,8810f559dbfffff
5002,8810f0d457fffff
5003,8810f62629fffff
5004,88101b7707fffff
5005,8810f68559fffff
5006,8810f422edfffff
5007,8810f4a03bfffff
5008,8810a92b1bfffff
5009,88101b6741fffff
5010,8810f48ea7fffff
5011,88101b0d99fffff
5012,8810f610c1fffff
5013,8810f41641fffff
5014,8810f6aea9fffff
5015,8810f08267fffff
5016,88101b0da9fffff
5017,8810a96765fffff
5018,88101b761bfffff
5019,8810f69043fffff
5020,8810f68169fffff
5021,8810f0c931fffff
5022,88101a689dfffff
5023,88101b78a3fffff
5024,8810f018dbfffff
5025,8810f49a2bfffff
5026,8810f62345fffff
5027,8810f4c753fffff
5028,8810f5cf4bfffff
5029,8810f5c149fffff
5030,8810f5419dfffff
5031,8810f4ba99fffff
5032,8810f01957fffff
5033,8810f45527fffff
5034,8810f0d021fffff
5035,8810f01b51fffff
5036,88101b3961fffff
5037,8810f6b9d1fffff
5038,8810f49b3dfffff
5039,8810f4a4bbfffff
5040,8810f62295fffff
5041,8810f6d83dfffff
5042,88101b612bfffff
5043,8810f6ce41fffff
5044,8810f089e7fffff
5045,8810f08215fffff
5046,8810a976d5fffff
5047,8810f46a5bfffff
5048,8810f4b85dfffff
5049,8810f6b185fffff
5050,8810f0b83dfffff
5051,8810f61495fffff
5052,8810f40ad5fffff
5053,8810f58437fffff
5054,8810f5d631fffff
5055,88101b74e1fffff
5056,88101b6b15fffff
5057,8810f4ba2dfffff
5058,8810f54701fffff
5059,8810f4c311fffff
5060,8810f628c5fffff
5061,8810f6b125fffff
5062,8810f088a7fffff
5063,8810f6a211fffff
5064,8810f5ce33fffff
5065,8810f584b9fffff
5066,8810f4d743fffff
5067,8810f0b313fffff
5068,8810f5cc3dfffff
5069,8810a938ebfffff
5070,8810f4d71bfffff
5071,8810f4ac27fffff
5072,8810f45419fffff
5073,8810f45417fffff
5074,8810f619c1fffff
5075,8810a96e0bfffff
5076,8810f51509fffff
5077,8810f5c255fffff
5078,8810f6986bfffff
5079,8810f0d805fffff
5080,8810f44925fffff
5081,8810f63555fffff
5082,8810f4086dfffff
5083,8810f48d57fffff
5084,8810f4055bfffff
5085,8810f44ca1fffff
5086,8810f6a515fffff
5087,8810f5c8d5fffff
5088,8810f422abfffff
5089,8810f6d25dfffff
5090,8810f43929fffff
5091,8810f6a281fffff
5092,8810f41949fffff
5093,8810f63491fffff
5094,8810f55139fffff
5095,8810f4203dfffff
5096,8810f45919fffff
5097,8810f61a65fffff
5098,8810f6d437fffff
5099,8810f05817fffff
5100,8810f68431fffff
5101,8810f612b5fffff
5102,8810f58d2bfffff
5103,8810f548c3fffff
5104,88101b39abfffff
5105,8810f6ce65fffff
5106,8810f61a43fffff
5107,8810f6ae6dfffff
5108,8810f66409fffff
5109,8810f5c533fffff
5110,8810a96c59fffff
5111,8810f40e49fffff
5112,8810f46f27fffff
5113,8810f015b1fffff
5114,8810f05121fffff
5115,8810f695e3fffff
5116,8810f40f39fffff
5117,8810f449e5fffff
5118,8810f54551fffff
5119,88101b7055fffff
5120,8810f4d5e7fffff
5121,8810f624bbfffff
5122,8810f0c08dfffff
5123,8810f4cec1fffff
5124,8810f59525fffff
5125,8810a92d65fffff
5126,8810f5c31bfffff
5127,8810f44ad5fffff
5128,88101b4dbbfffff
5129,8810f66f3dfffff
5130,8810f5da67fffff
5131,8810f5929dfffff
5132,88101b6eb7fffff
5133,88101b0099fffff
5134,8810f465b7fffff
5135,8810f48a9bfffff
5136,8810f4619dfffff
5137,8810f478a1fffff
5138,8810f6d287fffff
5139,8810f285cbfffff
5140,88101b0cb7fffff
5141,8810f4c093fffff
5142,8810f6a5d5fffff
5143,8810f08d87fffff
5144,8810f6acbbfffff
5145,8810f4360dfffff
5146,8810f295c1fffff
5147,8810f555b5fffff
5148,8810f29ad5fffff
5149,8810f0d025fffff
5150,8810f408d1fffff
5151,8810f59723fffff
5152,8810f43a33fffff
5153,8810f4b5e1fffff
5154,8810f6c4a1fffff
5155,8810f466c5fffff
5156,8810f0ce93fffff
5157,8810f58f27fffff
5158,8810f47235fffff
5159,8810f51169fffff
5160,8810f6b5a1fffff
5161,8810f01647fffff
5162,8810f05aa7fffff
5163,8810f44661fffff
5164,8810f46ad9fffff
5165,8810f555d5fffff
5166,8810f5c201fffff
5167,88101b71adfffff
5168,8810aba607fffff
5169,8810a9260bfffff
5170,8810f69257fffff
5171,8810f488a7fffff
5172,8810f555e1fffff
5173,88101b4753fffff
5174,8810f4c507fffff
5175,8810f412b5fffff
5176,8810f08109fffff
5177,8810f580b5fffff
5178,8810f6a10bfffff
5179,8810f0064dfffff
5180,8810f08b23fffff
5181,8810a92d15fffff
5182,8810f426c5fffff
5183,8810f4c58dfffff
5184,8810f0506bfffff
5185,8810f6d591fffff
5186,8810f6aec3fffff
5187,8810f44683fffff
5188,8810f68141fffff
5189,8810f6d009fffff
5190,8810f628d7fffff
5191,8810f4004bfffff
5192,8810f68893fffff
5193,8810a96017fffff
5194,8810f6aedbfffff
5195,88101b791dfffff
5196,8810f489a1fffff
5197,8810f461d1fffff
5198,8810f6bb29fffff
5199,8810f291e3fffff
5200,88101b2985fffff
5201,88101b7967fffff
5202,8810f0b227fffff
5203,88101b40d5fffff
5204,8810f61723fffff
5205,8810f58ae3fffff
5206,8810f0b919fffff
5207,8810f410b5fffff
5208,8810f46747fffff
5209,8810f05857fffff
5210,8810f01967fffff
5211,8810f00253fffff
5212,8810f508ebfffff
5213,8810f4215bfffff
5214,8810f4c031fffff
5215,8810f049a7fffff
5216,8810f50921fffff
5217,8810f4d611fffff
5218,8810f28addfffff
5219,8810f62197fffff
5220,88101b6445fffff
5221,8810f66195fffff
5222,8810f4c105fffff
5223,8810f5508bfffff
5224,8810f6d153fffff
5225,8810f44929fffff
5226,8810a92683fffff
5227,8810f4d807fffff
5228,8810f40947fffff
5229,8810f49821fffff
5230,8810f0d405fffff
5231,8810f6181bfffff
5232,8810f4b101fffff
5233,8810f6882bfffff
5234,8810f48933fffff
5235,8810f631b7fffff
5236,8810f4cc49fffff
5237,8810f05901fffff
5238,8810f44cb3fffff
5239,8810f5ca59fffff
5240,8810f631e1fffff
5241,8810f5d229fffff
5242,8810f6c351fffff
5243,8810f5466bfffff
5244,8810aba621fffff
5245,8810f48955fffff
5246,8810f4c003fffff
5247,8810f44541fffff
5248,8810f6aaebfffff
5249,8810f412c3fffff
5250,8810f014e7fffff
5251,8810f0d093fffff
5252,8810f54a27fffff
5253,88101b6457fffff
5254,8810f40949fffff
5255,8810f44a65fffff
5256,8810f6a15bfffff
5257,8810f0b121fffff
5258,8810f4894dfffff
5259,8810f40e9bfffff
5260,8810f41587fffff
5261,8810f46219fffff
5262,8810f68551fffff
5263,8810f5d939fffff
5264,8810f40f2dfffff
5265,88101b05a9fffff
5266,8810f4073bfffff
5267,8810f5cdb5fffff
5268,8810a920edfffff
5269,8810f4540dfffff
5270,8810f28707fffff
5271,8810f5cf13fffff
5272,8810f0933bfffff
5273,8810f09417fffff
5274,8810f675ebfffff
5275,8810f299e9fffff
5276,8810f40c2dfffff
5277,8810f59acbfffff
5278,8810f688a7fffff
5279,8810f58521fffff
5280,8810f45757fffff
5281,8810f086cbfffff
5282,8810f4b959fffff
5283,8810f0b023fffff
5284,8810f0d1ddfffff
5285,88101b6981fffff
5286,8810f69a5bfffff
5287,8810f555ebfffff
5288,8810f5d2cbfffff
5289,8810f090adfffff
5290,8810f4d283fffff
5291,8810f43235fffff
5292,8810f08e27fffff
5293,8810f285c9fffff
5294,88101b74b5fffff
5295,88101a6d07fffff
5296,8810f59113fffff
5297,8810f5809dfffff
5298,88101a6c99fffff
5299,8810f4da61fffff
5300,8810f4a66dfffff
5301,8810f51105fffff
5302,88101b7a49fffff
5303,8810f59507fffff
5304,8810f421a9fffff
5305,8810a935e5fffff
5306,8810f67415fffff
5307,88101a6d49fffff
5308,8810f09683fffff
5309,8810f43995fffff
5310,8810f04253fffff
5311,8810f6930dfffff
5312,8810f0ba61fffff
5313,8810f686edfffff
5314,8810f5cec9fffff
5315,8810f68c5bfffff
5316,8810a93a03fffff
5317,8810f511a5fffff
5318,8810f620c7fffff
5319,8810f0c08bfffff
5320,88101b6c09fffff
5321,8810a9221bfffff
5322,8810f0c257fffff
5323,8810f6923bfffff
5324,88101b75a9fffff
5325,8810a9768bfffff
5326,8810f61605fffff
5327,8810f0c8ddfffff
5328,8810f445d7fffff
5329,8810f61145fffff
5330,8810f0953bfffff
5331,88101b4c63fffff
5332,8810f432b3fffff
5333,8810f466bbfffff
5334,8810f424a5fffff
5335,8810a92ae1fffff
5336,88101b6f41fffff
5337,8810f01915fffff
5338,8810f6c4d7fffff
5339,8810f0cea7fffff
5340,8810f69b41fffff
5341,8810f42ee1fffff
5342,8810f085edfffff
5343,8810f01923fffff
5344,8810f4b2dbfffff
5345,8810f096b5fffff
5346,8810f0b96bfffff
5347,8810f59ae1fffff
5348,8810f61905fffff
5349,8810f084b1fffff
5350,8810f4b35bfffff
5351,8810f69181fffff
5352,8810a93a63fffff
5353,8810f0d45dfffff
5354,8810f0baedfffff
5355,8810f674b9fffff
5356,8810f280d9fffff
5357,8810f62e33fffff
5358,8810f58b61fffff
5359,8810f47413fffff
5360,88101b6ccdfffff
5361,8810f43a41fffff
5362,8810f6bb31fffff
5363,8810f0caa5fffff
5364,88101b55bbfffff
5365,8810f2956dfffff
5366,8810a92161fffff
5367,8810f6b813fffff
5368,8810f55295fffff
5369,8810a9383dfffff
5370,8810f451a1fffff
5371,8810f6a741fffff
5372,88101b0eabfffff
5373,8810f28205fffff
5374,8810f0cf2dfffff
5375,8810a96655fffff
5376,8810f698e7fffff
5377,8810f6adb7fffff
5378,8810f43841fffff
5379,8810f4a205fffff
5380,8810f5d755fffff
5381,8810f0cebbfffff
5382,8810f41107fffff
5383,88101b7019fffff
5384,8810f0d707fffff
5385,8810f46263fffff
5386,8810f089d5fffff
5387,8810f5c119fffff
5388,8810a96485fffff
5389,8810f4d8bdfffff
5390,8810f6a2d7fffff
5391,8810f6a409fffff
5392,8810f69a07fffff
5393,8810f4773bfffff
5394,8810f6615bfffff
5395,8810f4c62bfffff
5396,8810f54a89fffff
5397,8810f42623fffff
5398,8810f69b6bfffff
5399,8810f0ce89fffff
5400,8810f4ae91fffff
5401,8810f47947fffff
5402,8810f46b11fffff
5403,8810f51523fffff
5404,8810f47843fffff
5405,8810f4aad1fffff
5406,8810f08493fffff
5407,8810f0d969fffff
5408,8810f5c739fffff
5409,8810f0506dfffff
5410,8810f51645fffff
5411,8810a96885fffff
5412,8810f5ca6dfffff
5413,8810a96ee3fffff
5414,8810f48851fffff
5415,8810f4ab63fffff
5416,8810f6b013fffff
5417,8810f54805fffff
5418,8810f694bbfffff
5419,8810f58485fffff
5420,8810f540a1fffff
5421,8810f42c63fffff
5422,8810f6a221fffff
5423,8810f6350bfffff
5424,8810f66595fffff
5425,88101b0eb9fffff
5426,8810f014c1fffff
5427,8810f6b023fffff
5428,8810f05a17fffff
5429,8810f5ca9bfffff
5430,8810f2849bfffff
5431,8810f458b9fffff
5432,8810f291a3fffff
5433,8810f5d731fffff
5434,88101b6203fffff
5435,88101b390dfffff
5436,8810f401cdfffff
5437,8810f684abfffff
5438,8810f61107fffff
5439,8810f48cbbfffff
5440,8810f09707fffff
5441,88101b7701fffff
5442,8810f4cd87fffff
5443,8810f4c321fffff
5444,8810f519b1fffff
5445,8810f4086bfffff
5446,8810f549e5fffff
5447,8810f660adfffff
5448,8810f69919fffff
5449,8810f082bbfffff
5450,8810f6c549fffff
5451,8810a92481fffff
5452,8810f66c03fffff
5453,88101b6ea1fffff
5454,8810a96483fffff
5455,8810f5c981fffff
5456,8810f28129fffff
5457,8810f4b695fffff
5458,88101b7a95fffff
5459,88101b752bfffff
5460,8810f6c0e7fffff
5461,8810f4d681fffff
5462,8810f44499fffff
5463,8810f5c937fffff
5464,8810a920cdfffff
5465,8810f6c031fffff
5466,8810f0d11bfffff
5467,88101b6947fffff
5468,8810f4dac5fffff
5469,8810f552c5fffff
5470,8810f50f43fffff
5471,8810f639dbfffff
5472,8810f50a61fffff
5473,8810f54d27fffff
5474,8810f68c0bfffff
5475,8810f6901bfffff
5476,8810a926a9fffff
5477,8810f55695fffff
5478,8810f01413fffff
5479,8810f54995fffff
5480,8810f63541fffff
5481,8810f4a86dfffff
5482,8810f4d80dfffff
5483,8810f0d097fffff
5484,8810f6d007fffff
5485,8810f4d45dfffff
5486,8810f556b5fffff
5487,8810f08aa3fffff
5488,8810f0c03bfffff
5489,8810a936b3fffff
5490,8810f090cdfffff
5491,8810f6d897fffff
5492,8810f66101fffff
5493,8810f2823dfffff
5494,8810f5cd2bfffff
5495,8810f402b7fffff
5496,8810f6ae15fffff
5497,88101b2941fffff
5498,8810a929b7fffff
5499,8810f42ec7fffff
5500,8810f42dd9fffff
5501,8810f04943fffff
5502,8810f6b897fffff
5503,8810f0c8e5fffff
5504,8810f4cdadfffff
5505,8810f09269fffff
5506,8810f48c89fffff
5507,8810f6140bfffff
5508,8810f58b07fffff
5509,8810f58833fffff
5510,8810f62035fffff
5511,8810f4b0e5fffff
5512,88101b0d51fffff
5513,8810f5d335fffff
5514,8810f58c99fffff
5515,8810f5ce97fffff
5516,8810f61499fffff
5517,8810f46c13fffff
5518,8810f45897fffff
5519,8810f442bbfffff
5520,8810f4175bfffff
5521,8810f4508bfffff
5522,8810f4463dfffff
5523,88101b4d19fffff
5524,8810a93aa9fffff
5525,8810f45199fffff
5526,8810f60a35fffff
5527,8810f6aacbfffff
5528,8810f0805dfffff
5529,8810f6c43bfffff
5530,8810f280e9fffff
5531,88101b0091fffff
5532,8810f4a097fffff
5533,8810f6c5abfffff
5534,8810f4dae9fffff
5535,8810f48aedfffff
5536,8810f40339fffff
5537,88101b4413fffff
5538,8810f469cdfffff
5539,8810f4ccb9fffff
5540,8810a93a87fffff
5541,8810f636c1fffff
5542,8810f0580bfffff
5543,8810f54a2dfffff
5544,8810f6166bfffff
5545,8810f09655fffff
5546,88101b631dfffff
5547,8810f605a7fffff
5548,8810f6c647fffff
5549,8810f05a63fffff
5550,88101b7731fffff
5551,8810f66eebfffff
5552,8810f6748bfffff
5553,8810f49843fffff
5554,8810f5d6a5fffff
5555,8810f04f21fffff
5556,88101b6eadfffff
5557,8810a920e5fffff
5558,8810f47239fffff
5559,8810f61a89fffff
5560,8810f4a35bfffff
5561,88101b6439fffff
5562,8810f0c48bfffff
5563,8810f63731fffff
5564,8810f51097fffff
5565,8810f01b61fffff
5566,8810f5014bfffff
5567,8810f69231fffff
5568,8810f54a9dfffff
5569,8810f42e35fffff
5570,8810f41a31fffff
5571,8810f511b1fffff
5572,8810f55b59fffff
5573,8810f58a45fffff
5574,8810f62029fffff
5575,8810a90c8dfffff
5576,8810f40493fffff
5577,8810f6bb05fffff
5578,8810f5cf1bfffff
5579,8810f62d8bfffff
5580,88101b7a35fffff
5581,8810a9244bfffff
5582,8810f45943fffff
5583,88101b6223fffff
5584,88101b091dfffff
5585,8810f5540dfffff
5586,8810f51937fffff
5587,8810a96745fffff
5588,8810f66139fffff
5589,8810f48553fffff
5590,88101b0d39fffff
5591,8810f415b9fffff
5592,8810a90ca3fffff
5593,8810f4b2abfffff
5594,8810f418d5fffff
5595,8810a9240bfffff
5596,8810f4448bfffff
5597,8810f4c0b3fffff
5598,8810f41153fffff
5599,8810f42267fffff
5600,8810f6a5abfffff
5601,8810f010bdfffff
5602,8810f46955fffff
5603,8810f559d3fffff
5604,8810f6b665fffff
5605,8810f44247fffff
5606,88101b4553fffff
5607,8810f58a15fffff
5608,8810f5d48dfffff
5609,8810f0d5d9fffff
5610,8810f416edfffff
5611,8810f00297fffff
5612,8810a90c83fffff
5613,8810f6b953fffff
5614,8810a96c15fffff
5615,8810f28655fffff
5616,8810f43157fffff
5617,8810f6c4e9fffff
5618,8810f4c217fffff
5619,8810f634bbfffff
5620,8810f5c0e1fffff
5621,8810f682e3fffff
5622,8810f5856dfffff
5623,8810f6a34bfffff
5624,8810f0c403fffff
5625,8810a939e9fffff
5626,8810f58d51fffff
5627,8810f6d04bfffff
5628,8810f414a5fffff
5629,8810f4aa4bfffff
5630,8810f51a93fffff
5631,88101b676dfffff
5632,8810f2866dfffff
5633,8810f45687fffff
5634,8810f44b25fffff
5635,8810f6ae21fffff
5636,8810f4209dfffff
5637,8810f6c0dbfffff
5638,8810f69a97fffff
5639,8810f43439fffff
5640,88101b0ac7fffff
5641,8810f4b61dfffff
5642,8810f4ca21fffff
5643,8810f69297fffff
5644,8810f614d5fffff
5645,88101b280dfffff
5646,8810f40d3bfffff
5647,8810f69a55fffff
5648,8810f4255bfffff
5649,8810f6c1d7fffff
5650,8810f0c287fffff
5651,8810f461e1fffff
5652,88101b6ce1fffff
5653,8810f0001bfffff
5654,8810f61353fffff
5655,88101b654dfffff
5656,8810f4126dfffff
5657,8810f6da01fffff
5658,8810f29893fffff
5659,8810f28627fffff
5660,8810a960c7fffff
5661,8810f55ac3fffff
5662,8810f58161fffff
5663,8810a92727fffff
5664,8810a968ddfffff
5665,8810f6d333fffff
5666,8810f47905fffff
5667,8810f6b739fffff
5668,8810f04327fffff
5669,8810f68aabfffff
5670,8810f549ddfffff
5671,8810f002cdfffff
5672,8810f54ec1fffff
5673,8810f5086dfffff
5674,8810f5c995fffff
5675,8810f0b021fffff
5676,8810f46267fffff
5677,8810f4b4b1fffff
5678,8810f5576dfffff
5679,8810f6aa0dfffff
5680,8810f08b07fffff
5681,8810f0b2abfffff
5682,8810f50a8bfffff
5683,8810a938d3fffff
5684,8810f4cd57fffff
5685,8810f46dc9fffff
5686,8810f4d89bfffff
5687,8810f611edfffff
5688,8810f6b16dfffff
5689,8810f4aac3fffff
5690,8810f4552bfffff
5691,8810f44241fffff
5692,8810f502edfffff
5693,8810f04b39fffff
5694,8810f4b9b7fffff
5695,88101b6a63fffff
5696,8810f280edfffff
5697,8810f0da27fffff
5698,8810f444d3fffff
5699,8810f5c725fffff
5700,88101b499bfffff
5701,8810f59539fffff
5702,8810f04143fffff
5703,8810f6981bfffff
5704,88101b0e97fffff
5705,8810f0da55fffff
5706,8810f4c2c3fffff
5707,8810f44d6dfffff
5708,8810f66e19fffff
5709,8810f58a93fffff
5710,88101b7b65fffff
5711,88101b29c1fffff
5712,8810f62599fffff
5713,8810f60153fffff
5714,8810f40623fffff
5715,8810f59a6dfffff
5716,8810f5083dfffff
5717,8810f46887fffff
5718,8810f41b69fffff
5719,8810a93167fffff
5720,8810f676ebfffff
5721,8810f62dd7fffff
5722,8810f61635fffff
5723,8810f555b9fffff
5724,8810f6b697fffff
5725,8810f4424dfffff
5726,88101b0d61fffff
5727,8810f44c99fffff
5728,8810f0d1a9fffff
5729,8810f44ec3fffff
5730,8810f6ce4dfffff
5731,8810f4d8e3fffff
5732,8810f6c34bfffff
5733,8810f0c365fffff
5734,8810f6998bfffff
5735,8810f43485fffff
5736,8810f4c21dfffff
5737,8810f4a4a1fffff
5738,8810f4ae3dfffff
5739,8810f6d8d3fffff
5740,8810f4762bfffff
5741,8810f42d05fffff
5742,8810f5cd87fffff
5743,88101b5483fffff
5744,88101b394bfffff
5745,8810a96431fffff
5746,8810f5914dfffff
5747,8810f68f6bfffff
5748,8810f4cd65fffff
5749,8810a9603bfffff
5750,8810f616e5fffff
5751,8810f5d4c3fffff
5752,8810f471cbfffff
5753,8810f6ac1dfffff
5754,8810f0514dfffff
5755,8810f5d50bfffff
5756,8810f5d0edfffff
5757,8810f46ea1fffff
5758,8810f05225fffff
5759,8810f42a9dfffff
5760,8810f6205bfffff
5761,8810f682d3fffff
5762,8810a96eb7fffff
5763,8810f46841fffff
5764,8810f44909fffff
5765,8810f400d3fffff
5766,8810f5da9bfffff
5767,8810f0b1d1fffff
5768,8810f639ddfffff
5769,8810f69807fffff
5770,8810f6c215fffff
5771,8810f580adfffff
5772,8810f58eadfffff
5773,88101a6d83fffff
5774,8810f5d921fffff
5775,8810f43201fffff
5776,8810f435a5fffff
5777,8810f5514bfffff
5778,88101b080dfffff
5779,8810f4a0e1fffff
5780,8810f43a21fffff
5781,8810f05015fffff
5782,8810f46405fffff
5783,8810f54193fffff
5784,8810f4d59dfffff
5785,8810f4cd1dfffff
5786,8810f43331fffff
5787,8810f55237fffff
5788,8810f08949fffff
5789,8810f675d5fffff
5790,8810f4a413fffff
5791,8810f6a8c5fffff
5792,8810f081d3fffff
5793,8810f41899fffff
5794,8810f4310dfffff
5795,8810f0909bfffff
5796,8810f508e9fffff
5797,8810f5d843fffff
5798,8810f099a3fffff
5799,8810f4a905fffff
5800,8810f6105bfffff
5801,8810f40903fffff
5802,8810f592d3fffff
5803,8810f4ba97fffff
5804,8810a976e1fffff
5805,88101b6369fffff
5806,8810f0b1b9fffff
5807,8810f0032bfffff
5808,8810f51067fffff
5809,88101b7457fffff
5810,8810f08947fffff
5811,8810a92607fffff
5812,8810a92035fffff
5813,8810a92927fffff
5814,8810f012a1fffff
5815,8810f4d107fffff
5816,8810f6d569fffff
5817,8810f6ac4dfffff
5818,8810f59251fffff
5819,8810f09027fffff
5820,8810f684cdfffff
5821,8810f019e1fffff
5822,8810f04a61fffff
5823,8810f59a55fffff
5824,8810f00355fffff
5825,8810f05357fffff
5826,88101b46d7fffff
5827,8810f4b59dfffff
5828,8810f47987fffff
5829,8810f6ae37fffff
5830,8810f4a4abfffff
5831,8810f4223bfffff
5832,8810f429b1fffff
5833,8810f0152dfffff
5834,8810f6b1c3fffff
5835,8810f59b39fffff
5836,8810f69417fffff
5837,8810f5ba6dfffff
5838,8810f54eddfffff
5839,8810f69a8dfffff
5840,8810f5d733fffff
5841,8810f6d0cbfffff
5842,8810f636a5fffff
5843,8810f294d5fffff
5844,8810f4ba5bfffff
5845,8810a936d3fffff
5846,8810f6ba29fffff
5847,8810f4a1e1fffff
5848,8810f0d409fffff
5849,8810f4d41bfffff
5850,8810f08711fffff
5851,8810f4c9a7fffff
5852,8810f4d291fffff
5853,88101b0acbfffff
5854,88101b773bfffff
5855,8810f49b2bfffff
5856,8810f40ac9fffff
5857,8810f4a503fffff
5858,88101b0b1bfffff
5859,8810f09687fffff
5860,8810f4ac1dfffff
5861,8810f0b2b7fffff
5862,8810f4282dfffff
5863,8810f604b5fffff
5864,8810f4b9b9fffff
5865,8810f48861fffff
5866,8810f66ea5fffff
5867,88101b6c21fffff
5868,8810f6aa8bfffff
5869,8810f6966bfffff
5870,8810f6ad89fffff
5871,8810f40363fffff
5872,8810f58033fffff
5873,8810f44531fffff
5874,8810f51735fffff
5875,8810f4c849fffff
5876,8810f050d7fffff
5877,8810f6d28bfffff
5878,8810f4ae13fffff
5879,8810f6a6d9fffff
5880,8810f61a9bfffff
5881,8810f48f09fffff
5882,88101b7239fffff
5883,88101b6683fffff
5884,8810f0c2b1fffff
5885,8810f48ce9fffff
5886,8810f585a7fffff
5887,8810f686c9fffff
5888,8810f295d1fffff
5889,8810f080c7fffff
5890,88101b010bfffff
5891,8810f6c6d1fffff
5892,8810f40201fffff
5893,8810a962d7fffff
5894,88101b61a7fffff
5895,8810f05113fffff
5896,8810f6aed9fffff
5897,8810f4999dfffff
5898,8810f4ca89fffff
5899,8810f44eb1fffff
5900,8810f08c03fffff
5901,8810f69521fffff
5902,8810f0d6d3fffff
5903,8810f29669fffff
5904,8810f60037fffff
5905,8810f582ebfffff
5906,8810f4a6b3fffff
5907,8810f62655fffff
5908,8810f08043fffff
5909,8810a9272dfffff
5910,88101b7541fffff
5911,88101b6cb9fffff
5912,8810f6d521fffff
5913,8810f54919fffff
5914,8810f61a51fffff
5915,8810f465c5fffff
5916,8810f46563fffff
5917,8810f42c5dfffff
5918,8810f0d04dfffff
5919,8810f48a13fffff
5920,8810f54241fffff
5921,88101b016bfffff
5922,8810f51341fffff
5923,8810f09b09fffff
5924,8810f085ebfffff
5925,8810f4a16dfffff
5926,8810f6b0a9fffff
5927,8810f0835bfffff
5928,8810f40a11fffff
5929,8810f4841dfffff
5930,8810f4018bfffff
5931,8810f5d337fffff
5932,88101b6e95fffff
5933,8810f47b17fffff
5934,88101b7a45fffff
5935,8810f0d067fffff
5936,8810f63b09fffff
5937,8810f4c329fffff
5938,8810f51b6dfffff
5939,8810f0c451fffff
5940,8810f558a3fffff
5941,8810f0d441fffff
5942,8810f5c2a9fffff
5943,8810f000ddfffff
5944,8810f019c1fffff
5945,8810a90cabfffff
5946,8810f55b33fffff
5947,8810f4c553fffff
5948,8810f48f41fffff
5949,8810f620a7fffff
5950,8810a92703fffff
5951,8810f5d661fffff
5952,8810f59b45fffff
5953,8810a968cbfffff
5954,8810f08f5dfffff
5955,8810f61423fffff
5956,8810a92427fffff
5957,88101b446dfffff
5958,8810a92295fffff
5959,8810f46f53fffff
5960,8810f47869fffff
5961,8810f548e7fffff
5962,8810f54883fffff
5963,8810f58d8dfffff
5964,8810f51301fffff
5965,8810a96c11fffff
5966,8810f685c5fffff
5967,8810f4ba19fffff
5968,8810f4b5adfffff
5969,88101b649bfffff
5970,8810f4c049fffff
5971,8810f47227fffff
5972,8810f68005fffff
5973,8810f08129fffff
5974,8810f41581fffff
5975,8810f4471bfffff
5976,8810f4c81bfffff
5977,8810f0cc35fffff
5978,8810f51041fffff
5979,8810f485a1fffff
5980,8810f0486bfffff
5981,8810f6a365fffff
5982,8810f40087fffff
5983,8810f686c3fffff
5984,8810f6a867fffff
5985,8810f29825fffff
5986,8810f50b07fffff
5987,8810a92833fffff
5988,8810f40d07fffff
5989,8810f684edfffff
5990,8810f44a83fffff
5991,88101b6847fffff
5992,8810f01a57fffff
5993,8810f47829fffff
5994,8810f62ec7fffff
5995,8810f46d5dfffff
5996,8810f6c2e1fffff
5997,88101b6cddfffff
5998,8810a96ee9fffff
5999,8810f66455fffff
6000,8810f42039fffff
6001,8810f6daabfffff
6002,8810f676e7fffff
6003,8810f61247fffff
6004,8810f5d865fffff
6005,8810f541c7fffff
6006,8810f62741fffff
6007,8810f4a9e5fffff
6008,8810f4a1d3fffff
6009,8810f4675dfffff
6010,8810f015c9fffff
6011,8810f5402dfffff
6012,8810f68c9bfffff
6013,88101b4cbbfffff
6014,8810f0baa7fffff
6015,88101b00c9fffff
6016,8810f0b20bfffff
6017,8810a92b43fffff
6018,8810f4a857fffff
6019,8810f010cdfffff
6020,8810f5c557fffff
6021,8810f000d9fffff
6022,8810f5cde7fffff
6023,8810f63539fffff
6024,8810f499e9fffff
6025,8810f5c035fffff
6026,8810f6d6adfffff
6027,8810f43665fffff
6028,8810f61063fffff
6029,8810f2973dfffff
6030,8810f29a0dfffff
6031,8810f68697fffff
6032,8810f5ce43fffff
6033,8810f43b2bfffff
6034,8810f59705fffff
6035,8810f6a495fffff
6036,8810f0d423fffff
6037,8810f61261fffff
6038,8810f5805dfffff
6039,8810f5906dfffff
6040,8810a9391dfffff
6041,8810a96dc5fffff
6042,88101b7985fffff
6043,8810f48e1bfffff
6044,8810f6993dfffff
6045,8810f4112bfffff
6046,8810f4051dfffff
6047,88101b46d5fffff
6048,8810f4b723fffff
6049,8810f0d1a1fffff
6050,8810f44e37fffff
6051,8810f45917fffff
6052,8810f446c1fffff
6053,8810a934c9fffff
6054,8810f694cdfffff
6055,8810f29265fffff
6056,8810f42443fffff
6057,8810f6961dfffff
6058,8810f4c303fffff
6059,8810f68421fffff
6060,8810f51289fffff
6061,8810f60b19fffff
6062,8810f40965fffff
6063,8810f6b341fffff
6064,8810f0c103fffff
6065,8810f59757fffff
6066,8810f6d4d1fffff
6067,88101b0d5bfffff
6068,88101b40b5fffff
6069,8810f66cb7fffff
6070,8810f408bbfffff
6071,8810f55a27fffff
6072,8810f41a21fffff
6073,8810f08703fffff
6074,8810f68987fffff
6075,8810f0c467fffff
6076,8810f44867fffff
6077,8810f55697fffff
6078,8810f68181fffff
6079,8810f4b1d1fffff
6080,8810f48c2dfffff
6081,8810f6ba59fffff
6082,88101b0a07fffff
6083,8810f6a715fffff
6084,8810f42a87fffff
6085,88101b4467fffff
6086,8810f0db0dfffff
6087,8810f28355fffff
6088,8810f46937fffff
6089,8810f01651fffff
6090,8810f4d4adfffff
6091,88101b7b31fffff
6092,8810f096b3fffff
6093,8810a96c9dfffff
6094,8810f6c193fffff
6095,88101b796bfffff
6096,8810f54423fffff
6097,8810f0970dfffff
6098,8810f44013fffff
6099,8810f09855fffff
6100,8810a975d3fffff
6101,8810f4b86dfffff
6102,8810f4371bfffff
6103,8810f40867fffff
6104,8810f0c5bbfffff
6105,88101a6e21fffff
6106,8810f44ab1fffff
6107,8810f4ce1bfffff
6108,8810f66505fffff
6109,8810f55531fffff
6110,88101b0843fffff
6111,8810f40861fffff
6112,8810f4c733fffff
6113,8810f44c45fffff
6114,8810f6b687fffff
6115,8810f44023fffff
6116,8810f6c303fffff
6117,8810f55b11fffff
6118,8810f45065fffff
6119,8810f6910bfffff
6120,8810f66c95fffff
6121,8810f0baebfffff
6122,8810f6c1a3fffff
6123,8810f08c61fffff
6124,8810f49b37fffff
6125,8810f55a1bfffff
6126,8810f6d733fffff
6127,8810f458b1fffff
6128,8810a975c5fffff
6129,8810f4b1bdfffff
6130,8810f610e3fffff
6131,88101b2d89fffff
6132,8810f4cce3fffff
6133,8810f4869bfffff
6134,8810a96e67fffff
6135,8810f4a689fffff
6136,8810f4ae83fffff
6137,8810f6af15fffff
6138,8810f6c36dfffff
6139,8810f50839fffff
6140,88101b2b57fffff
6141,8810f68eddfffff
6142,8810f6c25bfffff
6143,8810f460b3fffff
6144,88101b4f21fffff
6145,8810f47169fffff
6146,8810f42c2dfffff
6147,8810f6a035fffff
6148,8810f409cbfffff
6149,8810f558c9fffff
6150,8810f6800dfffff
6151,8810f6bb23fffff
6152,8810f44407fffff
6153,8810f5d913fffff
6154,88101b616bfffff
6155,8810f69453fffff
6156,8810f6952dfffff
6157,8810a9222bfffff
6158,88101b6ea7fffff
6159,8810f42285fffff
6160,88101b6047fffff
6161,8810f4535bfffff
6162,88101b0a53fffff
6163,8810f44e9bfffff
6164,8810f46cb3fffff
6165,8810f6b009fffff
6166,8810a92047fffff
6167,8810f51b29fffff
6168,8810f46e21fffff
6169,8810f42ab3fffff
6170,8810f421d1fffff
6171,8810f6c421fffff
6172,8810f6aa31fffff
6173,8810f45327fffff
6174,8810f5d2b1fffff
6175,8810f6213bfffff
6176,8810f0d509fffff
6177,8810f6ae45fffff
6178,8810f63767fffff
6179,8810f44643fffff
6180,8810f4ce83fffff
6181,88101b66a9fffff
6182,88101b2967fffff
6183,8810f09a3bfffff
6184,8810f63363fffff
6185,8810f0ca19fffff
6186,8810f4c6e5fffff
6187,8810f04b51fffff
6188,8810f696ebfffff
6189,88101b7693fffff
6190,8810f05b5dfffff
6191,8810f4c4d9fffff
6192,8810f40223fffff
6193,8810f6acb3fffff
6194,8810f40da9fffff
6195,8810f4470dfffff
6196,8810f41231fffff
6197,8810f410c7fffff
6198,8810f4043dfffff
6199,88101b6145fffff
6200,8810f48d65fffff
6201,8810f6d22bfffff
6202,8810f4a853fffff
6203,8810f08b27fffff
6204,8810f63a11fffff
6205,8810f4b721fffff
6206,8810a93b67fffff
6207,8810f4301bfffff
6208,8810a92227fffff
6209,8810f04987fffff
6210,8810f5cad5fffff
6211,8810f622b3fffff
6212,8810f585ebfffff
6213,8810f632c3fffff
6214,8810f6c207fffff
6215,8810f08041fffff
6216,8810f00281fffff
6217,8810f541e9fffff
6218,8810f6c20dfffff
6219,8810f094d3fffff
6220,8810f01843fffff
6221,8810f4ad09fffff
6222,8810f58519fffff
6223,8810f58363fffff
6224,8810f62f1dfffff
6225,88101b4adbfffff
6226,8810f6da53fffff
6227,88101b740bfffff
6228,8810f46529fffff
6229,8810f01285fffff
6230,8810f4b421fffff
6231,8810f6ce03fffff
6232,8810f5843bfffff
6233,8810f4c995fffff
6234,88101b60d1fffff
6235,8810a96085fffff
6236,8810a974d1fffff
6237,8810f43089fffff
6238,8810f58a1dfffff
6239,88101b6911fffff
6240,88101b2db1fffff
6241,8810f4c34bfffff
6242,8810f08e3dfffff
6243,8810f6852bfffff
6244,8810f41655fffff
6245,8810f0b15dfffff
6246,8810a92e91fffff
6247,8810f46cd7fffff
6248,8810f5c5cbfffff
6249,8810f4489bfffff
6250,8810f692bdfffff
6251,8810f60f4bfffff
6252,8810f50183fffff
6253,8810f09285fffff
6254,8810f6d6a7fffff
6255,8810f5516bfffff
6256,8810f08f41fffff
6257,8810f0ab55fffff
6258,88101b3b35fffff
6259,8810f50a3dfffff
6260,8810f4230dfffff
6261,8810f69035fffff
6262,88101b6103fffff
6263,8810f05b3dfffff
6264,8810f5536bfffff
6265,88101b4481fffff
6266,8810f090d3fffff
6267,8810f5cabbfffff
6268,8810a9664dfffff
6269,8810f47039fffff
6270,8810f0c0cdfffff
6271,8810f0b851fffff
6272,8810f68e95fffff
6273,8810f00347fffff
6274,8810f42d13fffff
6275,8810f446d9fffff
6276,8810f54037fffff
6277,8810f4249bfffff
6278,8810f45143fffff
6279,8810f6b465fffff
6280,8810f40c81fffff
6281,8810f4171bfffff
6282,8810f0c055fffff
6283,8810f014c5fffff
6284,8810f63593fffff
6285,8810f639c9fffff
6286,8810f54b3dfffff
6287,8810f43329fffff
6288,8810f28433fffff
6289,88101b7531fffff
6290,88101b748bfffff
6291,8810f0d0ddfffff
6292,8810f6920dfffff
6293,8810f08cd1fffff
6294,8810f04b67fffff
6295,8810f6b831fffff
6296,8810f44b43fffff
6297,8810f48dc3fffff
6298,8810f68b15fffff
6299,8810f48b37fffff
6300,88101a6d85fffff
6301,8810f69a0bfffff
6302,8810f296b7fffff
6303,8810a96d8dfffff
6304,8810f08255fffff
6305,8810f42907fffff
6306,8810f46ed9fffff
6307,8810f604bbfffff
6308,8810f4a587fffff
6309,8810a96517fffff
6310,8810f4ba51fffff
6311,8810f62ca1fffff
6312,8810f40a15fffff
6313,8810f414dbfffff
6314,8810a9653dfffff
6315,8810f09987fffff
6316,8810f08811fffff
6317,8810f58401fffff
6318,8810f0d2a7fffff
6319,8810f66133fffff
6320,8810f44995fffff
6321,8810f694a1fffff
6322,8810f29649fffff
6323,8810a96e45fffff
6324,8810f44e93fffff
6325,8810f4a55bfffff
6326,8810f08089fffff
6327,8810a92303fffff
6328,8810f51b1dfffff
6329,8810f0b231fffff
6330,8810f59809fffff
6331,88101b2d0bfffff
6332,8810f68265fffff
6333,8810f55619fffff
6334,8810f5896dfffff
6335,8810f4d8a9fffff
6336,8810f4026bfffff
6337,8810f6b9a1fffff
6338,8810f69ad5fffff
6339,8810f5ca09fffff
6340,8810f544b1fffff
6341,8810f6d731fffff
6342,8810f6ad41fffff
6343,8810f4d825fffff
6344,8810a96687fffff
6345,8810f58319fffff
6346,8810f6b695fffff
6347,8810f0bb33fffff
6348,88101b454bfffff
6349,8810f4d425fffff
6350,8810f0c0c5fffff
6351,8810f0195bfffff
6352,8810f41891fffff
6353,8810f63533fffff
6354,8810f48e97fffff
6355,8810f676a9fffff
6356,88101b1987fffff
6357,88101b0e03fffff
6358,8810f4235dfffff
6359,8810f4c28dfffff
6360,8810f43ae5fffff
6361,8810f51367fffff
6362,8810f4a137fffff
6363,8810f54e2bfffff
6364,8810f465a5fffff
6365,8810f4c2ddfffff
6366,8810f6af37fffff
6367,8810f4ccb3fffff
6368,8810f5955dfffff
6369,8810f43a05fffff
6370,8810f618c5fffff
6371,8810f46ca7fffff
6372,8810f6c315fffff
6373,8810f48a2dfffff
6374,8810f6bad7fffff
6375,88101b4ee3fffff
6376,8810a96f29fffff
6377,8810f4da21fffff
6378,8810f6a959fffff
6379,8810f6814bfffff
6380,88101b703bfffff
6381,8810f09443fffff
6382,8810f0ca35fffff
6383,8810f09031fffff
6384,8810f5cd6bfffff
6385,8810f4335dfffff
6386,8810f40dabfffff
6387,8810f4364dfffff
6388,8810f69139fffff
6389,8810f4d247fffff
6390,8810f5c613fffff
6391,8810f61269fffff
6392,8810f091c1fffff
6393,8810f6b0a5fffff
6394,8810f478ebfffff
6395,8810f4b4c7fffff
6396,88101b79bdfffff
6397,88101b4dabfffff
6398,8810f09199fffff
6399,8810f6dae9fffff
6400,8810f6a1ebfffff
6401,8810f5585bfffff
6402,8810f45697fffff
6403,8810f40935fffff
6404,8810f6a1d9fffff
6405,88101b0a39fffff
6406,8810f6af55fffff
6407,8810f0cf1dfffff
6408,8810f4102bfffff
6409,8810f59323fffff
6410,8810f44113fffff
6411,8810f548c9fffff
6412,8810f29311fffff
6413,8810f09901fffff
6414,8810f59661fffff
6415,8810f40ab7fffff
6416,8810f08c4dfffff
6417,8810f04b19fffff
6418,8810f50f21fffff
6419,8810f6109bfffff
6420,8810f0bb07fffff
6421,8810f6a757fffff
6422,8810f091ebfffff
6423,88101b7a57fffff
6424,88101b7b4dfffff
6425,8810f511e7fffff
6426,88101b736bfffff
6427,8810f0dad1fffff
6428,8810f40327fffff
6429,8810f44287fffff
6430,8810f6c813fffff
6431,8810f485bbfffff
6432,8810f05aadfffff
6433,8810f6cf3bfffff
6434,8810f284dbfffff
6435,8810f0823dfffff
6436,8810f6a5d9fffff
6437,8810f6373bfffff
6438,8810f63925fffff
6439,88101b2829fffff
6440,8810f61807fffff
6441,8810f4d44bfffff
6442,8810f08db3fffff
6443,88101b2d81fffff
6444,8810f6202bfffff
6445,8810f619a5fffff
6446,8810f622a3fffff
6447,8810f5d4cdfffff
6448,8810f55551fffff
6449,8810f40c0dfffff
6450,8810f6a5e3fffff
6451,8810f48f4bfffff
6452,8810f47267fffff
6453,8810f4d10bfffff
6454,8810f41a0dfffff
6455,8810f4c61dfffff
6456,8810f4c32dfffff
6457,8810f43523fffff
6458,8810a976ebfffff
6459,8810f4656dfffff
6460,8810f4ce97fffff
6461,8810f4a8abfffff
6462,8810f485abfffff
6463,8810f00089fffff
6464,8810f6361bfffff
6465,8810f4034bfffff
6466,8810f4ad1bfffff
6467,8810f501b9fffff
6468,8810f46705fffff
6469,8810f464c9fffff
6470,8810f62e3bfffff
6471,8810f63703fffff
6472,8810f4703dfffff
6473,88101b39e1fffff
6474,8810f4da19fffff
6475,8810f056cbfffff
6476,8810f2944bfffff
6477,8810a92459fffff
6478,88101a6f1dfffff
6479,8810f01ad9fffff
6480,8810f6ac35fffff
6481,88101b775dfffff
6482,8810f63ab1fffff
6483,8810f094a5fffff
6484,8810f69abbfffff
6485,8810f46dbdfffff
6486,8810f42ae7fffff
6487,8810f4d985fffff
6488,8810a93891fffff
6489,8810f6a205fffff
6490,8810f0c8b7fffff
6491,8810f5c701fffff
6492,8810f5585dfffff
6493,8810f6a631fffff
6494,8810f08229fffff
6495,8810f51185fffff
6496,8810f409e5fffff
6497,8810a92603fffff
6498,8810f60129fffff
6499,8810f4a06bfffff
6500,8810f61559fffff
6501,8810f0d297fffff
6502,8810f5bb37fffff
6503,8810f61623fffff
6504,8810f54305fffff
6505,88101b3969fffff
6506,8810f29505fffff
6507,8810f6b68dfffff
6508,8810f08e6dfffff
6509,8810f0908dfffff
6510,8810f40b5bfffff
6511,8810f62303fffff
6512,88101b7633fffff
6513,8810f6b1bbfffff
6514,8810f51ab5fffff
6515,8810f42ea3fffff
6516,8810f45aa3fffff
6517,8810f40409fffff
6518,8810f44d27fffff
6519,8810f54149fffff
6520,8810f58a95fffff
6521,8810f58939fffff
6522,8810f0c169fffff
6523,8810f290cbfffff
6524,8810f4cd2bfffff
6525,8810f0c097fffff
6526,8810f478a3fffff
6527,8810f46257fffff
6528,8810f5d0a5fffff
6529,8810f6aca5fffff
6530,8810f4c9d9fffff
6531,8810f4ba0dfffff
6532,8810a92acbfffff
6533,8810f63a6bfffff
6534,8810f54e67fffff
6535,8810f0cf31fffff
6536,8810f08b53fffff
6537,88101b683bfffff
6538,8810f45a1bfffff
6539,8810f4b8abfffff
6540,8810f62cabfffff
6541,8810f29559fffff
6542,8810f0d9e7fffff
6543,8810f4a5adfffff
6544,8810f42651fffff
6545,8810f519ddfffff
6546,8810f05205fffff
6547,8810f6804bfffff
6548,8810f08d29fffff
6549,8810f6a66dfffff
6550,8810f6da09fffff
6551,8810f08159fffff
6552,8810f01057fffff
6553,8810f54d15fffff
6554,8810f4b8a3fffff
6555,8810a92989fffff
6556,8810f462dbfffff
6557,8810f5d453fffff
6558,88101b4d6dfffff
6559,8810f280e7fffff
6560,8810f0823bfffff
6561,8810f46b5dfffff
6562,8810f4465bfffff
6563,8810a92f09fffff
6564,8810f4a8cbfffff
6565,8810f4adedfffff
6566,8810f598b5fffff
6567,8810f664e9fffff
6568,8810f55515fffff
6569,8810f55659fffff
6570,8810f44c85fffff
6571,8810f46753fffff
6572,8810f5ba11fffff
6573,8810f416ebfffff
6574,88101b0b33fffff
6575,8810f4a709fffff
6576,8810f60edbfffff
6577,8810f4c943fffff
6578,8810f444a1fffff
6579,8810f58b4dfffff
6580,8810f0166bfffff
6581,8810f058d5fffff
6582,8810f47299fffff
6583,88101b784dfffff
6584,8810f0da35fffff
6585,8810f4a353fffff
6586,8810f4b1b1fffff
6587,8810a928d3fffff
6588,8810f09037fffff
6589,8810f49981fffff
6590,8810f4b909fffff
6591,8810f4b051fffff
6592,8810f47b3bfffff
6593,88101b6647fffff
6594,8810f04985fffff
6595,8810f424d1fffff
6596,8810f049c7fffff
6597,8810a960e9fffff
6598,8810f68037fffff
6599,8810f45051fffff
6600,8810f404edfffff
6601,8810f6190dfffff
6602,8810f4b43dfffff
6603,88101b6cedfffff
6604,8810f68621fffff
6605,8810f0c95bfffff
6606,8810f43717fffff
6607,8810f60317fffff
6608,8810f0c4dbfffff
6609,8810f0c2a3fffff
6610,8810f4730dfffff
6611,8810f4b985fffff
6612,88101b6a21fffff
6613,8810f281abfffff
6614,8810f6c0c1fffff
6615,8810f04133fffff
6616,8810f40e33fffff
6617,8810a929d3fffff
6618,8810f40645fffff
6619,8810f69839fffff
6620,8810f4b701fffff
6621,8810f47327fffff
6622,8810f08ccbfffff
6623,8810f01101fffff
6624,8810f4d42bfffff
6625,8810f4688dfffff
6626,8810f0c09dfffff
6627,88101b0897fffff
6628,8810a96451fffff
6629,8810f468edfffff
6630,8810f6b5dbfffff
6631,8810f58de7fffff
6632,8810f589d3fffff
6633,8810f601e3fffff
6634,8810a928cbfffff
6635,8810f40c95fffff
6636,8810f41123fffff
6637,8810f42933fffff
6638,8810f692cdfffff
6639,8810f6a9c3fffff
6640,8810f400a5fffff
6641,8810f29413fffff
6642,8810f4314bfffff
6643,8810f422b5fffff
6644,8810f4c1a5fffff
6645,8810f50951fffff
6646,8810a96833fffff
6647,8810f442e9fffff
6648,8810f0d261fffff
6649,88101b7403fffff
6650,8810f5099bfffff
6651,8810f58869fffff
6652,8810f489bbfffff
6653,8810a92c33fffff
6654,88101b6169fffff
6655,8810f41135fffff
6656,8810f0005dfffff
6657,8810f67467fffff
6658,8810f68851fffff
6659,8810f05b43fffff
6660,8810f59aabfffff
6661,8810a96003fffff
6662,8810f282bdfffff
6663,8810a93a31fffff
6664,8810f0b815fffff
6665,8810f4b44bfffff
6666,8810f6dab9fffff
6667,8810f63817fffff
6668,8810f0936dfffff
6669,88101b6e67fffff
6670,8810f62ce9fffff
6671,8810f5d353fffff
6672,8810f4a237fffff
6673,8810f40881fffff
6674,8810f5d8a3fffff
6675,8810f6a36bfffff
6676,88101b0e6dfffff
6677,8810f67401fffff
6678,8810f4a2b1fffff
6679,8810f63a35fffff
6680,8810f6ac87fffff
6681,88101b6095fffff
6682,8810f4c1a1fffff
6683,8810f63059fffff
6684,8810f43227fffff
6685,8810f0c507fffff
6686,8810f5c35bfffff
6687,8810f29535fffff
6688,8810f0c405fffff
6689,8810f0850bfffff
6690,8810f61857fffff
6691,8810f4ae39fffff
6692,8810a92a95fffff
6693,8810f5b845fffff
6694,8810f58ae1fffff
6695,8810f5d1bdfffff
6696,8810f4b23dfffff
6697,8810f6316bfffff
6698,8810f585bdfffff
6699,8810a92f33fffff
6700,8810f45591fffff
6701,8810f47b09fffff
6702,8810f69a47fffff
6703,8810f6b649fffff
6704,8810f46121fffff
6705,88101b776bfffff
6706,8810f466d3fffff
6707,88101b4e41fffff
6708,8810f60a95fffff
6709,8810f4a75dfffff
6710,8810f51a5bfffff
6711,8810f450d5fffff
6712,8810f60b1bfffff
6713,8810f0a263fffff
6714,8810f50965fffff
6715,8810f44447fffff
6716,8810f2966bfffff
6717,8810f4133dfffff
6718,8810a92327fffff
6719,8810f6d59bfffff
6720,8810f2816dfffff
6721,8810f44833fffff
6722,8810f6a321fffff
6723,8810f4d0e5fffff
6724,8810f6a185fffff
6725,8810f59993fffff
6726,8810f0d18bfffff
6727,88101b6b11fffff
6728,8810a928e9fffff
6729,8810f096a3fffff
6730,8810f6c083fffff
6731,8810f4b4a9fffff
6732,8810f05265fffff
6733,8810f6a2c3fffff
6734,8810f66157fffff
6735,8810f44ad1fffff
6736,8810f436a5fffff
6737,8810f4590dfffff
6738,8810a97421fffff
6739,8810f68409fffff
6740,8810f5144bfffff
6741,8810f66dd9fffff
6742,8810f45a43fffff
6743,8810f4c96bfffff
6744,8810f46a29fffff
6745,8810f4aa6dfffff
6746,8810f5c109fffff
6747,8810f4b251fffff
6748,8810f6c609fffff
6749,8810f47165fffff
6750,8810a96743fffff
6751,8810f5563bfffff
6752,8810f62d21fffff
6753,8810f675c7fffff
6754,8810f42607fffff
6755,8810f0cda1fffff
6756,8810f6b01bfffff
6757,8810f61435fffff
6758,8810f4d2d1fffff
6759,8810f68751fffff
6760,8810f6d597fffff
6761,8810f501e3fffff
6762,8810f5ca6bfffff
6763,8810f6744bfffff
6764,8810f08123fffff
6765,8810f5913bfffff
6766,8810f0b833fffff
6767,88101b609bfffff
6768,8810f0db07fffff
6769,88101b0931fffff
6770,8810f68035fffff
6771,8810f58593fffff
6772,8810f4c051fffff
6773,88101b798bfffff
6774,8810f42dd3fffff
6775,8810f59351fffff
6776,8810f5b803fffff
6777,8810f44d3dfffff
6778,8810f55893fffff
6779,88101b4f23fffff
6780,8810f4a9cdfffff
6781,8810f5586bfffff
6782,8810a92117fffff
6783,8810f4aac7fffff
6784,8810f0d421fffff
6785,8810f61167fffff
6786,8810f6a70dfffff
6787,8810f4220bfffff
6788,88101b711dfffff
6789,8810f4d1a9fffff
6790,88101a6dedfffff
6791,8810f4a1bdfffff
6792,8810f2868dfffff
6793,8810f6b6e1fffff
6794,8810f016b1fffff
6795,8810f44045fffff
6796,8810f430bdfffff
6797,8810f432abfffff
6798,8810f4b467fffff
6799,8810f4c821fffff
6800,8810f5531bfffff
6801,8810f2819dfffff
6802,8810f5d2dbfffff
6803,8810f0ca9bfffff
6804,8810f63139fffff
6805,8810f41033fffff
6806,8810f428ddfffff
6807,88101b462bfffff
6808,8810f4d227fffff
6809,8810f5c8c3fffff
6810,88101b6863fffff
6811,8810f051dbfffff
6812,8810f29949fffff
6813,8810aba4b9fffff
6814,8810f6af35fffff
6815,8810f08b47fffff
6816,8810f46a89fffff
6817,8810f08a03fffff
6818,8810f5c195fffff
6819,8810f4725bfffff
6820,8810f45731fffff
6821,8810f63a8bfffff
6822,8810f4a251fffff
6823,8810f43739fffff
6824,8810f6af1dfffff
6825,8810a92ce7fffff
6826,8810f6d30bfffff
6827,8810f0da6bfffff
6828,8810f479bbfffff
6829,8810f6a1d5fffff
6830,8810f620d5fffff
6831,8810f0db27fffff
6832,8810f5c443fffff
6833,8810f6ba23fffff
6834,8810f4b92dfffff
6835,8810f4d693fffff
6836,88101b693dfffff
6837,8810f0c323fffff
6838,8810aba71bfffff
6839,8810f2980bfffff
6840,8810f058a7fffff
6841,88101b7111fffff
6842,8810f479bdfffff
6843,8810f5484dfffff
6844,8810f44a5bfffff
6845,88101b6e47fffff
6846,8810f43181fffff
6847,8810f42acdfffff
6848,8810f40f4bfffff
6849,8810f509c5fffff
6850,8810f698a1fffff
6851,88101b71b9fffff
6852,88101b476dfffff
6853,8810a93811fffff
6854,8810f5d84dfffff
6855,88101b6f4bfffff
6856,8810f58331fffff
6857,8810f4725dfffff
6858,8810f09065fffff
6859,8810f5d317fffff
6860,88101b0521fffff
6861,8810f056cdfffff
6862,88101b5481fffff
6863,8810f48d45fffff
6864,8810f63b45fffff
6865,8810f08f25fffff
6866,88101b09abfffff
6867,88101b7005fffff
6868,8810f51283fffff
6869,8810f6b747fffff
6870,8810f049dbfffff
6871,8810f41a45fffff
6872,8810f6a9c7fffff
6873,8810f47a1dfffff
6874,8810f66e6bfffff
6875,8810f5d305fffff
6876,8810f5ba05fffff
6877,8810f5c947fffff
6878,8810f29731fffff
6879,88101a6f07fffff
6880,8810f49b33fffff
6881,8810f4ae87fffff
6882,8810f5d021fffff
6883,8810f2923bfffff
6884,8810f0560bfffff
6885,88101b2b11fffff
6886,8810f4608dfffff
6887,8810f4add9fffff
6888,8810f2919bfffff
6889,88101b2b15fffff
6890,8810a96725fffff
6891,8810f0cc03fffff
6892,8810f0ca3dfffff
6893,8810f298bdfffff
6894,8810f5b83bfffff
6895,8810f58da5fffff
6896,8810f6c16dfffff
6897,88101b0159fffff
6898,88101b444bfffff
6899,8810f51a39fffff
6900,8810a96c29fffff
6901,8810f68d17fffff
6902,8810a93957fffff
6903,8810f08c5dfffff
6904,8810f46f37fffff
6905,8810f44e35fffff
6906,8810f6b8c5fffff
6907,88101b79ddfffff
6908,8810f010adfffff
6909,8810f5da9dfffff
6910,8810f281e9fffff
6911,8810f59737fffff
6912,8810f5dabdfffff
6913,8810f6a6a3fffff
6914,8810f4cad5fffff
6915,8810f63a01fffff
6916,8810f2915bfffff
6917,88101b66b9fffff
6918,88101b0a5dfffff
6919,8810f698adfffff
6920,88101b7065fffff
6921,8810f4b291fffff
6922,8810f63a81fffff
6923,88101b4569fffff
6924,8810f590a3fffff
6925,8810f28a53fffff
6926,8810f5d59bfffff
6927,8810f519c5fffff
6928,88101b7863fffff
6929,8810f44d9dfffff
6930,8810f61b13fffff
6931,8810f42b63fffff
6932,88101b46a1fffff
6933,8810f6c62dfffff
6934,8810f62643fffff
6935,8810f01a47fffff
6936,88101b0ee3fffff
6937,8810f51a41fffff
6938,8810f6a05bfffff
6939,88101b0109fffff
6940,88101b4cd3fffff
6941,8810f5c347fffff
6942,8810f099cdfffff
6943,8810f0948dfffff
6944,8810f55239fffff
6945,8810f4b02bfffff
6946,88101b7465fffff
6947,8810f6d301fffff
6948,88101b4eabfffff
6949,8810f01247fffff
6950,8810f460d9fffff
6951,8810f0d00dfffff
6952,8810f67439fffff
6953,8810f09a3dfffff
6954,8810f00225fffff
6955,8810f47351fffff
6956,8810f43b01fffff
6957,8810f09807fffff
6958,8810a96d4dfffff
6959,8810f54a63fffff
6960,88101b0c99fffff
6961,8810f0cf53fffff
6962,8810f6a6bdfffff
6963,8810f4588bfffff
6964,8810f09847fffff
6965,8810f0832dfffff
6966,8810f46091fffff
6967,8810f05b4dfffff
6968,8810f449bbfffff
6969,8810a96e63fffff
6970,88101b5699fffff
6971,8810f4ac45fffff
6972,8810f46b61fffff
6973,8810f01187fffff
6974,88101b6b43fffff
6975,8810f4756dfffff
6976,8810f59263fffff
6977,8810f511d1fffff
6978,8810f416d5fffff
6979,88101b2b2bfffff
6980,8810f589dbfffff
6981,8810f4b42bfffff
6982,8810f66535fffff
6983,8810f414cbfffff
6984,8810f484adfffff
6985,8810f04023fffff
6986,8810f4c2cbfffff
6987,8810f0ab39fffff
6988,8810f54a43fffff
6989,8810f6395dfffff
6990,8810f6048bfffff
6991,8810f5176bfffff
6992,8810f58ee7fffff
6993,8810f4b537fffff
6994,8810f69a1bfffff
6995,8810f42b59fffff
6996,8810f6c6b3fffff
6997,8810f54727fffff
6998,8810f42d95fffff
6999,8810f680cbfffff
7000,8810f6b211fffff
7001,8810f66cc7fffff
7002,88101b0f3dfffff
7003,8810a96ca5fffff
7004,88101b6917fffff
7005,8810f46989fffff
7006,8810f615d9fffff
7007,8810f0da8dfffff
7008,8810f4009dfffff
7009,8810f08da9fffff
7010,88101b6663fffff
7011,8810f5dad3fffff
7012,8810f47a13fffff
7013,8810f4244dfffff
7014,88101b629dfffff
7015,8810f430ebfffff
7016,8810f5415bfffff
7017,8810f41415fffff
7018,88101b055dfffff
7019,8810f015d3fffff
7020,88101b0585fffff
7021,8810f625cbfffff
7022,8810f4372dfffff
7023,8810f4d82bfffff
7024,8810f69149fffff
7025,8810f4b0edfffff
7026,88101b0139fffff
7027,8810f0cc01fffff
7028,8810f680c1fffff
7029,8810f5d4a9fffff
7030,88101b46c5fffff
7031,88101b4199fffff
7032,8810f555d1fffff
7033,8810f4ce0dfffff
7034,8810a92165fffff
7035,8810f540d7fffff
7036,8810f09a4dfffff
7037,8810f5889bfffff
7038,8810f49a61fffff
7039,8810f094e5fffff
7040,8810f08c0dfffff
7041,8810f4771bfffff
7042,8810f05891fffff
7043,8810f44a09fffff
7044,8810f04851fffff
7045,8810f4899dfffff
7046,8810f47733fffff
7047,8810f0ab25fffff
7048,8810f6c4bbfffff
7049,8810f09653fffff
7050,88101b0855fffff
7051,8810f44d0bfffff
7052,8810a93a09fffff
7053,8810f4ceb5fffff
7054,8810f61581fffff
7055,8810f429a5fffff
7056,8810f6d66bfffff
7057,8810f556d9fffff
7058,8810f0c689fffff
7059,8810f419e5fffff
7060,8810f448c3fffff
7061,8810f51ad9fffff
7062,8810a92a41fffff
7063,8810f05135fffff
7064,8810f62355fffff
7065,8810a9229dfffff
7066,8810a9659bfffff
7067,8810f4741dfffff
7068,8810f40757fffff
7069,8810f62131fffff
7070,8810a96461fffff
7071,8810f55033fffff
7072,8810a92b01fffff
7073,8810f46ce5fffff
7074,8810a96811fffff
7075,8810f55053fffff
7076,8810f6d05bfffff
7077,8810a975b9fffff
7078,8810f454bdfffff
7079,8810f6d449fffff
7080,8810f58415fffff
7081,8810f5559dfffff
7082,8810f548a9fffff
7083,88101b4e01fffff
7084,8810f6a203fffff
7085,88101b71ebfffff
7086,8810f0da8bfffff
7087,8810f28639fffff
7088,8810f676b5fffff
7089,8810f6cf55fffff
7090,8810f69a61fffff
7091,8810f5d5c9fffff
7092,8810f0b2c1fffff
7093,8810f4a513fffff
7094,8810f41317fffff
7095,8810f62ec3fffff
7096,88101b4ab3fffff
7097,8810f4ae97fffff
7098,8810f44099fffff
7099,8810f6656dfffff
7100,8810f29417fffff
7101,88101b6289fffff
7102,8810f59665fffff
7103,8810f6c59bfffff
7104,8810f2b14dfffff
7105,8810f094bdfffff
7106,8810f6309dfffff
7107,8810f0db59fffff
7108,8810a96d3bfffff
7109,8810f43135fffff
7110,8810f6ba2bfffff
7111,8810f0c925fffff
7112,8810f69013fffff
7113,8810f61981fffff
7114,8810f46d47fffff
7115,8810f5c9e1fffff
7116,8810f42085fffff
7117,8810f5c139fffff
7118,8810f5c245fffff
7119,8810f0d2abfffff
7120,8810f46e61fffff
7121,8810f4da45fffff
7122,88101b3b07fffff
7123,8810f68b27fffff
7124,8810f54205fffff
7125,8810f68edbfffff
7126,8810a92b07fffff
7127,8810f28509fffff
7128,8810f59ad7fffff
7129,8810f04933fffff
7130,8810f0bb55fffff
7131,8810f4549dfffff
7132,8810f58f21fffff
7133,8810f5bb1bfffff
7134,88101b721bfffff
7135,8810f4c517fffff
7136,8810f475b1fffff
7137,8810a928c7fffff
7138,88101b78b3fffff
7139,8810f08997fffff
7140,8810f42833fffff
7141,8810f46eb1fffff
7142,8810f59217fffff
7143,8810f40557fffff
7144,8810f48491fffff
7145,8810f63899fffff
7146,8810a92147fffff
7147,8810f43509fffff
7148,8810f5c85bfffff
7149,8810a93869fffff
7150,8810f462adfffff
7151,88101b7ad1fffff
7152,8810f58159fffff
7153,8810f6b2d3fffff
7154,8810f08515fffff
7155,8810f05b25fffff
7156,8810f63317fffff
7157,8810f09741fffff
7158,8810f29811fffff
7159,8810f46c85fffff
7160,88101b7561fffff
7161,8810f61569fffff
7162,88101a6da3fffff
7163,8810f58803fffff
7164,8810f451cbfffff
7165,8810f295c9fffff
7166,8810f45003fffff
7167,8810f442ddfffff
7168,8810f6175dfffff
7169,88101b610dfffff
7170,8810f5c935fffff
7171,8810f6d4e1fffff
7172,88101b0325fffff
7173,8810f62f19fffff
7174,8810f4acbbfffff
7175,8810f09a8dfffff
7176,8810f5d403fffff
7177,8810f47a45fffff
7178,8810f63433fffff
7179,8810f60cd7fffff
7180,8810f295ebfffff
7181,8810f50205fffff
7182,8810f5c61dfffff
7183,8810f01b25fffff
7184,8810f62f4bfffff
7185,8810f41a4bfffff
7186,88101b66e1fffff
7187,8810f62d95fffff
7188,8810f665bbfffff
7189,88101b7947fffff
7190,8810f4444bfffff
7191,8810f4af13fffff
7192,8810f54b37fffff
7193,8810f479b3fffff
7194,8810f5d8a7fffff
7195,8810f60a99fffff
7196,8810a96ce1fffff
7197,8810f29611fffff
7198,8810f08eb7fffff
7199,88101b603dfffff
7200,8810f40c0bfffff
7201,8810f5019bfffff
7202,8810f59927fffff
7203,8810f6b889fffff
7204,8810f5133bfffff
7205,8810f42329fffff
7206,8810f0b147fffff
7207,8810f09899fffff
7208,8810f62329fffff
7209,8810f60b33fffff
7210,88101b19adfffff
7211,8810f5104dfffff
7212,8810f49b21fffff
7213,8810f0418dfffff
7214,8810f59b6dfffff
7215,8810f6b139fffff
7216,8810f4c325fffff
7217,8810f08505fffff
7218,8810f40587fffff
7219,88101b56a9fffff
7220,8810f6a1cbfffff
7221,8810f6ba0bfffff
7222,8810f40dedfffff
7223,8810f0d8d3fffff
7224,8810f4054bfffff
7225,8810f28767fffff
7226,88101b72c1fffff
7227,88101b68c7fffff
7228,8810f450a5fffff
7229,8810f5da33fffff
7230,88101b6d1bfffff
7231,8810f54613fffff
7232,8810f58925fffff
7233,8810f63921fffff
7234,8810f42b19fffff
7235,88101b2c25fffff
7236,8810f6c0a1fffff
7237,8810f62c13fffff
7238,8810f085c9fffff
7239,8810f584edfffff
7240,8810f6b80bfffff
7241,8810f284b9fffff
7242,8810a96097fffff
7243,8810a93ab9fffff
7244,8810f540ddfffff
7245,8810f01a3dfffff
7246,8810f4d081fffff
7247,8810f4015dfffff
7248,8810f4275bfffff
7249,88101b6d51fffff
7250,8810f4ced3fffff
7251,88101b0edbfffff
7252,8810a97441fffff
7253,8810f4af15fffff
7254,88101b2923fffff
7255,8810f61b41fffff
7256,8810f55113fffff
7257,8810f47841fffff
7258,8810f48a43fffff
7259,88101b6b0dfffff
7260,8810f5d323fffff
7261,8810f002bdfffff
7262,8810f4d0e1fffff
7263,8810f446d3fffff
7264,8810a92d41fffff
7265,8810f68147fffff
7266,8810f516c1fffff
7267,8810f592c3fffff
7268,8810f42ae3fffff
7269,8810f69321fffff
7270,8810f000c3fffff
7271,8810f48691fffff
7272,8810a928c9fffff
7273,8810a92701fffff
7274,8810f462cbfffff
7275,8810f0b195fffff
7276,8810a93a67fffff
7277,8810f558d5fffff
7278,8810f51a6bfffff
7279,8810f48ad5fffff
7280,8810f40405fffff
7281,8810f48161fffff
7282,8810f0141dfffff
7283,8810f58237fffff
7284,8810f59549fffff
7285,8810f48f03fffff
7286,88101b4731fffff
7287,8810f4a721fffff
7288,8810f585b9fffff
7289,8810f519b7fffff
7290,8810f62d35fffff
7291,8810f680d1fffff
7292,8810f449e1fffff
7293,8810f45737fffff
7294,8810f68519fffff
7295,8810f6c0adfffff
7296,8810f6990dfffff
7297,8810f4624dfffff
7298,88101b4d49fffff
7299,88101b7a4bfffff
7300,8810f01615fffff
7301,88101b4f05fffff
7302,8810f5d12bfffff
7303,88101b735bfffff
7304,8810aba613fffff
7305,8810f54eabfffff
7306,8810f2961bfffff
7307,8810f5963dfffff
7308,8810f6249dfffff
7309,8810f4855dfffff
7310,8810f6b089fffff
7311,8810f55859fffff
7312,8810f284c9fffff
7313,8810f45b43fffff
7314,8810f09733fffff
7315,8810f61851fffff
7316,8810f48f21fffff
7317,8810f445e5fffff
7318,8810f4d61bfffff
7319,8810f089e5fffff
7320,8810a96db9fffff
7321,8810f0584dfffff
7322,8810f424cbfffff
7323,8810f4d2e9fffff
7324,8810f5d4e3fffff
7325,8810f6a491fffff
7326,8810f431b1fffff
7327,8810f01239fffff
7328,8810f6b5cdfffff
7329,8810f0bb3bfffff
7330,8810f6980dfffff
7331,8810a9a493fffff
7332,8810f6b255fffff
7333,8810f0d143fffff
7334,8810a96d09fffff
7335,8810f5cb57fffff
7336,8810f5c22dfffff
7337,8810f28145fffff
7338,8810f29b21fffff
7339,8810f050cbfffff
7340,88101b6343fffff
7341,8810f5d425fffff
7342,88101b4e9dfffff
7343,8810f6a1b1fffff
7344,8810f4c257fffff
7345,8810f631adfffff
7346,8810f05137fffff
7347,8810f515e5fffff
7348,8810f688adfffff
7349,88101b7413fffff
7350,8810f694e1fffff
7351,8810a934e7fffff
7352,8810f6b481fffff
7353,8810f66197fffff
7354,8810f551b1fffff
7355,8810f5d2c5fffff
7356,8810f5cb55fffff
7357,8810f01a93fffff
7358,8810f61053fffff
7359,88101b4423fffff
7360,8810f4b831fffff
7361,8810f29819fffff
7362,8810f661a5fffff
7363,8810f0b961fffff
7364,8810f4cca1fffff
7365,8810f05963fffff
7366,8810f6b12dfffff
7367,8810f6a599fffff
7368,8810f41191fffff
7369,8810f4a737fffff
7370,8810f59343fffff
7371,8810f55841fffff
7372,8810f01217fffff
7373,8810f4b241fffff
7374,8810f40ad9fffff
7375,8810f442a3fffff
7376,8810f6b1a3fffff
7377,8810f48abbfffff
7378,88101b1997fffff
7379,8810f4af29fffff
7380,8810f4bb29fffff
7381,8810f45885fffff
7382,8810f0c60bfffff
7383,8810f0485bfffff
7384,8810f51985fffff
7385,8810f47897fffff
7386,88101b0ad7fffff
7387,8810f6120dfffff
7388,8810f61899fffff
7389,8810f42cc9fffff
7390,8810f08065fffff
7391,8810f400c1fffff
7392,8810f4c5b9fffff
7393,8810f5c309fffff
7394,8810f69011fffff
7395,8810f0cf4dfffff
7396,8810f5193dfffff
7397,8810a966e7fffff
7398,8810f590edfffff
7399,8810f48eb5fffff
7400,8810f4cd9bfffff
7401,8810a965b9fffff
7402,8810f09853fffff
7403,8810f4b901fffff
7404,8810f41463fffff
7405,8810f01447fffff
7406,8810a925adfffff
7407,88101b0ea9fffff
7408,8810f6d0cdfffff
7409,8810f4a257fffff
7410,88101b666bfffff
7411,88101b6ae7fffff
7412,8810f60abdfffff
7413,8810f60031fffff
7414,88101b7063fffff
7415,8810a92f35fffff
7416,8810f6b051fffff
7417,8810a97647fffff
7418,8810f6c089fffff
7419,8810f63523fffff
7420,8810f42a3dfffff
7421,8810f5d819fffff
7422,88101b19a7fffff
7423,8810f69581fffff
7424,8810f62a5dfffff
7425,8810f01225fffff
7426,8810f54d01fffff
7427,8810f5ca29fffff
7428,8810f50b59fffff
7429,8810a96547fffff
7430,8810f08503fffff
7431,8810f016c1fffff
7432,8810f4b28bfffff
7433,8810a92c5bfffff
7434,8810f63835fffff
7435,8810f68ea9fffff
7436,8810f446edfffff
7437,8810f60d97fffff
7438,8810f444c3fffff
7439,8810f0d469fffff
7440,8810f0025dfffff
7441,8810f0169bfffff
7442,8810f4d351fffff
7443,8810f09529fffff
7444,8810f48f19fffff
7445,8810f4c319fffff
7446,88101b691bfffff
7447,88101b772bfffff
7448,8810f48cddfffff
7449,8810a974d3fffff
7450,8810f59923fffff
7451,8810f4c089fffff
7452,8810f44765fffff
7453,8810f43723fffff
7454,8810f61b2bfffff
7455,8810f63733fffff
7456,88101b6ce7fffff
7457,8810f612b3fffff
7458,8810f67681fffff
7459,8810a92d43fffff
7460,88101a6ca3fffff
7461,8810f08ab3fffff
7462,8810f68313fffff
7463,8810f699d3fffff
7464,8810a9669dfffff
7465,8810f6c5edfffff
7466,8810f47131fffff
7467,8810f282a7fffff
7468,8810f4491dfffff
7469,88101b6ed5fffff
7470,88101b54c7fffff
7471,8810f6a705fffff
7472,8810f5cd57fffff
7473,8810f66e1dfffff
7474,8810f5450bfffff
7475,8810f51a83fffff
7476,8810f48dbdfffff
7477,8810f55aa9fffff
7478,8810f4230bfffff
7479,8810f6d2a7fffff
7480,8810f00301fffff
7481,8810f5511bfffff
7482,8810f04147fffff
7483,8810f284b7fffff
7484,8810f69559fffff
7485,8810f42741fffff
7486,8810f5dac9fffff
7487,8810f5581dfffff
7488,8810f519cbfffff
7489,8810f6656bfffff
7490,8810f4d113fffff
7491,8810f62ca5fffff
7492,8810a975c7fffff
7493,8810f601d7fffff
7494,8810f448cdfffff
7495,8810f0c6e9fffff
7496,8810f0b2a9fffff
7497,8810f4480dfffff
7498,8810f68323fffff
7499,88101b0b63fffff
7500,8810f62cc9fffff
7501,8810f4d939fffff
7502,8810f0da85fffff
7503,8810f0c84bfffff
7504,8810f5c849fffff
7505,8810f4b63dfffff
7506,8810f51237fffff
7507,8810f0d64dfffff
7508,8810f4558bfffff
7509,8810a960d9fffff
7510,8810f6168dfffff
7511,8810f55705fffff
7512,8810f62651fffff
7513,8810f47967fffff
7514,8810f458e7fffff
7515,8810f47467fffff
7516,8810f6ac2bfffff
7517,8810a974d5fffff
7518,88101b4d1bfffff
7519,8810aba611fffff
7520,8810f4d083fffff
7521,8810f5d0a1fffff
7522,8810f55a35fffff
7523,8810f0d657fffff
7524,88101b5443fffff
7525,8810f0c2ebfffff
7526,8810a928dbfffff
7527,8810f6af23fffff
7528,8810f4d903fffff
7529,8810f442b3fffff
7530,8810a92625fffff
7531,8810f50059fffff
7532,8810f54645fffff
7533,8810f6942bfffff
7534,8810f0b151fffff
7535,8810f63827fffff
7536,8810f63933fffff
7537,8810f69a39fffff
7538,8810f48da9fffff
7539,8810f41515fffff
7540,8810f63ac1fffff
7541,8810f60101fffff
7542,8810f0d047fffff
7543,8810f08667fffff
7544,88101b0ed1fffff
7545,88101b70c5fffff
7546,8810f6a8cbfffff
7547,8810f54081fffff
7548,8810f04201fffff
7549,8810f54945fffff
7550,8810f62a49fffff
7551,8810f5131dfffff
7552,8810f4cce9fffff
7553,8810f059b5fffff
7554,8810f5d10dfffff
7555,8810f0c35bfffff
7556,8810f4d195fffff
7557,88101b094bfffff
7558,8810f00745fffff
7559,8810a93b6bfffff
7560,8810f5518dfffff
7561,8810f28691fffff
7562,8810f0ce47fffff
7563,88101b0945fffff
7564,8810f44619fffff
7565,8810a924a1fffff
7566,88101b6d5dfffff
7567,8810f478e9fffff
7568,8810f48127fffff
7569,88101b6abbfffff
7570,8810f4d4c1fffff
7571,8810f66193fffff
7572,8810f41417fffff
7573,88101b0d11fffff
7574,8810f6ba53fffff
7575,8810f4c5adfffff
7576,8810f54f47fffff
7577,8810f4aeddfffff
7578,88101b0957fffff
7579,8810f62d01fffff
7580,8810f46297fffff
7581,8810f4d52bfffff
7582,8810f62153fffff
7583,8810f44b69fffff
7584,88101b0a6bfffff
7585,8810f5d595fffff
7586,8810a922bbfffff
7587,8810f0bac7fffff
7588,8810f4cb47fffff
7589,8810f59085fffff
7590,8810f40427fffff
7591,8810f6ba51fffff
7592,8810f2b301fffff
7593,8810f68d03fffff
7594,8810f05aa9fffff
7595,8810f0910dfffff
7596,8810a96625fffff
7597,8810f6d1a7fffff
7598,8810f0d10bfffff
7599,88101b7827fffff
7600,8810f625c1fffff
7601,8810f608d9fffff
7602,8810f45583fffff
7603,8810a93b63fffff
7604,8810f66cb5fffff
7605,8810f418d9fffff
7606,88101b4f6bfffff
7607,8810a96053fffff
7608,88101b3b31fffff
7609,8810f44cb7fffff
7610,8810f44a99fffff
7611,8810f6174bfffff
7612,88101b0eb7fffff
7613,8810f485b5fffff
7614,8810f09b25fffff
7615,8810f0418bfffff
7616,8810f0c639fffff
7617,8810f05007fffff
7618,8810f08253fffff
7619,8810a976c3fffff
7620,8810f691c7fffff
7621,8810f63109fffff
7622,8810f4cd9dfffff
7623,8810f0c9a1fffff
7624,88101b0b35fffff
7625,8810f478c7fffff
7626,8810f556a7fffff
7627,8810f5d4e7fffff
7628,8810f550bbfffff
7629,8810f42c29fffff
7630,8810f2950bfffff
7631,8810f0d0c9fffff
7632,88101b48e7fffff
7633,8810f291b1fffff
7634,8810f40c41fffff
7635,8810f4a289fffff
7636,8810f51b47fffff
7637,8810f43ab5fffff
7638,8810f66cbbfffff
7639,8810f60f1dfffff
7640,8810f01933fffff
7641,8810f4cce5fffff
7642,8810f08157fffff
7643,8810f630d1fffff
7644,8810f0d50dfffff
7645,8810f66ab9fffff
7646,8810f41991fffff
7647,88101b451bfffff
7648,8810f62a51fffff
7649,88101b4d69fffff
7650,88101b62c7fffff
7651,8810f69a51fffff
7652,8810f58ca9fffff
7653,8810f550abfffff
7654,8810f68321fffff
7655,8810f51601fffff
7656,8810f2b26dfffff
7657,8810f4d993fffff
7658,8810f45443fffff
7659,8810f591e5fffff
7660,8810f28009fffff
7661,8810f4084dfffff
7662,8810f69539fffff
7663,8810f691e1fffff
7664,8810f51b0bfffff
7665,8810f6d849fffff
7666,8810f428adfffff
7667,8810f44d5dfffff
7668,8810f61345fffff
7669,8810f43511fffff
7670,8810f6a65dfffff
7671,88101b2d07fffff
7672,8810f4ac43fffff
7673,8810f4d6d1fffff
7674,88101b6c07fffff
7675,8810f46d6bfffff
7676,8810f41b21fffff
7677,8810f011bdfffff
7678,8810f41a61fffff
7679,8810f0c449fffff
7680,8810a92411fffff
7681,8810f4ad37fffff
7682,8810f42a25fffff
7683,8810f09931fffff
7684,8810f4aeabfffff
7685,8810f0d2bdfffff
7686,8810a92ed3fffff
7687,8810f47445fffff
7688,8810f5542dfffff
7689,8810f29089fffff
7690,8810f4cc05fffff
7691,8810f58031fffff
7692,88101b4ed3fffff
7693,8810f6d4e3fffff
7694,8810f46409fffff
7695,8810f284d9fffff
7696,8810f2b315fffff
7697,8810f45159fffff
7698,8810f44b05fffff
7699,8810f4852dfffff
7700,8810f416d1fffff
7701,8810f4d957fffff
7702,8810f511c3fffff
7703,8810f55961fffff
7704,8810f46e4bfffff
7705,8810f4c023fffff
7706,8810f43265fffff
7707,8810f090b3fffff
7708,8810f4cc19fffff
7709,8810f40ae9fffff
7710,8810f04259fffff
7711,88101b61e1fffff
7712,8810a92a4dfffff
7713,8810a92503fffff
7714,8810f4b0bbfffff
7715,8810f422a5fffff
7716,8810f458e9fffff
7717,8810f5d0e7fffff
7718,8810f6911bfffff
7719,8810f5c1a7fffff
7720,8810f699a3fffff
7721,8810f09767fffff
7722,8810f29329fffff
7723,8810f4d12bfffff
7724,8810f5d43dfffff
7725,8810f46457fffff
7726,8810f44a61fffff
7727,8810f05081fffff
7728,8810f6229bfffff
7729,8810f4092dfffff
7730,8810f09083fffff
7731,8810f4c865fffff
7732,8810f68157fffff
7733,8810f4a505fffff
7734,8810f541dbfffff
7735,8810f42d89fffff
7736,88101b2b05fffff
7737,8810f54c3dfffff
7738,8810f47107fffff
7739,8810f59821fffff
7740,8810f45ad7fffff
7741,8810aba5d7fffff
7742,8810f435b3fffff
7743,8810f400dbfffff
7744,8810a934bdfffff
7745,8810f69303fffff
7746,8810f42f31fffff
7747,8810a921bdfffff
7748,8810f58585fffff
7749,8810f4b64bfffff
7750,88101b0c6dfffff
7751,8810f61285fffff
7752,8810a960c5fffff
7753,8810f0d153fffff
7754,8810f4a767fffff
7755,8810f55b19fffff
7756,8810f00741fffff
7757,88101a6c8bfffff
7758,8810f4aeb1fffff
7759,8810f69691fffff
7760,8810f541a9fffff
7761,88101b4ce5fffff
7762,8810f4304bfffff
7763,8810f0594dfffff
7764,8810f4c067fffff
7765,88101b4d33fffff
7766,8810f40ec1fffff
7767,8810f081c1fffff
7768,8810f40cd9fffff
7769,8810f47745fffff
7770,8810f015a9fffff
7771,8810f296d3fffff
7772,88101a6e83fffff
7773,8810f44d19fffff
7774,8810f4da05fffff
7775,8810f08d15fffff
7776,8810f47a31fffff
7777,8810f42641fffff
7778,8810f47b47fffff
7779,8810f28353fffff
7780,8810f08815fffff
7781,8810f43b1bfffff
7782,8810f4b993fffff
7783,8810f08ee9fffff
7784,8810f61181fffff
7785,8810f05a43fffff
7786,8810f502b5fffff
7787,8810f08453fffff
7788,8810f618adfffff
7789,8810f08945fffff
7790,88101b0d3dfffff
7791,8810f466d9fffff
7792,8810f51649fffff
7793,8810f6d103fffff
7794,8810f0b287fffff
7795,8810f4563dfffff
7796,8810a92f4bfffff
7797,8810f432ddfffff
7798,8810f42a43fffff
7799,8810f5cf2bfffff
7800,8810f5416bfffff
7801,8810f4d629fffff
7802,88101b08e5fffff
7803,8810f4a655fffff
7804,8810f60f41fffff
7805,8810f41913fffff
7806,8810f052ddfffff
7807,8810a96e0dfffff
7808,8810f479cdfffff
7809,8810f0d00bfffff
7810,8810f04997fffff
7811,8810f6c057fffff
7812,8810f45939fffff
7813,88101b68b7fffff
7814,8810a9288dfffff
7815,8810f6d1b1fffff
7816,8810f0430bfffff
7817,8810f0ce35fffff
7818,8810f6b801fffff
7819,88101b650bfffff
7820,8810f085c5fffff
7821,8810f545cbfffff
7822,8810f08b55fffff
7823,8810f5c1d1fffff
7824,8810f0cb27fffff
7825,8810f5d90bfffff
7826,8810f59615fffff
7827,8810f59a2dfffff
7828,8810f6d8d1fffff
7829,8810f5b851fffff
7830,8810f4a8b5fffff
7831,8810f4408bfffff
7832,8810f5cc1dfffff
7833,8810f610ddfffff
7834,8810f29a29fffff
7835,8810aba45dfffff
7836,8810f0c10bfffff
7837,8810f016d3fffff
7838,8810f09941fffff
7839,8810f58b33fffff
7840,8810f5cdc3fffff
7841,8810f68753fffff
7842,8810f5401bfffff
7843,88101a6edbfffff
7844,8810f0400dfffff
7845,8810f548a7fffff
7846,8810f0b2cdfffff
7847,8810f62523fffff
7848,8810f04ab9fffff
7849,88101b083bfffff
7850,8810f54b17fffff
7851,8810f01499fffff
7852,8810f50a0bfffff
7853,8810f0d2cbfffff
7854,8810f5c42dfffff
7855,88101b632dfffff
7856,8810f45609fffff
7857,8810a92db7fffff
7858,8810f40755fffff
7859,8810f0c1bdfffff
7860,8810a92639fffff
7861,8810f48129fffff
7862,8810f6aa57fffff
7863,8810f29681fffff
7864,8810f414bbfffff
7865,8810f62cedfffff
7866,8810f4b343fffff
7867,88101b46c7fffff
7868,8810a925a9fffff
7869,8810f0d6b1fffff
7870,88101b64b9fffff
7871,8810f08209fffff
7872,8810f6031dfffff
7873,8810f0c585fffff
7874,8810f46a87fffff
7875,8810f014ddfffff
7876,8810f04a67fffff
7877,8810f4b51bfffff
7878,8810f41b4bfffff
7879,8810f4843dfffff
7880,8810f50f65fffff
7881,88101b70e9fffff
7882,8810f42b2bfffff
7883,8810f66c51fffff
7884,8810f454a3fffff
7885,8810f542bdfffff
7886,8810f0b213fffff
7887,8810f4d059fffff
7888,8810f63895fffff
7889,8810f0965dfffff
7890,8810f42f2dfffff
7891,8810f61425fffff
7892,8810f41809fffff
7893,8810f0c941fffff
7894,8810a9283dfffff
7895,8810f61617fffff
7896,8810f509e7fffff
7897,8810f44c5dfffff
7898,8810f68ed7fffff
7899,8810a92e8bfffff
7900,8810f5d1ebfffff
7901,8810f4c889fffff
7902,8810f5d8b3fffff
7903,8810f08dd3fffff
7904,8810f63681fffff
7905,8810f6b60dfffff
7906,8810f452adfffff
7907,8810f6d44bfffff
7908,88101b4f31fffff
7909,8810f68885fffff
7910,8810f09907fffff
7911,8810f51357fffff
7912,8810f29441fffff
7913,8810f5d9c5fffff
7914,8810f42da3fffff
7915,8810f4601dfffff
7916,8810f44041fffff
7917,8810f4d101fffff
7918,8810f441a1fffff
7919,8810f6391bfffff
7920,8810f4d613fffff
7921,8810f55299fffff
7922,8810f5d033fffff
7923,8810f486bdfffff
7924,8810f488c1fffff
7925,8810f41905fffff
7926,8810f68363fffff
7927,8810f618bbfffff
7928,8810f66cabfffff
7929,8810f46f45fffff
7930,8810f085b3fffff
7931,8810f43a55fffff
7932,8810f6a96bfffff
7933,8810f5c0adfffff
7934,8810f68a31fffff
7935,88101b76d3fffff
7936,8810a96eddfffff
7937,8810f58ab3fffff
7938,8810f0c33bfffff
7939,8810f40c31fffff
7940,88101b7b4bfffff
7941,8810f280b5fffff
7942,8810a939d3fffff
7943,8810f58cbbfffff
7944,8810f4b461fffff
7945,88101b48e1fffff
7946,8810f6ba07fffff
7947,8810f445a7fffff
7948,8810a96761fffff
7949,8810a928d1fffff
7950,8810f4573dfffff
7951,8810f55623fffff
7952,8810f6c1cdfffff
7953,8810f4c4b7fffff
7954,8810f29621fffff
7955,8810f058c1fffff
7956,88101b71c7fffff
7957,88101b4091fffff
7958,8810f428a7fffff
7959,8810a925a7fffff
7960,8810f096e5fffff
7961,8810f68c93fffff
7962,8810f0d08bfffff
7963,88101b0a0bfffff
7964,8810f0d59bfffff
7965,8810f08829fffff
7966,8810f682c1fffff
7967,88101b4e23fffff
7968,8810f5ccadfffff
7969,8810f286cdfffff
7970,8810f6b743fffff
7971,8810f55711fffff
7972,8810f61125fffff
7973,8810f55259fffff
7974,8810f6198dfffff
7975,8810f545b1fffff
7976,8810f0184bfffff
7977,8810f4b023fffff
7978,8810f018cdfffff
7979,8810f6b2b7fffff
7980,8810f46f5dfffff
7981,8810f40987fffff
7982,8810f63691fffff
7983,8810f44333fffff
7984,8810f5d2a7fffff
7985,8810f5830dfffff
7986,8810f58b2dfffff
7987,8810f086c3fffff
7988,8810f45049fffff
7989,8810f4d4abfffff
7990,8810f66e1bfffff
7991,8810f016e1fffff
7992,8810f589d5fffff
7993,8810f40e91fffff
7994,8810f464bbfffff
7995,8810f0cc45fffff
7996,8810f08539fffff
7997,8810f2924bfffff
7998,8810f01231fffff
7999,8810f58261fffff
8000,8810f46035fffff
8001,8810f4a059fffff
8002,8810f6202dfffff
8003,8810f286dbfffff
8004,8810f2871bfffff
8005,8810f424c5fffff
8006,8810f58199fffff
8007,88101b4d8bfffff
8008,8810f0824dfffff
8009,8810f08183fffff
8010,8810f48ac1fffff
8011,8810aba4e3fffff
8012,88101b0997fffff
8013,8810f636d1fffff
8014,8810f2831bfffff
8015,8810f6a219fffff
8016,8810f08263fffff
8017,8810f05967fffff
8018,8810f0512dfffff
8019,8810f62765fffff
8020,8810f631d7fffff
8021,8810f4325bfffff
8022,8810f58a25fffff
8023,8810f460c9fffff
8024,8810f50847fffff
8025,8810f468dbfffff
8026,8810f40a47fffff
8027,8810f61303fffff
8028,8810f4105dfffff
8029,8810a92509fffff
8030,8810f5550bfffff
8031,8810f6180bfffff
8032,8810f4c12bfffff
8033,8810f50aedfffff
8034,8810f58c11fffff
8035,8810f5c72bfffff
8036,8810f6268dfffff
8037,8810f6746bfffff
8038,8810f4d867fffff
8039,8810f4481dfffff
8040,8810f58e39fffff
8041,8810f0d487fffff
8042,8810f42855fffff
8043,8810f0b9d5fffff
8044,8810f0c2dbfffff
8045,88101b48d5fffff
8046,8810f08c83fffff
8047,8810f4d9b7fffff
8048,8810f48a47fffff
8049,8810f0b885fffff
8050,8810f47217fffff
8051,88101b473bfffff
8052,8810f01803fffff
8053,8810f48a49fffff
8054,8810f435c1fffff
8055,8810f6ac9bfffff
8056,8810f4d149fffff
8057,8810f54331fffff
8058,8810f0da89fffff
8059,8810f4702dfffff
8060,8810f6c209fffff
8061,88101b64edfffff
8062,8810f5c727fffff
8063,8810f580a7fffff
8064,8810f5d499fffff
8065,8810f47a51fffff
8066,8810f6ac6dfffff
8067,8810f4ac11fffff
8068,8810f41167fffff
8069,8810f04041fffff
8070,8810f5802dfffff
8071,8810f554e5fffff
8072,8810f58085fffff
8073,8810f61615fffff
8074,8810f4aa13fffff
8075,8810f48b61fffff
8076,8810f42899fffff
8077,8810f585bbfffff
8078,88101b05ddfffff
8079,8810f464b1fffff
8080,8810f40217fffff
8081,88101b0de7fffff
8082,8810f6b849fffff
8083,8810f439dbfffff
8084,8810a92e03fffff
8085,8810f5824dfffff
8086,8810f0ca47fffff
8087,8810f6b0d9fffff
8088,8810f4d1d7fffff
8089,8810f2b269fffff
8090,8810f41343fffff
8091,8810f44a93fffff
8092,8810f5d08dfffff
8093,8810f59501fffff
8094,8810f40e6bfffff
8095,8810f0cf21fffff
8096,8810f68cddfffff
8097,8810f469a7fffff
8098,8810f6cec1fffff
8099,8810f46431fffff
8100,8810f42d47fffff
8101,8810f2b14bfffff
8102,8810f09905fffff
8103,8810f45715fffff
8104,8810f50813fffff
8105,8810f43651fffff
8106,8810f08f03fffff
8107,8810f675d1fffff
8108,8810a961e7fffff
8109,8810f61739fffff
8110,8810f4a28dfffff
8111,8810f6cf69fffff
8112,8810f614cbfffff
8113,8810f4d24bfffff
8114,8810f425dbfffff
8115,8810f46f43fffff
8116,8810f41a33fffff
8117,8810f4ab41fffff
8118,8810a92761fffff
8119,8810f63947fffff
8120,8810f28151fffff
8121,88101b4995fffff
8122,8810f481b1fffff
8123,8810f28259fffff
8124,88101b0a2dfffff
8125,8810f63125fffff
8126,8810f4c743fffff
8127,8810f51643fffff
8128,8810f44227fffff
8129,8810f4d2bdfffff
8130,8810f624d5fffff
8131,88101b7563fffff
8132,8810f47541fffff
8133,8810f61b47fffff
8134,8810f425b9fffff
8135,8810f4aa27fffff
8136,8810f0864bfffff
8137,8810f68513fffff
8138,8810a9292bfffff
8139,8810f6ba5bfffff
8140,8810f585e3fffff
8141,8810f62cb5fffff
8142,8810f68cdbfffff
8143,8810f42653fffff
8144,8810f01949fffff
8145,8810f4b363fffff
8146,8810f61363fffff
8147,88101b61b7fffff
8148,8810a96533fffff
8149,8810f0c663fffff
8150,8810f01149fffff
8151,8810f5d94bfffff
8152,8810f09085fffff
8153,8810f695b7fffff
8154,8810f40859fffff
8155,88101b0e5dfffff
8156,8810f4cf65fffff
8157,8810f6b895fffff
8158,8810f51a81fffff
8159,8810f470a7fffff
8160,8810f63727fffff
8161,8810f4ae6bfffff
8162,8810f09ae5fffff
8163,8810f45a61fffff
8164,8810f46537fffff
8165,8810f29883fffff
8166,8810f6ba89fffff
8167,8810f6c60dfffff
8168,8810f6b6ddfffff
8169,8810f6612bfffff
8170,8810f2945dfffff
8171,8810f68d95fffff
8172,8810f632c7fffff
8173,8810f42c3bfffff
8174,8810f0ca0bfffff
8175,8810a96ebdfffff
8176,88101b0001fffff
8177,8810f6d747fffff
8178,8810f01a13fffff
8179,8810f6962dfffff
8180,8810f63057fffff
8181,8810f05543fffff
8182,8810f44d21fffff
8183,8810f40e8bfffff
8184,8810f42e27fffff
8185,8810f5b839fffff
8186,8810f4354bfffff
8187,8810f5c601fffff
8188,88101b0a8bfffff
8189,8810f41683fffff
8190,8810f69b5bfffff
8191,8810f48139fffff
8192,8810f54ae9fffff
8193,8810f08e85fffff
8194,8810f4c2a7fffff
8195,8810f4a167fffff
8196,8810f059c9fffff
8197,8810f6c1e1fffff
8198,8810f66123fffff
8199,88101b0aa1fffff
8200,8810f0c29bfffff
8201,8810f58111fffff
8202,8810f42d5bfffff
8203,8810f4a239fffff
8204,8810f0b83bfffff
8205,8810f62ed5fffff
8206,8810f45747fffff
8207,8810f54459fffff
8208,8810a9293bfffff
8209,8810f5d0c9fffff
8210,8810f42c4bfffff
8211,8810f4384dfffff
8212,88101b6441fffff
8213,8810f62ad3fffff
8214,8810f5d253fffff
8215,8810f0cd6dfffff
8216,8810f0d203fffff
8217,8810f550a5fffff
8218,8810f0b93bfffff
8219,8810f4d803fffff
8220,8810f6a74dfffff
8221,8810f691d3fffff
8222,8810f0b2d1fffff
8223,8810f6c497fffff
8224,88101b623dfffff
8225,8810f0196bfffff
8226,88101b7a23fffff
8227,8810f4cc11fffff
8228,8810f0d181fffff
8229,8810f558b1fffff
8230,8810f5820bfffff
8231,8810f46621fffff
8232,8810f43561fffff
8233,8810f4422dfffff
8234,8810f0c12dfffff
8235,8810f08d99fffff
8236,8810f47159fffff
8237,8810f62e67fffff
8238,8810f68c89fffff
8239,8810f4025dfffff
8240,8810f46061fffff
8241,8810f444a9fffff
8242,8810a965d9fffff
8243,88101a6d13fffff
8244,8810f01935fffff
8245,8810f0cd39fffff
8246,8810f6b449fffff
8247,8810f44d3bfffff
8248,8810f5d619fffff
8249,8810f409c7fffff
8250,8810f0903dfffff
8251,88101b0e5bfffff
8252,8810f6b595fffff
8253,8810f6ab67fffff
8254,8810f4b8c5fffff
8255,8810f46a83fffff
8256,8810f6909dfffff
8257,8810f6b8b3fffff
8258,8810f40dd1fffff
8259,8810f445bbfffff
8260,8810f63b43fffff
8261,8810f516d1fffff
8262,8810f46e15fffff
8263,8810f6919bfffff
8264,8810f01811fffff
8265,8810f6c481fffff
8266,8810f661edfffff
8267,8810f5814dfffff
8268,8810f09589fffff
8269,8810a96815fffff
8270,8810f69a5dfffff
8271,8810f43147fffff
8272,8810a92f0bfffff
8273,8810f29ae5fffff
8274,88101b6f25fffff
8275,8810f01943fffff
8276,8810f4664dfffff
8277,8810f48ab9fffff
8278,8810f018c1fffff
8279,8810f6a467fffff
8280,8810f50aabfffff
8281,8810f59743fffff
8282,8810f5510dfffff
8283,8810a9601bfffff
8284,8810f69743fffff
8285,8810f696cbfffff
8286,88101b6a19fffff
8287,8810f4c6a5fffff
8288,8810f08929fffff
8289,8810f09731fffff
8290,8810f58d4dfffff
8291,8810f4021bfffff
8292,8810f29537fffff
8293,8810a93acbfffff
8294,8810f4109dfffff
8295,8810f0cf33fffff
8296,8810f5d2ebfffff
8297,88101b6205fffff
8298,8810a936bdfffff
8299,8810f42033fffff
8300,8810f48cd5fffff
8301,8810f4308dfffff
8302,8810f68229fffff
8303,88101b4699fffff
8304,88101b4631fffff
8305,88101b7925fffff
8306,8810f4c623fffff
8307,8810f096d7fffff
8308,88101b79cdfffff
8309,8810f45465fffff
8310,8810f4b22bfffff
8311,8810f44ce9fffff
8312,8810f4b55bfffff
8313,8810f43a4dfffff
8314,8810f4c04bfffff
8315,8810f62495fffff
8316,8810f48cd3fffff
8317,8810f62743fffff
8318,88101b29e3fffff
8319,8810f4ac05fffff
8320,8810f4c627fffff
8321,8810f558c1fffff
8322,8810f55765fffff
8323,8810f45929fffff
8324,8810f4cab3fffff
8325,8810f4b345fffff
8326,8810f47061fffff
8327,8810f2844bfffff
8328,8810f46c07fffff
8329,8810f01709fffff
8330,88101b7b19fffff
8331,8810f4aab1fffff
8332,8810f42c21fffff
8333,8810f080cbfffff
8334,8810f47655fffff
8335,8810f08031fffff
8336,8810f698b9fffff
8337,8810f4c9cbfffff
8338,8810f4cb19fffff
8339,8810f58423fffff
8340,88101b785bfffff
8341,8810f40d01fffff
8342,88101b6903fffff
8343,8810f4d2d3fffff
8344,8810f0c0e9fffff
8345,8810f63893fffff
8346,8810f60259fffff
8347,8810f43653fffff
8348,8810f69123fffff
8349,8810f4d105fffff
8350,8810f016a7fffff
8351,8810f5bae9fffff
8352,8810f558d7fffff
8353,88101b2935fffff
8354,8810f58a07fffff
8355,8810f0c46dfffff
8356,8810f0d817fffff
8357,8810a92a15fffff
8358,88101b4e43fffff
8359,8810f66a8dfffff
8360,8810f48d37fffff
8361,88101b7859fffff
8362,8810f501cdfffff
8363,8810f4253bfffff
8364,8810f62489fffff
8365,8810f01727fffff
8366,8810aba615fffff
8367,8810f55a6dfffff
8368,88101b0893fffff
8369,8810f68dc1fffff
8370,8810f09965fffff
8371,8810f43295fffff
8372,8810f5106bfffff
8373,8810f4ba4bfffff
8374,88101b4565fffff
8375,8810a97717fffff
8376,8810f0d851fffff
8377,88101b6105fffff
8378,8810f634b5fffff
8379,88101b45ddfffff
8380,8810f01903fffff
8381,8810f05653fffff
8382,8810f414d9fffff
8383,8810f01b6dfffff
8384,88101b66a7fffff
8385,8810f43b33fffff
8386,8810f48cb3fffff
8387,8810f45a47fffff
8388,8810f66ad1fffff
8389,8810f4b711fffff
8390,8810f49913fffff
8391,88101b7081fffff
8392,8810f68511fffff
8393,8810f638d5fffff
8394,8810f0c36bfffff
8395,8810f6363bfffff
8396,8810f5c317fffff
8397,8810f61941fffff
8398,8810a9248dfffff
8399,8810f62159fffff
8400,8810a921c1fffff
8401,8810f08e21fffff
8402,8810f4da33fffff
8403,8810f01461fffff
8404,8810a92107fffff
8405,8810f051d9fffff
8406,8810f0b81dfffff
8407,8810f46087fffff
8408,8810f44c97fffff
8409,8810f424d7fffff
8410,88101a6d21fffff
8411,8810f4ae53fffff
8412,8810f5d6b5fffff
8413,8810f411dbfffff
8414,8810f4d6b5fffff
8415,8810f0c115fffff
8416,8810a92511fffff
8417,8810f54239fffff
8418,8810f54ccdfffff
8419,8810f55a65fffff
8420,8810a920d7fffff
8421,8810f66cc9fffff
8422,8810f5d649fffff
8423,88101b7255fffff
8424,8810a93aebfffff
8425,8810f50a01fffff
8426,8810f0c843fffff
8427,8810f62c5bfffff
8428,8810f58591fffff
8429,8810f6af39fffff
8430,8810f554cdfffff
8431,8810f62f2dfffff
8432,8810f4aab5fffff
8433,8810a92169fffff
8434,8810f5d955fffff
8435,8810f45515fffff
8436,8810f50b3dfffff
8437,8810f45a91fffff
8438,8810f0b2e9fffff
8439,8810f69a43fffff
8440,8810f42d35fffff
8441,8810f46701fffff
8442,8810f4380bfffff
8443,8810f54d6dfffff
8444,8810f296d7fffff
8445,8810f48455fffff
8446,8810f471b1fffff
8447,8810f5d855fffff
8448,8810f0db6dfffff
8449,8810a93905fffff
8450,8810f6b483fffff
8451,8810f60ae9fffff
8452,8810f49949fffff
8453,8810f01713fffff
8454,8810f43b59fffff
8455,8810f5d0a9fffff
8456,8810f08983fffff
8457,8810f40a33fffff
8458,8810f44621fffff
8459,8810f45951fffff
8460,8810f605d1fffff
8461,8810f44ae5fffff
8462,8810f6c89dfffff
8463,8810f59ad9fffff
8464,8810f09849fffff
8465,8810f6aac7fffff
8466,8810f47329fffff
8467,8810f6985bfffff
8468,8810aba49bfffff
8469,8810f47569fffff
8470,8810f0404bfffff
8471,8810f50a6dfffff
8472,8810f68343fffff
8473,8810f6185bfffff
8474,8810f695b3fffff
8475,8810f55929fffff
8476,8810a922edfffff
8477,88101b0e6bfffff
8478,8810f0534dfffff
8479,8810f45b15fffff
8480,8810f63abbfffff
8481,8810f44821fffff
8482,8810f474b9fffff
8483,8810f58c61fffff
8484,8810f44759fffff
8485,8810f0d0c1fffff
8486,8810f6332bfffff
8487,8810f010c7fffff
8488,8810f6845dfffff
8489,88101b19ebfffff
8490,8810f46e33fffff
8491,8810f5d197fffff
8492,8810f66465fffff
8493,8810f5c865fffff
8494,8810f50201fffff
8495,8810f66c89fffff
8496,8810f48d39fffff
8497,8810f40e13fffff
8498,88101b68b5fffff
8499,8810f54601fffff
8500,8810f54a67fffff
8501,8810f050abfffff
8502,8810f58ca1fffff
8503,88101b0089fffff
8504,8810a96f01fffff
8505,8810f4bb55fffff
8506,8810f5c015fffff
8507,8810f0cd21fffff
8508,8810f08197fffff
8509,8810f40a63fffff
8510,88101b0e39fffff
8511,8810f47895fffff
8512,8810f42215fffff
8513,8810f6218dfffff
8514,8810f6145dfffff
8515,8810f692abfffff
8516,8810f091e9fffff
8517,8810f401e7fffff
8518,8810f58c95fffff
8519,8810f58dc3fffff
8520,8810f5db41fffff
8521,8810a9621dfffff
8522,8810f69239fffff
8523,8810f4a4d7fffff
8524,8810f6ba2dfffff
8525,8810f435d5fffff
8526,8810f40a4bfffff
8527,8810f0d50bfffff
8528,8810f592d5fffff
8529,8810f612a7fffff
8530,8810f40693fffff
8531,8810f58993fffff
8532,8810a96ab5fffff
8533,8810f4394dfffff
8534,8810f46129fffff
8535,88101b0721fffff
8536,8810f4612bfffff
8537,8810a9349bfffff
8538,8810f68d35fffff
8539,8810f59137fffff
8540,8810f4c1c7fffff
8541,8810f621a5fffff
8542,8810f0aa63fffff
8543,88101b4d89fffff
8544,8810f0b811fffff
8545,8810f0cd1bfffff
8546,8810f5163bfffff
8547,8810a924edfffff
8548,8810f6174dfffff
8549,8810a96521fffff
8550,8810f62305fffff
8551,8810f47119fffff
8552,8810f684e9fffff
8553,8810f51001fffff
8554,8810f6d249fffff
8555,8810f409cdfffff
8556,8810f4883bfffff
8557,8810f6d811fffff
8558,8810f40f45fffff
8559,8810f4074dfffff
8560,8810f59103fffff
8561,8810a9294bfffff
8562,8810f6d8cdfffff
8563,8810f5c8e5fffff
8564,8810f46da7fffff
8565,88101b2debfffff
8566,8810f00547fffff
8567,8810f5c105fffff
8568,8810f42f6bfffff
8569,8810a92c43fffff
8570,8810a9a4b7fffff
8571,8810f5c9d7fffff
8572,8810f0b329fffff
8573,8810f6ce59fffff
8574,8810f62889fffff
8575,8810f43815fffff
8576,8810f4b1adfffff
8577,8810f62ed9fffff
8578,8810f44823fffff
8579,8810f4596dfffff
8580,8810f0c1dbfffff
8581,8810f48d95fffff
8582,8810f6991dfffff
8583,8810f54199fffff
8584,8810f4b503fffff
8585,8810f66035fffff
8586,8810f59b01fffff
8587,8810f695bbfffff
8588,8810f630cdfffff
8589,8810f00211fffff
8590,8810f48e11fffff
8591,88101b09ebfffff
8592,88101b2c07fffff
8593,8810f6d6abfffff
8594,8810f40abdfffff
8595,8810f6aee7fffff
8596,8810f62f5bfffff
8597,8810f432c3fffff
8598,8810f6851dfffff
8599,8810a92aa5fffff
8600,8810f50985fffff
8601,8810f6b23bfffff
8602,8810f4055dfffff
8603,88101b0d9dfffff
8604,8810f4ade1fffff
8605,8810a92769fffff
8606,8810f45967fffff
8607,8810f0b201fffff
8608,8810f4c24dfffff
8609,8810a962e5fffff
8610,8810f51235fffff
8611,8810f09047fffff
8612,8810f58e65fffff
8613,8810f01809fffff
8614,8810f5ce03fffff
8615,8810f601bbfffff
8616,8810f0cb4dfffff
8617,8810f40a41fffff
8618,8810f6c5d3fffff
8619,88101b742dfffff
8620,8810f0959bfffff
8621,8810f55523fffff
8622,8810f68911fffff
8623,8810f479c7fffff
8624,8810f54b0dfffff
8625,8810f47a01fffff
8626,8810f61a1dfffff
8627,8810f68b2dfffff
8628,8810f6bad1fffff
8629,8810f0c6e7fffff
8630,8810f484a1fffff
8631,8810a92695fffff
8632,8810f68337fffff
8633,8810f09009fffff
8634,8810f089c5fffff
8635,8810f42abdfffff
8636,8810f4250dfffff
8637,8810f4a069fffff
8638,8810f68ea5fffff
8639,8810f4c683fffff
8640,8810f68e0dfffff
8641,8810f47483fffff
8642,8810f4b517fffff
8643,8810f0d2d3fffff
8644,8810f558c5fffff
8645,8810f4994dfffff
8646,8810f40515fffff
8647,8810f46483fffff
8648,8810f470b9fffff
8649,8810f4c0abfffff
8650,8810f61533fffff
8651,8810f67691fffff
8652,8810f592a7fffff
8653,8810a9a497fffff
8654,8810f0525bfffff
8655,88101b6253fffff
8656,8810a92321fffff
8657,8810f484c1fffff
8658,8810f45493fffff
8659,8810f69b49fffff
8660,8810f40507fffff
8661,8810a93951fffff
8662,8810f68b1bfffff
8663,8810f40e3bfffff
8664,8810f63801fffff
8665,8810f592a3fffff
8666,8810f412a1fffff
8667,88101b0b09fffff
8668,8810f088c9fffff
8669,8810f01515fffff
8670,8810a96ea7fffff
8671,8810f6aac3fffff
8672,8810f0ba07fffff
8673,8810f4d0cdfffff
8674,8810f66147fffff
8675,8810f620cdfffff
8676,8810f62307fffff
8677,8810f5c0b5fffff
8678,8810f40d37fffff
8679,8810a96809fffff
8680,8810f439cdfffff
8681,8810f622d3fffff
8682,8810f01485fffff
8683,8810f55699fffff
8684,8810f0b9c7fffff
8685,8810f46ca1fffff
8686,8810f0936bfffff
8687,88101b672bfffff
8688,8810f51a47fffff
8689,8810f498edfffff
8690,8810f6cf1bfffff
8691,88101b44b9fffff
8692,8810f63a33fffff
8693,8810f66c49fffff
8694,8810f6ba35fffff
8695,8810f6b05bfffff
8696,8810f54b19fffff
8697,8810f29013fffff
8698,88101b7811fffff
8699,8810f01837fffff
8700,8810f62ad1fffff
8701,8810f6b821fffff
8702,8810f284a7fffff
8703,8810f62421fffff
8704,8810f6c1c7fffff
8705,8810f6219bfffff
8706,8810f5c1a9fffff
8707,8810f58267fffff
8708,8810f4a2d7fffff
8709,8810f6aa63fffff
8710,8810f429c5fffff
8711,8810f0cacbfffff
8712,8810f60855fffff
8713,8810f63603fffff
8714,8810f0c299fffff
8715,8810f4464dfffff
8716,8810a9763bfffff
8717,8810f47a9bfffff
8718,8810f5cd2dfffff
8719,8810f48ce1fffff
8720,8810f60a55fffff
8721,8810aba49dfffff
8722,8810f5c9a7fffff
8723,88101b69a1fffff
8724,8810f50935fffff
8725,8810f0dabbfffff
8726,8810f51b4bfffff
8727,8810f4cb15fffff
8728,88101b7245fffff
8729,88101b00c7fffff
8730,8810f0c369fffff
8731,8810f5130dfffff
8732,8810f0d6e5fffff
8733,8810f08ae5fffff
8734,8810f5b857fffff
8735,8810f634cdfffff
8736,8810f42f0dfffff
8737,88101a65bbfffff
8738,8810f4d953fffff
8739,8810f45a05fffff
8740,8810f5973bfffff
8741,8810f698bbfffff
8742,8810f582c5fffff
8743,88101b09a9fffff
8744,8810f619cbfffff
8745,8810f58989fffff
8746,8810f43307fffff
8747,8810f09501fffff
8748,8810f58239fffff
8749,8810f62f59fffff
8750,8810f692d1fffff
8751,8810f46523fffff
8752,8810f63037fffff
8753,8810f6c4a5fffff
8754,8810f6a623fffff
8755,8810f47921fffff
8756,8810f62681fffff
8757,8810a96535fffff
8758,8810f04a51fffff
8759,8810f5c92bfffff
8760,8810f6aaa5fffff
8761,8810f0974bfffff
8762,8810f09349fffff
8763,88101b08cdfffff
8764,8810f5daebfffff
8765,8810f684b9fffff
8766,8810f54169fffff
8767,8810f052b7fffff
8768,8810f5c141fffff
8769,88101b6a31fffff
8770,8810a96d69fffff
8771,8810f4b4ebfffff
8772,8810f61b3dfffff
8773,8810f41855fffff
8774,8810f44017fffff
8775,8810f44eb3fffff
8776,8810f6651bfffff
8777,8810f0d5a9fffff
8778,8810f45593fffff
8779,8810f4ca27fffff
8780,88101b75e9fffff
8781,8810f4a459fffff
8782,8810f450b9fffff
8783,8810f41237fffff
8784,8810f5cf41fffff
8785,8810f48f25fffff
8786,8810f5955bfffff
8787,88101b6c31fffff
8788,8810a92e99fffff
8789,88101b2939fffff
8790,88101b44a7fffff
8791,8810f5cdadfffff
8792,8810f4d6adfffff
8793,8810f4995dfffff
8794,88101b7981fffff
8795,8810f4a233fffff
8796,88101b6d53fffff
8797,88101b7001fffff
8798,8810f58733fffff
8799,8810f5d407fffff
8800,8810f54665fffff
8801,8810f01757fffff
8802,8810f66ce7fffff
8803,8810a938a9fffff
8804,8810f5ca35fffff
8805,8810f5936bfffff
8806,8810f6b991fffff
8807,8810f4c897fffff
8808,8810f58d37fffff
8809,8810f4a055fffff
8810,8810f63b4dfffff
8811,88101b44ebfffff
8812,8810a974c1fffff
8813,8810f08c1dfffff
8814,88101b71edfffff
8815,8810f04a31fffff
8816,8810f69537fffff
8817,88101b7201fffff
8818,8810f4530dfffff
8819,8810f4990bfffff
8820,8810a97629fffff
8821,8810f6b639fffff
8822,88101b0cc1fffff
8823,88101b48ebfffff
8824,8810f63323fffff
8825,8810f6c68bfffff
8826,8810f62c53fffff
8827,8810f4d991fffff
8828,8810f410cdfffff
8829,8810f435b1fffff
8830,8810f63901fffff
8831,8810f5934bfffff
8832,8810f62617fffff
8833,8810f08e37fffff
8834,8810f46305fffff
8835,8810f058d1fffff
8836,8810f40c6bfffff
8837,8810f0d269fffff
8838,8810f68da7fffff
8839,8810a93685fffff
8840,8810f48523fffff
8841,8810f0d337fffff
8842,8810f0ca29fffff
8843,88101b6765fffff
8844,8810f4748dfffff
8845,8810a974bdfffff
8846,8810f0598dfffff
8847,8810f41b33fffff
8848,88101b7319fffff
8849,8810f44b61fffff
8850,8810a96e33fffff
8851,8810f58027fffff
8852,8810a96539fffff
8853,8810f6810dfffff
8854,88101b61a5fffff
8855,8810f63843fffff
8856,8810a929cdfffff
8857,8810f6a513fffff
8858,8810f42553fffff
8859,8810f681c1fffff
8860,8810f4ae07fffff
8861,8810f5015bfffff
8862,8810f5c8c7fffff
8863,88101b6181fffff
8864,8810f2830bfffff
8865,8810a9a4b5fffff
8866,8810f55b1bfffff
8867,8810f51503fffff
8868,8810f46ad7fffff
8869,8810f6c1adfffff
8870,8810f439adfffff
8871,8810f5c0a3fffff
8872,8810f048edfffff
8873,8810f09a59fffff
8874,8810f61b67fffff
8875,8810f4d411fffff
8876,8810f40601fffff
8877,8810f519d9fffff
8878,88101b6eddfffff
8879,8810f540d1fffff
8880,8810f62b49fffff
8881,8810f48d1dfffff
8882,8810f08643fffff
8883,8810a92067fffff
8884,8810f6388dfffff
8885,8810f689c9fffff
8886,8810f620abfffff
8887,8810f46041fffff
8888,8810f69633fffff
8889,8810f45353fffff
8890,8810f0916bfffff
8891,8810f458bbfffff
8892,8810a93a9dfffff
8893,8810a92d33fffff
8894,8810f49933fffff
8895,88101b2b55fffff
8896,8810f4c4ddfffff
8897,8810f619b7fffff
8898,8810f4a2e5fffff
8899,8810f51261fffff
8900,88101b753dfffff
8901,88101b75d5fffff
8902,8810f5db69fffff
8903,8810f5d32bfffff
8904,8810f05545fffff
8905,8810f68709fffff
8906,8810f6390dfffff
8907,8810a96cbdfffff
8908,8810f5c23dfffff
8909,8810f6089bfffff
8910,8810f6c341fffff
8911,8810f4c603fffff
8912,8810f5cc15fffff
8913,8810f685e9fffff
8914,8810f46629fffff
8915,8810f42dc9fffff
8916,8810f4d487fffff
8917,8810f40ac5fffff
8918,8810f0b82dfffff
8919,8810f0b13bfffff
8920,8810f50b6bfffff
8921,8810f59527fffff
8922,8810f680e1fffff
8923,8810f69195fffff
8924,8810f54ea7fffff
8925,8810f43507fffff
8926,8810f42355fffff
8927,8810f5d183fffff
8928,8810f54f15fffff
8929,8810f54057fffff
8930,8810f69307fffff
8931,8810f50261fffff
8932,8810f4243dfffff
8933,88101b69bdfffff
8934,88101b0165fffff
8935,8810a962c1fffff
8936,8810f0d35dfffff
8937,8810f41669fffff
8938,8810f09921fffff
8939,8810f6802dfffff
8940,8810f012cdfffff
8941,8810f40b27fffff
8942,8810f4070dfffff
8943,8810f59a3dfffff
8944,8810f6b021fffff
8945,8810f5cd91fffff
8946,8810f0b22bfffff
8947,8810f4b6b9fffff
8948,8810f08db9fffff
8949,8810f6b9adfffff
8950,8810f09659fffff
8951,8810f58ee5fffff
8952,8810f51a9dfffff
8953,8810f40069fffff
8954,88101b649dfffff
8955,8810f4c811fffff
8956,8810f41665fffff
8957,8810f4cabbfffff
8958,8810f6a559fffff
8959,8810f63985fffff
8960,8810f051d3fffff
8961,8810f40f0bfffff
8962,8810f6b451fffff
8963,8810f0cf19fffff
8964,8810f6da27fffff
8965,8810f281c5fffff
8966,8810f6ad31fffff
8967,8810f4d233fffff
8968,8810f41725fffff
8969,8810f28493fffff
8970,8810f0181dfffff
8971,8810f082dbfffff
8972,8810f4b429fffff
8973,8810f40d89fffff
8974,88101b6a87fffff
8975,8810f58b11fffff
8976,8810f0c753fffff
8977,8810f632a7fffff
8978,8810f48451fffff
8979,8810f6da91fffff
8980,8810f04261fffff
8981,8810f511b3fffff
8982,8810f2b303fffff
8983,8810f05919fffff
8984,8810f6b935fffff
8985,88101b45cbfffff
8986,88101b761dfffff
8987,8810f63287fffff
8988,8810f5d657fffff
8989,8810f4bb47fffff
8990,88101b48a9fffff
8991,8810f42841fffff
8992,8810f50a09fffff
8993,88101b48cbfffff
8994,8810f62e89fffff
8995,8810f2926dfffff
8996,8810f68a1bfffff
8997,8810f66415fffff
8998,8810f58dd7fffff
8999,8810f28725fffff
9000,8810f43731fffff
9001,8810f6226dfffff
9002,88101b6083fffff
9003,8810f54f65fffff
9004,8810f40219fffff
9005,8810f674cbfffff
9006,8810f5c4b9fffff
9007,8810f42c49fffff
9008,88101b4487fffff
9009,8810f50b4dfffff
9010,8810f40ccbfffff
9011,8810f056ddfffff
9012,8810f6b73bfffff
9013,8810f44523fffff
9014,8810f69a09fffff
9015,8810f5ce61fffff
9016,8810f4b63bfffff
9017,8810aba489fffff
9018,8810f518ebfffff
9019,8810f49885fffff
9020,8810f4321bfffff
9021,8810f40a1dfffff
9022,8810f46617fffff
9023,8810f5944bfffff
9024,8810f088ebfffff
9025,8810f4525dfffff
9026,8810aba693fffff
9027,8810f0132bfffff
9028,8810f44829fffff
9029,8810f580b1fffff
9030,88101b4da3fffff
9031,8810f6acd7fffff
9032,8810f42815fffff
9033,8810f450bbfffff
9034,8810f59b67fffff
9035,8810a92d9bfffff
9036,8810f550c5fffff
9037,8810f4d655fffff
9038,8810f4d543fffff
9039,8810f421d7fffff
9040,8810f6c469fffff
9041,8810a960b9fffff
9042,8810f29427fffff
9043,8810f51131fffff
9044,8810f01717fffff
9045,8810f40d55fffff
9046,8810f6a6a1fffff
9047,88101b2c2bfffff
9048,8810f6d451fffff
9049,8810f55661fffff
9050,88101b6c85fffff
9051,8810f62997fffff
9052,8810f4a8edfffff
9053,8810f69aedfffff
9054,8810f5854dfffff
9055,8810a90cb9fffff
9056,8810f290e3fffff
9057,8810f45867fffff
9058,8810f5db1bfffff
9059,8810f4add7fffff
9060,8810f40403fffff
9061,8810f5c76dfffff
9062,8810f4b4cbfffff
9063,8810f6c0bbfffff
9064,8810f461c3fffff
9065,88101b0c8dfffff
9066,8810f091a5fffff
9067,88101b4ecdfffff
9068,8810f4c113fffff
9069,8810f4daa7fffff
9070,8810f4a647fffff
9071,8810f4b247fffff
9072,8810f62d55fffff
9073,8810f4dab3fffff
9074,8810f46c8bfffff
9075,88101b4563fffff
9076,8810f0c4a3fffff
9077,8810f09185fffff
9078,8810f45ae7fffff
9079,8810f5021dfffff
9080,8810f01b2bfffff
9081,8810a97535fffff
9082,8810f40337fffff
9083,88101b0323fffff
9084,8810f4b097fffff
9085,88101b4a9dfffff
9086,8810f01059fffff
9087,8810f5d61dfffff
9088,8810f4cb03fffff
9089,8810f6aa4bfffff
9090,8810f691abfffff
9091,8810f0168bfffff
9092,8810f4c721fffff
9093,8810f6b755fffff
9094,8810f68c6bfffff
9095,8810f05839fffff
9096,8810f619d9fffff
9097,8810f4a08dfffff
9098,8810f01137fffff
9099,8810f51559fffff
9100,8810f4a219fffff
9101,88101b2ca7fffff
9102,8810f40e9dfffff
9103,88101b0847fffff
9104,8810f5183dfffff
9105,8810f0d05dfffff
9106,8810f016cdfffff
9107,88101b54e7fffff
9108,8810f42219fffff
9109,8810f0c035fffff
9110,8810f4b515fffff
9111,8810f44ab3fffff
9112,8810f57a45fffff
9113,8810f63999fffff
9114,8810f665d3fffff
9115,8810f54c49fffff
9116,8810f620bdfffff
9117,88101a6e09fffff
9118,8810f0858dfffff
9119,8810f5d5ddfffff
9120,8810f4504bfffff
9121,8810f628bbfffff
9122,8810f6398bfffff
9123,8810f66f6dfffff
9124,8810f049edfffff
9125,8810f51a17fffff
9126,8810f61351fffff
9127,8810f05a8bfffff
9128,88101b1989fffff
9129,8810f08351fffff
9130,8810f4c2c1fffff
9131,8810f484d1fffff
9132,8810f46495fffff
9133,8810f55443fffff
9134,8810f6ae19fffff
9135,8810f479c3fffff
9136,8810f4084bfffff
9137,8810f2809dfffff
9138,8810f08857fffff
9139,88101b6659fffff
9140,8810f4366dfffff
9141,8810f696a1fffff
9142,88101b00e9fffff
9143,8810f6183bfffff
9144,8810a968b7fffff
9145,8810f46d31fffff
9146,88101b0d59fffff
9147,88101b1985fffff
9148,8810f0ab5bfffff
9149,8810f41319fffff
9150,8810f40ed7fffff
9151,8810f69767fffff
9152,8810f09a69fffff
9153,8810f6614bfffff
9154,8810f0c433fffff
9155,8810f47b29fffff
9156,8810f432cdfffff
9157,8810f0c1adfffff
9158,8810f44e11fffff
9159,8810f5d44bfffff
9160,8810f68d87fffff
9161,8810f291c5fffff
9162,8810f6976dfffff
9163,8810f4d8ebfffff
9164,8810f4d413fffff
9165,8810f44645fffff
9166,8810f59b31fffff
9167,88101b2db7fffff
9168,8810f4c72bfffff
9169,8810f696d9fffff
9170,8810f46715fffff
9171,8810f6c003fffff
9172,8810f55ae1fffff
9173,8810a9620dfffff
9174,8810f63401fffff
9175,8810f68a6dfffff
9176,8810f6926bfffff
9177,8810f440bdfffff
9178,8810f6c66bfffff
9179,8810f46e99fffff
9180,8810f0585bfffff
9181,8810f0c845fffff
9182,8810f509d3fffff
9183,8810f66ee5fffff
9184,8810f439d9fffff
9185,8810f091c7fffff
9186,8810f59b4bfffff
9187,8810f6c28bfffff
9188,8810f0b347fffff
9189,8810a92d23fffff
9190,8810f555b1fffff
9191,8810f0c109fffff
9192,88101b0941fffff
9193,8810f0dab3fffff
9194,8810f488dbfffff
9195,8810f47763fffff
9196,8810f615d7fffff
9197,8810f08647fffff
9198,8810f660a7fffff
9199,8810f67689fffff
9200,8810f5d94dfffff
9201,8810f4a455fffff
9202,8810f42061fffff
9203,8810f47aa7fffff
9204,8810f6d5b7fffff
9205,88101b0cebfffff
9206,8810f449cdfffff
9207,8810f4c187fffff
9208,8810f6b0a3fffff
9209,8810f290e7fffff
9210,8810f4565bfffff
9211,8810f44503fffff
9212,8810f08ac7fffff
9213,8810f0ca51fffff
9214,88101b4e17fffff
9215,8810f40ad7fffff
9216,8810f47b51fffff
9217,8810f6d6e5fffff
9218,8810f46357fffff
9219,8810f4b141fffff
9220,8810f62005fffff
9221,8810f69a57fffff
9222,8810f4375dfffff
9223,8810f292b7fffff
9224,8810f0d987fffff
9225,88101b44cdfffff
9226,88101b3b33fffff
9227,88101b6ec9fffff
9228,8810f58cbdfffff
9229,8810f5840bfffff
9230,8810f588a5fffff
9231,8810f555e9fffff
9232,8810f63897fffff
9233,8810f4d1b9fffff
9234,8810f68ab9fffff
9235,8810f4c591fffff
9236,8810f4a0a5fffff
9237,8810f0905bfffff
9238,8810f404b1fffff
9239,8810f6c2c3fffff
9240,8810f0928dfffff
9241,88101b6237fffff
9242,88101b0f31fffff
9243,8810f5d933fffff
9244,8810f6a855fffff
9245,8810f4bac9fffff
9246,8810f540a9fffff
9247,8810f6b2a9fffff
9248,8810f60b01fffff
9249,8810f66e95fffff
9250,8810f5c059fffff
9251,8810f6d587fffff
9252,8810f6002bfffff
9253,8810f454b1fffff
9254,88101b0d8bfffff
9255,8810f625e9fffff
9256,8810f0524dfffff
9257,8810f0bac1fffff
9258,8810f5024bfffff
9259,8810f405a9fffff
9260,8810f01751fffff
9261,8810f582a1fffff
9262,8810f6ad83fffff
9263,8810f43a13fffff
9264,8810f5561bfffff
9265,8810f42ed1fffff
9266,8810f44cd5fffff
9267,8810f508a9fffff
9268,8810f6a4e9fffff
9269,8810f61639fffff
9270,8810f4324dfffff
9271,88101a6e81fffff
9272,88101b7369fffff
9273,8810f4c0cbfffff
9274,8810f295d7fffff
9275,8810f4d259fffff
9276,8810f5c325fffff
9277,8810f44b2dfffff
9278,8810f0da3dfffff
9279,8810f6c681fffff
9280,8810f606d3fffff
9281,8810a9292dfffff
9282,8810f5425dfffff
9283,8810f4b465fffff
9284,8810f6380bfffff
9285,8810f42353fffff
9286,8810f4c56bfffff
9287,8810f4c899fffff
9288,8810f4d6a5fffff
9289,8810f6c1e9fffff
9290,8810f54441fffff
9291,8810f55343fffff
9292,88101b0c3dfffff
9293,8810f4d5a7fffff
9294,8810f550c7fffff
9295,88101a6ed5fffff
9296,8810f08f33fffff
9297,8810f0594bfffff
9298,88101b46a9fffff
9299,8810f0aa55fffff
9300,8810f5bb11fffff
9301,8810f4676bfffff
9302,8810f48a17fffff
9303,88101b6367fffff
9304,8810f62c49fffff
9305,8810f5d6b7fffff
9306,8810f51923fffff
9307,8810f0c6d3fffff
9308,8810f0d9c9fffff
9309,8810f4a8bdfffff
9310,8810f282a3fffff
9311,8810f5ca8bfffff
9312,8810f0976bfffff
9313,8810f28103fffff
9314,8810f6d025fffff
9315,8810a93895fffff
9316,88101b65d1fffff
9317,88101b62ddfffff
9318,8810f40d5dfffff
9319,8810f4c52bfffff
9320,8810f4231bfffff
9321,8810f614dbfffff
9322,8810f629b1fffff
9323,8810f625a7fffff
9324,8810f4064dfffff
9325,8810f096c9fffff
9326,8810f66c1bfffff
9327,8810f47b2bfffff
9328,8810f44405fffff
9329,8810f2800dfffff
9330,8810f6b927fffff
9331,8810f40e03fffff
9332,8810f41835fffff
9333,8810f6d4c5fffff
9334,8810a962e1fffff
9335,8810f4d915fffff
9336,8810f41127fffff
9337,8810f4ac2dfffff
9338,8810f4622dfffff
9339,8810f60a1bfffff
9340,8810f4580bfffff
9341,8810f4b9d7fffff
9342,8810f68769fffff
9343,8810f43b55fffff
9344,8810f08e53fffff
9345,8810f5b911fffff
9346,8810f48e19fffff
9347,8810f05149fffff
9348,8810f5162dfffff
9349,8810f6d0b7fffff
9350,8810f58d41fffff
9351,8810f54851fffff
9352,8810f0101bfffff
9353,8810f4d4d5fffff
9354,8810f541e5fffff
9355,8810f4263dfffff
9356,8810a96215fffff
9357,8810f01ab1fffff
9358,8810f59153fffff
9359,8810f5d5c3fffff
9360,88101b4f17fffff
9361,8810f485b3fffff
9362,8810f4ce2bfffff
9363,8810f4488bfffff
9364,8810f5154dfffff
9365,8810f05a13fffff
9366,8810f0949dfffff
9367,8810f44037fffff
9368,8810f451d1fffff
9369,8810f40ca5fffff
9370,8810f41563fffff
9371,8810f29263fffff
9372,8810f67641fffff
9373,8810f6a1c3fffff
9374,8810f545d5fffff
9375,8810f59a57fffff
9376,8810f2814bfffff
9377,8810a92c17fffff
9378,8810f47557fffff
9379,8810f62001fffff
9380,8810f092c9fffff
9381,8810f54da5fffff
9382,8810a97487fffff
9383,8810f58503fffff
9384,88101b5681fffff
9385,8810f59901fffff
9386,8810f4316dfffff
9387,8810f58185fffff
9388,8810f625c3fffff
9389,8810f69987fffff
9390,8810f0d24dfffff
9391,8810f5d4dbfffff
9392,8810f5953dfffff
9393,8810f084bbfffff
9394,8810f46c1bfffff
9395,8810f59b25fffff
9396,8810f46ed5fffff
9397,88101b6107fffff
9398,8810f51993fffff
9399,8810f6a761fffff
9400,8810f55561fffff
9401,8810f5413bfffff
9402,8810f088d7fffff
9403,8810f45195fffff
9404,8810f4c1a3fffff
9405,8810f4140dfffff
9406,8810f489a3fffff
9407,8810f052d9fffff
9408,8810f55241fffff
9409,88101b725dfffff
9410,8810f47549fffff
9411,8810f6b559fffff
9412,8810f6a943fffff
9413,8810f411abfffff
9414,8810a96ee7fffff
9415,8810f584e7fffff
9416,88101b0141fffff
9417,88101b6e65fffff
9418,8810f46019fffff
9419,8810f44191fffff
9420,8810f29593fffff
9421,8810f6c509fffff
9422,8810a97601fffff
9423,8810f00249fffff
9424,88101b4c1dfffff
9425,8810f585ddfffff
9426,8810f58d87fffff
9427,8810f40835fffff
9428,8810f58a2dfffff
9429,8810f62d93fffff
9430,8810f6b5bbfffff
9431,8810f50155fffff
9432,8810f08c25fffff
9433,8810f5ce19fffff
9434,8810f6cf07fffff
9435,8810f46c3dfffff
9436,8810f41661fffff
9437,8810f6b011fffff
9438,8810f084b3fffff
9439,88101b4099fffff
9440,8810f42729fffff
9441,8810f46011fffff
9442,8810f5cee1fffff
9443,8810f61641fffff
9444,8810a92193fffff
9445,88101b6f35fffff
9446,8810f05155fffff
9447,88101b4d3dfffff
9448,88101b65dbfffff
9449,8810f44469fffff
9450,8810f01557fffff
9451,8810f6b181fffff
9452,8810f44593fffff
9453,8810f01a01fffff
9454,8810a921b7fffff
9455,8810f092edfffff
9456,8810a96ce9fffff
9457,8810f414d1fffff
9458,88101b01a7fffff
9459,8810f5411dfffff
9460,8810f0b2a3fffff
9461,8810f51249fffff
9462,88101b0c07fffff
9463,8810f612cbfffff
9464,8810f42c89fffff
9465,8810f484bdfffff
9466,8810f54735fffff
9467,8810f450c1fffff
9468,8810f501a9fffff
9469,8810f4ad41fffff
9470,8810f6a033fffff
9471,8810f41059fffff
9472,8810f0489bfffff
9473,8810f4d15bfffff
9474,88101b0851fffff
9475,8810f01549fffff
9476,8810f68b39fffff
9477,8810f00237fffff
9478,8810f2942bfffff
9479,8810f09295fffff
9480,8810aba4dbfffff
9481,8810f2969dfffff
9482,8810f5c633fffff
9483,8810f5c621fffff
9484,88101b6227fffff
9485,8810f09495fffff
9486,8810f58211fffff
9487,8810f58f3bfffff
9488,88101b41a3fffff
9489,8810f46403fffff
9490,8810f29a83fffff
9491,8810f59007fffff
9492,8810f09487fffff
9493,8810f469b3fffff
9494,8810f6b287fffff
9495,8810f6a2c5fffff
9496,8810f58f15fffff
9497,8810f4b453fffff
9498,8810f05029fffff
9499,8810f61295fffff
9500,88101b6465fffff
9501,8810f6a4c5fffff
9502,8810f0db19fffff
9503,8810f29b59fffff
9504,8810f01ac5fffff
9505,8810f54695fffff
9506,8810f4d4bdfffff
9507,8810f0410dfffff
9508,8810a92839fffff
9509,8810f58527fffff
9510,8810f4d6b3fffff
9511,8810f42ebdfffff
9512,88101b4629fffff
9513,8810f62da5fffff
9514,8810f29741fffff
9515,8810f6215dfffff
9516,8810f4c859fffff
9517,8810f4d0c3fffff
9518,8810f4b915fffff
9519,8810a92ee3fffff
9520,88101b3911fffff
9521,8810f29531fffff
9522,8810f59089fffff
9523,8810f04009fffff
9524,8810f04111fffff
9525,8810f6b149fffff
9526,8810f59ab5fffff
9527,8810f5c691fffff
9528,8810f66c09fffff
9529,8810f4c59bfffff
9530,8810f095adfffff
9531,8810f6d6e3fffff
9532,8810f0ca49fffff
9533,8810f4b16dfffff
9534,8810f47a59fffff
9535,8810f0c4e9fffff
9536,8810f51901fffff
9537,8810f01535fffff
9538,8810f6b6adfffff
9539,88101b4607fffff
9540,8810f45aa7fffff
9541,8810f4b953fffff
9542,8810f44103fffff
9543,8810a921abfffff
9544,8810f6644bfffff
9545,8810a92f4dfffff
9546,8810f519bbfffff
9547,8810f48833fffff
9548,8810f45237fffff
9549,88101b4637fffff
9550,8810a939cdfffff
9551,8810f66ec3fffff
9552,88101b2b33fffff
9553,8810f50d49fffff
9554,8810f0c5a7fffff
9555,8810f509ddfffff
9556,8810f6a52dfffff
9557,8810f581d5fffff
9558,8810f059e5fffff
9559,8810f46e6bfffff
9560,88101b7217fffff
9561,8810f6874dfffff
9562,88101b02b5fffff
9563,8810f48f3dfffff
9564,8810f0d127fffff
9565,8810f47321fffff
9566,8810f09b65fffff
9567,8810f404e1fffff
9568,8810f46c53fffff
9569,8810f0cc95fffff
9570,8810a93b1bfffff
9571,8810f019ddfffff
9572,8810f61557fffff
9573,8810f05903fffff
9574,8810f4d431fffff
9575,88101b455bfffff
9576,88101a6555fffff
9577,8810f4cd17fffff
9578,8810f68ecdfffff
9579,88101b64c5fffff
9580,8810f4a6e3fffff
9581,88101b0f05fffff
9582,8810f50d09fffff
9583,8810f08aa9fffff
9584,8810f62419fffff
9585,8810f43313fffff
9586,8810f461a7fffff
9587,8810f55743fffff
9588,8810f0b013fffff
9589,8810f5cb23fffff
9590,8810f4b803fffff
9591,8810f68e4bfffff
9592,8810f04121fffff
9593,8810a97433fffff
9594,8810f4b0cdfffff
9595,8810f62541fffff
9596,88101b4659fffff
9597,8810f0d847fffff
9598,8810f43a3dfffff
9599,8810f48e23fffff
9600,8810f6c1b5fffff
9601,8810f46e5dfffff
9602,8810a92d09fffff
9603,8810f2818dfffff
9604,8810f05b35fffff
9605,8810f55715fffff
9606,8810f54ce3fffff
9607,88101b4ce3fffff
9608,8810f5d487fffff
9609,8810f559d9fffff
9610,8810f6ab09fffff
9611,8810f45153fffff
9612,8810f5d841fffff
9613,8810f48c49fffff
9614,8810f424bdfffff
9615,8810f09585fffff
9616,8810f4c89dfffff
9617,8810f4c485fffff
9618,8810f4c4a9fffff
9619,8810a93833fffff
9620,8810a90d91fffff
9621,8810f44d59fffff
9622,8810f41adbfffff
9623,8810f4b2ebfffff
9624,88101b0aabfffff
9625,8810f484c3fffff
9626,8810f689e9fffff
9627,88101b6733fffff
9628,88101b0dadfffff
9629,8810f0598bfffff
9630,8810f0b933fffff
9631,8810f6aeb1fffff
9632,88101b4d4bfffff
9633,8810f589a1fffff
9634,8810f46645fffff
9635,8810f6c70dfffff
9636,8810f470a5fffff
9637,88101b6835fffff
9638,8810f4c6b1fffff
9639,8810f01321fffff
9640,88101b4e49fffff
9641,88101b696dfffff
9642,8810f68eebfffff
9643,8810f68091fffff
9644,8810f5818bfffff
9645,8810f592a1fffff
9646,8810f4103dfffff
9647,8810f68c47fffff
9648,88101b6721fffff
9649,8810f5d8d5fffff
9650,8810f45547fffff
9651,8810f05a93fffff
9652,8810f51209fffff
9653,8810f4d0a7fffff
9654,8810f552e7fffff
9655,8810f01691fffff
9656,8810f4706bfffff
9657,8810f47aa1fffff
9658,8810f080b5fffff
9659,8810f592c1fffff
9660,8810f0d243fffff
9661,8810f5cc57fffff
9662,8810f2941dfffff
9663,8810f40415fffff
9664,8810f41163fffff
9665,8810a9663bfffff
9666,88101b6523fffff
9667,8810f08c2dfffff
9668,8810f59207fffff
9669,8810f6a525fffff
9670,8810f511d7fffff
9671,88101b76d5fffff
9672,8810f639e7fffff
9673,8810f62f03fffff
9674,8810f0c723fffff
9675,8810f461a5fffff
9676,8810a92a01fffff
9677,8810f4105bfffff
9678,8810a92429fffff
9679,88101b62c3fffff
9680,8810f43b27fffff
9681,8810f6250dfffff
9682,88101b0ec5fffff
9683,8810f0ba05fffff
9684,8810f69717fffff
9685,8810f456c9fffff
9686,8810f601e7fffff
9687,8810f42453fffff
9688,8810f2912dfffff
9689,8810f411cbfffff
9690,8810f002cbfffff
9691,8810f4cc4dfffff
9692,8810f61aebfffff
9693,88101b6d3dfffff
9694,8810f4ae23fffff
9695,8810f0b087fffff
9696,8810f550ebfffff
9697,8810f415e7fffff
9698,8810f499b3fffff
9699,88101b7025fffff
9700,8810f62f51fffff
9701,8810f0890bfffff
9702,8810f5dab9fffff
9703,8810f68b37fffff
9704,8810f4cb09fffff
9705,88101b4ec9fffff
9706,88101b4cb9fffff
9707,8810f409b7fffff
9708,8810f0c409fffff
9709,8810f08239fffff
9710,8810f0c459fffff
9711,8810f010b5fffff
9712,8810f5ca19fffff
9713,8810f08a43fffff
9714,8810f0b9a5fffff
9715,8810f456b1fffff
9716,8810f0c6a1fffff
9717,8810f444b9fffff
9718,8810f61161fffff
9719,8810f4a5c5fffff
9720,8810f54847fffff
9721,8810a9662dfffff
9722,8810f4ba91fffff
9723,8810f0ce25fffff
9724,88101b62bbfffff
9725,8810f01b17fffff
9726,8810f40695fffff
9727,8810f69241fffff
9728,8810f688cdfffff
9729,8810f6a91bfffff
9730,8810f50b11fffff
9731,8810f441c7fffff
9732,8810f54a53fffff
9733,8810f4ce8bfffff
9734,8810f6aad1fffff
9735,8810f4a907fffff
9736,8810f2864dfffff
9737,8810f46311fffff
9738,8810f69067fffff
9739,88101b6587fffff
9740,8810f68e11fffff
9741,8810f61b5bfffff
9742,8810f42669fffff
9743,8810f6ae3bfffff
9744,8810f6a747fffff
9745,8810f549d5fffff
9746,8810f40139fffff
9747,88101a6e11fffff
9748,8810f5730bfffff
9749,8810f6d723fffff
9750,8810f48c39fffff
9751,8810f6d4cdfffff
9752,8810f091edfffff
9753,8810f5cd15fffff
9754,8810f6d34bfffff
9755,8810f62083fffff
9756,8810f4d015fffff
9757,8810f59997fffff
9758,8810f014c7fffff
9759,8810a9612bfffff
9760,8810f6203dfffff
9761,8810f4c421fffff
9762,88101a6c05fffff
9763,8810f681c5fffff
9764,8810f62ea7fffff
9765,8810f09335fffff
9766,8810f4cadbfffff
9767,88101b6ec3fffff
9768,8810f5556dfffff
9769,8810f6911dfffff
9770,8810f45843fffff
9771,8810f63451fffff
9772,8810f40a31fffff
9773,8810a93807fffff
9774,8810f68631fffff
9775,8810f4700dfffff
9776,8810f54933fffff
9777,8810f694e3fffff
9778,8810f4d2cdfffff
9779,8810f40039fffff
9780,8810f57361fffff
9781,8810f04b0bfffff
9782,8810f5c539fffff
9783,8810f44941fffff
9784,8810f081abfffff
9785,8810f08843fffff
9786,8810f62469fffff
9787,8810f554c7fffff
9788,88101b7733fffff
9789,8810f5d5e7fffff
9790,8810f58a97fffff
9791,8810f68831fffff
9792,8810f40c19fffff
9793,8810f04317fffff
9794,88101b70a7fffff
9795,8810f626a1fffff
9796,8810f62143fffff
9797,8810f6b6dbfffff
9798,8810f40dcdfffff
9799,8810f6a26bfffff
9800,8810f6c4e5fffff
9801,8810f0b937fffff
9802,8810f28489fffff
9803,8810f6ba49fffff
9804,8810f46d35fffff
9805,8810f472c3fffff
9806,8810f408abfffff
9807,8810f51881fffff
9808,8810f0866dfffff
9809,8810f5ceebfffff
9810,8810a925d7fffff
9811,8810f298c9fffff
9812,8810f015e7fffff
9813,8810a96ca3fffff
9814,8810f2963dfffff
9815,88101b789bfffff
9816,8810f40287fffff
9817,8810f46527fffff
9818,8810f43925fffff
9819,8810f4b221fffff
9820,8810a964b1fffff
9821,8810f6c61dfffff
9822,8810a925a1fffff
9823,8810f47323fffff
9824,8810f4660dfffff
9825,88101b6053fffff
9826,8810f545bdfffff
9827,8810f5c861fffff
9828,8810f62241fffff
9829,8810f4adc3fffff
9830,8810f29821fffff
9831,8810f42b49fffff
9832,8810f6bab1fffff
9833,8810f6a2e7fffff
9834,8810f4d4e5fffff
9835,8810f55209fffff
9836,8810f44e69fffff
9837,8810f4269bfffff
9838,8810f04b23fffff
9839,8810f09ab9fffff
9840,8810f40b69fffff
9841,8810f28143fffff
9842,8810f0c591fffff
9843,8810f6ac25fffff
9844,8810f639a7fffff
9845,8810f4176bfffff
9846,8810f0d945fffff
9847,8810f6a2b3fffff
9848,8810f4b083fffff
9849,8810f6a71bfffff
9850,8810f46047fffff
9851,8810f6a297fffff
9852,88101b6dcdfffff
9853,8810f0c811fffff
9854,8810a975cbfffff
9855,8810f6a135fffff
9856,8810f6cd55fffff
9857,8810f6a8e3fffff
9858,8810f51b3dfffff
9859,8810f0b0cbfffff
9860,8810f62259fffff
9861,8810f5c05dfffff
9862,8810f4c8c3fffff
9863,88101b0c55fffff
9864,8810f61585fffff
9865,8810f0d15dfffff
9866,8810f0c643fffff
9867,8810f4c1e7fffff
9868,8810f58a09fffff
9869,8810f4b9abfffff
9870,8810f508c9fffff
9871,8810f4b511fffff
9872,8810f09449fffff
9873,8810aba65dfffff
9874,8810f5414dfffff
9875,8810f6a34dfffff
9876,8810f61485fffff
9877,8810f44e09fffff
9878,8810f59565fffff
9879,8810f5d4c1fffff
9880,8810f68f31fffff
9881,8810f6cabbfffff
9882,8810f4519dfffff
9883,8810f558cdfffff
9884,8810f4ac29fffff
9885,8810f62219fffff
9886,8810f090c3fffff
9887,8810f40631fffff
9888,8810f0ca81fffff
9889,8810f674cdfffff
9890,8810f46c33fffff
9891,8810f42465fffff
9892,8810f45a9dfffff
9893,8810a962c5fffff
9894,8810f4bb41fffff
9895,8810f426edfffff
9896,8810f459c1fffff
9897,8810f46aedfffff
9898,8810f5ca33fffff
9899,8810f6c613fffff
9900,8810a975a9fffff
9901,8810f08a4dfffff
9902,88101b6d05fffff
9903,8810f294e5fffff
9904,8810f48a63fffff
9905,8810f6a01dfffff
9906,88101b75b7fffff
9907,8810f62db9fffff
9908,8810f618b5fffff
9909,8810f62401fffff
9910,8810f00295fffff
9911,8810f51087fffff
9912,8810f4cf49fffff
9913,8810f696bdfffff
9914,8810f464cdfffff
9915,8810f4a63bfffff
9916,8810a966e5fffff
9917,8810a939c3fffff
9918,8810f4384bfffff
9919,88101b7a09fffff
9920,8810f0cc41fffff
9921,8810f6035dfffff
9922,8810f6380dfffff
9923,8810f62ad7fffff
9924,8810f438c3fffff
9925,8810f62233fffff
9926,8810f09709fffff
9927,8810f09b6dfffff
9928,8810f04d6dfffff
9929,8810f58ee1fffff
9930,8810f2815bfffff
9931,8810f601c7fffff
9932,8810f44cb9fffff
9933,8810f46d57fffff
9934,88101b4851fffff
9935,8810f0bb05fffff
9936,8810f55995fffff
9937,8810f6b6bdfffff
9938,8810f601ebfffff
9939,8810f40d15fffff
9940,8810f58c6dfffff
9941,8810f09601fffff
9942,8810f2b305fffff
9943,8810f67441fffff
9944,8810f55047fffff
9945,8810f6d011fffff
9946,8810f6b8e1fffff
9947,8810f4cb23fffff
9948,8810a93999fffff
9949,8810f6a1d7fffff
9950,88101b694dfffff
9951,8810f54163fffff
9952,8810f439b5fffff
9953,8810f50923fffff
9954,8810f47421fffff
9955,8810f6d1c9fffff
9956,8810f0d643fffff
9957,8810f4d407fffff
9958,8810f05865fffff
9959,8810f47029fffff
9960,8810f6145bfffff
9961,8810f68ecbfffff
9962,8810a93a25fffff
9963,8810f5db05fffff
9964,88101b0ae7fffff
9965,8810f5c605fffff
9966,8810f60cc3fffff
9967,8810f48c8bfffff
9968,8810f28263fffff
9969,8810f29141fffff
9970,8810f4bb43fffff
9971,8810f58a4bfffff
9972,8810a961bdfffff
9973,8810f286bdfffff
9974,8810f60003fffff
9975,8810f59855fffff
9976,8810f46605fffff
9977,8810a926e5fffff
9978,8810f08557fffff
9979,8810f0cee9fffff
9980,8810f29b15fffff
9981,8810f0ce53fffff
9982,8810a96de7fffff
9983,8810f44119fffff
9984,8810f4c8bdfffff
9985,8810f47281fffff
9986,8810f4a4a5fffff
9987,8810f6d669fffff
9988,8810f5cf05fffff
9989,8810f5584bfffff
9990,8810f5486bfffff
9991,8810f5d5edfffff
9992,8810f40513fffff
9993,8810f5d537fffff
9994,88101b6c53fffff
9995,8810f41151fffff
9996,8810f632e7fffff
9997,8810f55369fffff
9998,8810f0b203fffff
9999,8810f595cdfffff
10000,8810f421edfffff
10001,8810f40e8dfffff
10002,8810f50347fffff
10003,8810f6851bfffff
10004,8810f51241fffff
10005,8810f0d569fffff
10006,8810f050c7fffff
10007,8810f44591fffff
10008,88101b7b1dfffff
10009,8810f6c6e1fffff
10010,8810a964e7fffff
10011,8810f47587fffff
10012,8810f62e21fffff
10013,8810f41507fffff
10014,8810f45a4dfffff
10015,8810f4d293fffff
10016,8810f48e49fffff
10017,8810f43763fffff
10018,8810f091b7fffff
10019,8810f456e5fffff
10020,8810f40997fffff
10021,8810f619c5fffff
10022,88101b0565fffff
10023,8810f4c069fffff
10024,8810f4a51bfffff
10025,8810f43b11fffff
10026,8810f4adddfffff
10027,8810f4b021fffff
10028,88101b2da9fffff
10029,8810f4b6a9fffff
10030,8810f4a30bfffff
10031,8810f4ae21fffff
10032,8810f625d5fffff
10033,8810f2806dfffff
10034,8810f67619fffff
10035,8810f0b953fffff
10036,8810f0d947fffff
10037,8810f50227fffff
10038,88101b4f01fffff
10039,88101b4703fffff
10040,8810f284b3fffff
10041,8810f4c82dfffff
10042,8810f4c759fffff
10043,8810f471e5fffff
10044,88101b76cbfffff
10045,8810f2869dfffff
10046,88101b7667fffff
10047,8810f6c231fffff
10048,8810f049abfffff
10049,8810f59731fffff
10050,8810f4d453fffff
10051,8810f6b2c5fffff
10052,8810f6740bfffff
10053,8810f44893fffff
10054,8810f0ba41fffff
10055,8810f455edfffff
10056,8810f29589fffff
10057,8810f6d469fffff
10058,8810f5c28dfffff
10059,8810f40b01fffff
10060,8810f4d2e3fffff
10061,8810f5d9c7fffff
10062,8810f5c2c9fffff
10063,8810f6992bfffff
10064,88101a6d27fffff
10065,8810f6b4b5fffff
10066,8810f29067fffff
10067,8810f6c1bbfffff
10068,8810f28a5dfffff
10069,8810f5c403fffff
10070,8810f049b1fffff
10071,8810f6b46dfffff
10072,8810f4083bfffff
10073,8810f626a9fffff
10074,8810f66cd3fffff
10075,8810f4450dfffff
10076,8810f2909dfffff
10077,8810f0c8c5fffff
10078,8810f62dc1fffff
10079,8810f0851dfffff
10080,8810f5850bfffff
10081,8810f05b2dfffff
10082,8810f6158bfffff
10083,8810f05a07fffff
10084,8810f5858bfffff
10085,8810f43655fffff
10086,8810f6ac65fffff
10087,8810f62e25fffff
10088,8810f622dbfffff
10089,8810f0b931fffff
10090,8810a9640bfffff
10091,8810f40127fffff
10092,8810f6d2d5fffff
10093,8810f291a5fffff
10094,8810f6a84bfffff
10095,8810f00099fffff
10096,8810a93805fffff
10097,88101b568bfffff
10098,88101b44d5fffff
10099,8810f08d11fffff
10100,8810f51347fffff
10101,8810f6d111fffff
10102,8810f4d9b3fffff
10103,8810f55901fffff
10104,8810f69411fffff
10105,8810f0b0c5fffff
10106,8810f46231fffff
10107,8810f6b997fffff
10108,8810f0829dfffff
10109,8810f6c5d1fffff
10110,8810f01b55fffff
10111,88101a6c97fffff
10112,88101b0e1dfffff
10113,8810f689c3fffff
10114,8810f5b933fffff
10115,8810f62095fffff
10116,8810f42ee3fffff
10117,8810f0103bfffff
10118,8810f446c9fffff
10119,8810f54307fffff
10120,8810f61165fffff
10121,8810f282e7fffff
10122,8810a93915fffff
10123,8810f4053bfffff
10124,8810f48c13fffff
10125,8810f47033fffff
10126,8810f46a6bfffff
10127,8810f2948bfffff
10128,8810f47ac9fffff
10129,8810f58e3bfffff
10130,8810f5824bfffff
10131,8810f4724dfffff
10132,8810f424a1fffff
10133,88101b19a1fffff
10134,8810a97605fffff
10135,8810f6d2abfffff
10136,8810f55a61fffff
10137,8810f51615fffff
10138,8810f4b747fffff
10139,8810f46cb9fffff
10140,8810f434e9fffff
10141,8810f6b819fffff
10142,8810a964d5fffff
10143,8810f40111fffff
10144,8810f62321fffff
10145,8810f0d809fffff
10146,8810f5ce07fffff
10147,8810f4d2c9fffff
10148,8810f601b9fffff
10149,8810f50119fffff
10150,8810f68555fffff
10151,8810f43725fffff
10152,88101b0535fffff
10153,8810f5ccc7fffff
10154,8810f0d0edfffff
10155,8810f29629fffff
10156,8810f62189fffff
10157,8810f634bdfffff
10158,8810f6b983fffff
10159,8810f628bdfffff
10160,8810f55093fffff
10161,8810f0b925fffff
10162,8810f0c6dbfffff
10163,8810f46c67fffff
10164,8810f6743bfffff
10165,8810f61ab9fffff
10166,8810f6ce1dfffff
10167,8810f2931dfffff
10168,8810f45295fffff
10169,8810a92681fffff
10170,8810f40741fffff
10171,8810f541d3fffff
10172,8810f0cea9fffff
10173,8810f68317fffff
10174,8810f40737fffff
10175,8810f4c9edfffff
10176,8810f4d88dfffff
10177,8810f5c8cdfffff
10178,8810f29003fffff
10179,8810f51b09fffff
10180,8810f48d3bfffff
10181,88101b0831fffff
10182,8810f096c5fffff
10183,88101b6f51fffff
10184,8810f0d6b3fffff
10185,8810f4d983fffff
10186,88101b7505fffff
10187,8810f4d245fffff
10188,8810f4b6c1fffff
10189,8810f0b941fffff
10190,8810f50d41fffff
10191,8810f6b2b3fffff
10192,8810f4b759fffff
10193,8810f6d2e3fffff
10194,8810f6d585fffff
10195,8810f48181fffff
10196,88101b69cdfffff
10197,8810f49959fffff
10198,8810f5d157fffff
10199,8810f61b43fffff
10200,8810f499bbfffff
10201,8810f67409fffff
10202,8810f460b9fffff
10203,8810f47945fffff
10204,8810f6a0bbfffff
10205,8810f43545fffff
10206,8810a975b3fffff
10207,8810f28105fffff
10208,8810f430ddfffff
10209,8810f4a611fffff
10210,88101b6db1fffff
10211,8810f09933fffff
10212,8810f498a9fffff
10213,8810f0c649fffff
10214,8810a92323fffff
10215,8810f0d601fffff
10216,8810f4a04dfffff
10217,8810a965ddfffff
10218,8810a92421fffff
10219,8810f29487fffff
10220,8810f5d0ebfffff
10221,8810f42a97fffff
10222,8810f40ae1fffff
10223,8810f4b455fffff
10224,8810f0b28bfffff
10225,8810f5c5adfffff
10226,8810f40d69fffff
10227,8810f665abfffff
10228,8810f04aa9fffff
10229,8810f09b47fffff
10230,88101b668dfffff
10231,8810f4b691fffff
10232,8810f44e07fffff
10233,8810f6aec7fffff
10234,8810f5d9ddfffff
10235,8810f430e9fffff
10236,8810f4766bfffff
10237,8810f422cdfffff
10238,8810f43905fffff
10239,8810f47433fffff
10240,88101b72a9fffff
10241,8810f42357fffff
10242,88101b4d67fffff
10243,8810f05815fffff
10244,8810f62347fffff
10245,8810f42a51fffff
10246,8810f4da15fffff
10247,8810f4d0cbfffff
10248,8810f44f0dfffff
10249,88101b0ee9fffff
10250,8810f461edfffff
10251,8810f6273dfffff
10252,8810f09b0dfffff
10253,8810f5109dfffff
10254,8810f6af33fffff
10255,88101b6403fffff
10256,8810f0c215fffff
10257,8810f085abfffff
10258,8810f5548dfffff
10259,8810f61483fffff
10260,8810f424a3fffff
10261,8810f61507fffff
10262,8810f28121fffff
10263,8810f43633fffff
10264,88101b00abfffff
10265,8810f66f15fffff
10266,8810f08f49fffff
10267,8810f2903bfffff
10268,8810f015edfffff
10269,8810f61403fffff
10270,8810f51835fffff
10271,8810f05829fffff
10272,8810f48ebbfffff
10273,8810f55947fffff
10274,8810f6b0d1fffff
10275,8810a96189fffff
10276,88101b70d9fffff
10277,8810f058d3fffff
10278,8810f280d1fffff
10279,8810f69817fffff
10280,8810f6646dfffff
10281,8810f430a7fffff
10282,88101b48bbfffff
10283,8810f6611dfffff
10284,8810f442abfffff
10285,8810f01b43fffff
10286,88101b0581fffff
10287,8810f58e15fffff
10288,8810f5171bfffff
10289,8810f0b341fffff
10290,8810f6d713fffff
10291,8810f46767fffff
10292,8810f47583fffff
10293,8810f0c6d5fffff
10294,8810f0813dfffff
10295,8810f6095dfffff
10296,8810f4cdcbfffff
10297,8810f44ea7fffff
10298,8810f2b345fffff
10299,8810f5c45dfffff
10300,8810f04145fffff
10301,8810f09961fffff
10302,8810f6d535fffff
10303,8810f42689fffff
10304,8810f54909fffff
10305,8810f4b707fffff
10306,8810f592c5fffff
10307,8810a974b7fffff
10308,8810a922bdfffff
10309,8810f55189fffff
10310,8810a96c09fffff
10311,8810f4274dfffff
10312,8810f51667fffff
10313,8810f45021fffff
10314,8810f45461fffff
10315,88101b75abfffff
10316,8810f4ac53fffff
10317,8810f6ae57fffff
10318,8810f42333fffff
10319,8810f0ba2bfffff
10320,88101b0eebfffff
10321,8810f0c331fffff
10322,8810f55181fffff
10323,8810f42015fffff
10324,88101b4717fffff
10325,8810f4a0c1fffff
10326,8810f5c315fffff
10327,8810f4776dfffff
10328,8810f5d6c7fffff
10329,8810f0932bfffff
10330,8810f6aa3dfffff
10331,8810f5c493fffff
10332,88101b4d51fffff
10333,8810f61055fffff
10334,88101b4c13fffff
10335,8810f44edbfffff
10336,8810f6c2edfffff
10337,8810f41423fffff
10338,8810f4a063fffff
10339,8810f048b3fffff
10340,8810f5998dfffff
10341,88101b0b2bfffff
10342,8810f0d493fffff
10343,8810f286a7fffff
10344,8810f44a39fffff
10345,8810f4176dfffff
10346,8810f05987fffff
10347,8810f0d485fffff
10348,8810f6c61bfffff
10349,88101b08adfffff
10350,8810f55111fffff
10351,8810f478a5fffff
10352,8810f63ad9fffff
10353,8810f4b821fffff
10354,8810f4a729fffff
10355,8810f4d305fffff
10356,88101b6519fffff
10357,8810f48f35fffff
10358,8810a92909fffff
10359,8810f5c345fffff
10360,88101b6143fffff
10361,8810f0159dfffff
10362,8810f05209fffff
10363,8810f08aa7fffff
10364,88101b0555fffff
10365,8810f6d549fffff
10366,88101b4c97fffff
10367,8810f63807fffff
10368,8810f05131fffff
10369,8810f54415fffff
10370,8810a96e3bfffff
10371,88101b6755fffff
10372,8810f0184dfffff
10373,88101b69e9fffff
10374,8810f59107fffff
10375,8810f51765fffff
10376,8810f59093fffff
10377,8810f40b33fffff
10378,8810f636abfffff
10379,8810f6944dfffff
10380,8810f5102dfffff
10381,8810f6168bfffff
10382,8810f6d6d1fffff
10383,8810f44a23fffff
10384,8810f42587fffff
10385,8810f60045fffff
10386,8810f69661fffff
10387,8810a96881fffff
10388,8810f0d91bfffff
10389,8810f6d211fffff
10390,8810f61009fffff
10391,8810f46109fffff
10392,8810f4ccebfffff
10393,88101b7501fffff
10394,8810f4b9d5fffff
10395,8810f4d533fffff
10396,8810f55059fffff
10397,8810f6ccd1fffff
10398,8810f55957fffff
10399,8810f59509fffff
10400,8810f54d6bfffff
10401,8810a90db3fffff
10402,8810f45305fffff
10403,8810f6d305fffff
10404,8810f40599fffff
10405,8810a92637fffff
10406,8810f68b53fffff
10407,8810f29a31fffff
10408,8810f46c23fffff
10409,8810f69403fffff
10410,8810f4550bfffff
10411,8810f5c441fffff
10412,8810f58151fffff
10413,8810f5c66bfffff
10414,8810f42ddbfffff
10415,8810f40da3fffff
10416,8810f44321fffff
10417,8810f61ad9fffff
10418,8810f5c467fffff
10419,8810a92605fffff
10420,8810f40e25fffff
10421,8810f28313fffff
10422,8810a9268bfffff
10423,8810f42619fffff
10424,8810f4c999fffff
10425,8810f01697fffff
10426,8810f4762dfffff
10427,8810f2980dfffff
10428,8810f6a301fffff
10429,8810f5d005fffff
10430,8810f59959fffff
10431,8810f5011bfffff
10432,8810f51161fffff
10433,8810f426ddfffff
10434,88101b4e5bfffff
10435,8810f616d1fffff
10436,8810f51145fffff
10437,8810f606c9fffff
10438,8810f6b855fffff
10439,88101b7aa5fffff
10440,8810f0d989fffff
10441,8810f4d6c5fffff
10442,8810f47461fffff
10443,8810f4ca91fffff
10444,8810f6c099fffff
10445,8810a92031fffff
10446,8810f44261fffff
10447,8810f5b12dfffff
10448,8810f69b59fffff
10449,8810f625edfffff
10450,88101b69bbfffff
10451,8810f54ea1fffff
10452,8810f43431fffff
10453,8810f4061bfffff
10454,8810f5190dfffff
10455,8810f28007fffff
10456,8810f46259fffff
10457,8810f01721fffff
10458,8810f294b9fffff
10459,8810f01a09fffff
10460,88101b1993fffff
10461,8810f5c369fffff
10462,8810f6add3fffff
10463,8810f6b205fffff
10464,8810f0988dfffff
10465,8810f28221fffff
10466,8810f6c0d1fffff
10467,8810f4c4a7fffff
10468,88101b3929fffff
10469,8810f6b08dfffff
10470,8810f58a65fffff
10471,8810f68981fffff
10472,8810f559abfffff
10473,8810f2b335fffff
10474,8810f43b67fffff
10475,8810f60a57fffff
10476,8810f598b1fffff
10477,8810f088e5fffff
10478,8810f61a85fffff
10479,8810f40913fffff
10480,88101b71a1fffff
10481,8810f51991fffff
10482,8810f4ca83fffff
10483,8810a964b5fffff
10484,8810f0119bfffff
10485,8810f61219fffff
10486,8810f09497fffff
10487,8810f48515fffff
10488,8810f28429fffff
10489,8810f08f2dfffff
10490,8810f58045fffff
10491,8810f40cebfffff
10492,8810f41a05fffff
10493,8810f58dc1fffff
10494,8810f49b19fffff
10495,88101b4f51fffff
10496,8810f6b9e3fffff
10497,88101b79adfffff
10498,8810f428d7fffff
10499,8810f0c353fffff
10500,8810f41685fffff
10501,88101b7b01fffff
10502,8810f04919fffff
10503,8810f58949fffff
10504,8810f6160dfffff
10505,8810f68b3dfffff
10506,8810f42a41fffff
10507,8810f48961fffff
10508,8810f4645bfffff
10509,8810f502b7fffff
10510,8810f6c2ddfffff
10511,8810f5d03bfffff
10512,8810f55425fffff
10513,8810f6a2b9fffff
10514,8810f4bad1fffff
10515,8810f40967fffff
10516,8810f51837fffff
10517,88101b6861fffff
10518,88101b7281fffff
10519,8810f54207fffff
10520,8810f486b7fffff
10521,8810f5cb49fffff
10522,8810a964b9fffff
10523,8810f46545fffff
10524,8810a92a3bfffff
10525,8810f5cf6bfffff
10526,8810f621dbfffff
10527,8810f28a15fffff
10528,8810f636e5fffff
10529,8810f59aa7fffff
10530,8810f554cbfffff
10531,8810f0d813fffff
10532,8810f47189fffff
10533,8810a92125fffff
10534,8810f421d3fffff
10535,8810a92e23fffff
10536,8810f4d4d1fffff
10537,8810f08619fffff
10538,8810f29639fffff
10539,8810f44745fffff
10540,8810f469d7fffff
10541,8810f66e09fffff
10542,8810a93955fffff
10543,8810f2971dfffff
10544,8810f632b1fffff
10545,8810f471a5fffff
10546,8810f6d751fffff
10547,8810f449d3fffff
10548,8810f61013fffff
10549,8810f63867fffff
10550,8810f44d69fffff
10551,8810f592d1fffff
10552,88101b4da9fffff
10553,8810f68327fffff
10554,8810f68301fffff
10555,88101b0abdfffff
10556,8810a92325fffff
10557,8810f4a965fffff
10558,8810f47693fffff
10559,88101b71c1fffff
10560,88101b4c99fffff
10561,8810f5018dfffff
10562,8810f4b1c9fffff
10563,8810f5cc61fffff
10564,8810f6d1abfffff
10565,8810f43835fffff
10566,8810f44685fffff
10567,8810f68225fffff
10568,8810f442edfffff
10569,8810f4750dfffff
10570,8810f5cd41fffff
10571,8810f580c3fffff
10572,88101b792dfffff
10573,8810aba4ddfffff
10574,8810f4cdc7fffff
10575,88101b6ea3fffff
10576,8810f59811fffff
10577,8810f4c707fffff
10578,8810f48e85fffff
10579,8810f01a55fffff
10580,8810f094e7fffff
10581,8810f42581fffff
10582,8810f4b597fffff
10583,8810f59abdfffff
10584,8810f4ce21fffff
10585,8810f6843bfffff
10586,88101b4eb5fffff
10587,8810a922d5fffff
10588,8810f51989fffff
10589,8810f6a0c3fffff
10590,8810f286b3fffff
10591,8810f5822dfffff
10592,8810f4cd19fffff
10593,8810f66e21fffff
10594,8810f6365dfffff
10595,8810f54c47fffff
10596,8810f28665fffff
10597,88101b0a57fffff
10598,8810f6a533fffff
10599,8810f4a9b3fffff
10600,8810f62565fffff
10601,8810f2b21dfffff
10602,88101b45a1fffff
10603,8810f4a311fffff
10604,8810f6ba3bfffff
10605,8810f58cd9fffff
10606,8810f43951fffff
10607,88101b0d2dfffff
10608,8810f674d3fffff
10609,8810f4c63bfffff
10610,8810f08d3bfffff
10611,8810a92747fffff
10612,8810f49b39fffff
10613,88101a6f35fffff
10614,8810f445d5fffff
10615,8810f58d91fffff
10616,8810f4d48bfffff
10617,8810f61163fffff
10618,8810f63069fffff
10619,88101b0ce9fffff
10620,8810f09211fffff
10621,8810f45ab5fffff
10622,8810f50aebfffff
10623,8810f44059fffff
10624,8810f472edfffff
10625,8810f28247fffff
10626,8810f4acd3fffff
10627,8810f01b11fffff
10628,88101b2d9bfffff
10629,8810f49835fffff
10630,8810f54b65fffff
10631,8810f4a589fffff
10632,8810f0929dfffff
10633,8810f4d805fffff
10634,8810f6a155fffff
10635,8810f68ccbfffff
10636,88101b45e7fffff
10637,8810f0c00bfffff
10638,8810f4a5a9fffff
10639,8810f4d697fffff
10640,8810f01129fffff
10641,8810f0d669fffff
10642,8810f4d52dfffff
10643,8810f04b69fffff
10644,8810f40a0dfffff
10645,8810f54327fffff
10646,8810f62327fffff
10647,8810f29b4dfffff
10648,8810f582cdfffff
10649,8810a97519fffff
10650,8810f08f07fffff
10651,8810f09019fffff
10652,8810f41ae5fffff
10653,8810f5909bfffff
10654,8810f5c427fffff
10655,8810f014ebfffff
10656,8810f55853fffff
10657,8810f08343fffff
10658,8810f55353fffff
10659,8810a921c5fffff
10660,88101b7215fffff
10661,8810f5c057fffff
10662,8810f46b41fffff
10663,8810f6a18bfffff
10664,8810f69b0bfffff
10665,8810f282b3fffff
10666,8810a92893fffff
10667,8810f29529fffff
10668,8810f46337fffff
10669,8810f4743dfffff
10670,8810f5ca51fffff
10671,8810f0d02dfffff
10672,88101a6e87fffff
10673,8810f4c637fffff
10674,8810a93ac3fffff
10675,8810f46627fffff
10676,88101b6e5dfffff
10677,88101b70bdfffff
10678,8810f4a8b3fffff
10679,8810f5420dfffff
10680,8810f48ab5fffff
10681,8810f4c8a9fffff
10682,88101b293bfffff
10683,8810f59305fffff
10684,8810f46d9dfffff
10685,8810f428d5fffff
10686,8810f051e5fffff
10687,8810f55849fffff
10688,8810f410cbfffff
10689,8810f44d4bfffff
10690,8810f46d01fffff
10691,8810f4a065fffff
10692,8810f6d195fffff
10693,8810f0c73dfffff
10694,8810a96705fffff
10695,8810f059c7fffff
10696,8810f47509fffff
10697,88101b01c7fffff
10698,8810f6d2adfffff
10699,8810f48a91fffff
10700,8810a92901fffff
10701,88101b4e59fffff
10702,88101b4ec7fffff
10703,8810f4321dfffff
10704,8810f082c1fffff
10705,8810f6a459fffff
10706,8810f47643fffff
10707,8810f6946dfffff
10708,8810f08c33fffff
10709,8810f290c5fffff
10710,8810f67589fffff
10711,8810f4569bfffff
10712,8810f61449fffff
10713,8810f5452dfffff
10714,8810f4434dfffff
10715,8810f682e7fffff
10716,8810f29b6dfffff
10717,88101b2b1dfffff
10718,8810a97659fffff
10719,8810f4089dfffff
10720,8810f6111dfffff
10721,8810a96cb7fffff
10722,8810f0d43dfffff
10723,8810f484b5fffff
10724,8810f62755fffff
10725,8810f45b09fffff
10726,8810f604a1fffff
10727,8810f42db1fffff
10728,8810f5d911fffff
10729,8810f46695fffff
10730,8810f43551fffff
10731,8810f452c5fffff
10732,88101b0e21fffff
10733,8810f42363fffff
10734,8810f47491fffff
10735,8810f604b9fffff
10736,8810f4d0b9fffff
10737,8810f4a363fffff
10738,8810f4d041fffff
10739,8810f68163fffff
10740,8810f5923dfffff
10741,8810a939ddfffff
10742,8810f05b39fffff
10743,88101b6117fffff
10744,8810f4a41bfffff
10745,8810f4c713fffff
10746,8810f51137fffff
10747,8810f5821dfffff
10748,8810f28727fffff
10749,8810f29aa9fffff
10750,8810f408dbfffff
10751,8810f4b2e3fffff
10752,8810f518b1fffff
10753,8810f44731fffff
10754,8810a96287fffff
10755,88101b7691fffff
10756,8810f6acebfffff
10757,8810f68033fffff
10758,88101b4749fffff
10759,8810f0d0c7fffff
10760,8810f499bdfffff
10761,8810f6a935fffff
10762,8810f605b7fffff
10763,8810f4c81dfffff
10764,8810f6819dfffff
10765,8810f55a37fffff
10766,8810f5d0adfffff
10767,8810f4852bfffff
10768,88101b6065fffff
10769,8810f4129dfffff
10770,8810f46891fffff
10771,8810a922c7fffff
10772,8810f6b0bbfffff
10773,8810a965c5fffff
10774,8810f40a39fffff
10775,88101b44e7fffff
10776,8810f60b31fffff
10777,8810f66ca1fffff
10778,8810f58149fffff
10779,8810f4362dfffff
10780,8810f42801fffff
10781,8810f4c937fffff
10782,8810f0492dfffff
10783,8810a920e1fffff
10784,8810f62cddfffff
10785,8810f684b3fffff
10786,8810f488ebfffff
10787,8810f54351fffff
10788,8810f0516dfffff
10789,8810f68221fffff
10790,8810f2909bfffff
10791,8810f43833fffff
10792,8810f42b4bfffff
10793,8810f4b49dfffff
10794,8810f6b5d9fffff
10795,8810f60b47fffff
10796,8810f0402dfffff
10797,8810f4635dfffff
10798,8810f50865fffff
10799,8810f54ae7fffff
10800,8810f0d6e9fffff
10801,88101b4c0bfffff
10802,8810f438dbfffff
10803,8810f40727fffff
10804,8810f05215fffff
10805,8810f59205fffff
10806,8810a93597fffff
10807,88101b6c17fffff
10808,8810a924a5fffff
10809,8810f42727fffff
10810,8810f68e41fffff
10811,8810f6123bfffff
10812,8810a93831fffff
10813,8810f4764bfffff
10814,8810f67637fffff
10815,8810f68503fffff
10816,8810f6b417fffff
10817,8810f5c507fffff
10818,8810f620b5fffff
10819,8810f2861dfffff
10820,8810f4c139fffff
10821,8810f6d541fffff
10822,8810f598cbfffff
10823,88101b7661fffff
10824,8810f62361fffff
10825,8810f69685fffff
10826,8810f699e5fffff
10827,8810f4d5b1fffff
10828,8810f4c309fffff
10829,8810f43505fffff
10830,8810f470b1fffff
10831,8810a96039fffff
10832,8810f0c205fffff
10833,8810f5ce01fffff
10834,8810a9264dfffff
10835,8810f5d349fffff
10836,88101b3917fffff
10837,88101b0f69fffff
10838,8810f5b923fffff
10839,8810f51a13fffff
10840,8810f052c1fffff
10841,8810f45ad3fffff
10842,8810f0891dfffff
10843,8810f59521fffff
10844,8810f5c64bfffff
10845,8810f45093fffff
10846,8810f43065fffff
10847,8810a928b7fffff
10848,8810f5d4e1fffff
10849,8810f2b329fffff
10850,8810f48e93fffff
10851,8810f60363fffff
10852,8810f08951fffff
10853,8810f4a669fffff
10854,8810f50307fffff
10855,8810f682b9fffff
10856,8810f60f25fffff
10857,88101b7881fffff
10858,8810aba6e3fffff
10859,88101b66e5fffff
10860,8810f284e9fffff
10861,8810f68ed1fffff
10862,8810f09b53fffff
10863,8810f420a5fffff
10864,88101b0dddfffff
10865,8810f44a2bfffff
10866,8810f4a8c9fffff
10867,8810f0c313fffff
10868,8810a9205dfffff
10869,8810f5d01bfffff
10870,8810f59295fffff
10871,8810f62435fffff
10872,8810f66e29fffff
10873,8810f62eddfffff
10874,8810f40751fffff
10875,8810f0d0c5fffff
10876,8810f40849fffff
10877,8810f472b3fffff
10878,8810f4b521fffff
10879,8810f515c1fffff
10880,8810f63683fffff
10881,8810f45613fffff
10882,88101a6e35fffff
10883,8810a9271bfffff
10884,8810f58ce9fffff
10885,8810f5153bfffff
10886,8810f28689fffff
10887,8810f5d827fffff
10888,8810f40dc7fffff
10889,8810f4cc9dfffff
10890,88101b7251fffff
10891,8810f6d52bfffff
10892,8810f08991fffff
10893,8810f0d72bfffff
10894,8810f68a49fffff
10895,8810f4580dfffff
10896,8810f44513fffff
10897,8810f40257fffff
10898,8810f665a9fffff
10899,8810f0b0c9fffff
10900,8810f01035fffff
10901,8810f54b57fffff
10902,8810a9674bfffff
10903,8810f4394bfffff
10904,8810f44201fffff
10905,8810f5d8edfffff
10906,8810f05989fffff
10907,8810f4584dfffff
10908,8810f0c565fffff
10909,88101b4e39fffff
10910,8810f426d5fffff
10911,8810f54937fffff
10912,8810f6272dfffff
10913,8810f5c417fffff
10914,8810f08293fffff
10915,8810f09997fffff
10916,8810f66507fffff
10917,8810f0d8adfffff
10918,88101b6acdfffff
10919,8810a96ea5fffff
10920,8810f6b2e9fffff
10921,8810f4baddfffff
10922,8810f6c50bfffff
10923,8810f6aa05fffff
10924,8810f41745fffff
10925,8810f4a5e1fffff
10926,8810aba657fffff
10927,8810f4aa15fffff
10928,8810f44a01fffff
10929,8810f58445fffff
10930,8810a92dabfffff
10931,8810f29119fffff
10932,8810f41605fffff
10933,8810f400e5fffff
10934,8810f5cb53fffff
10935,8810f098d1fffff
10936,88101b700bfffff
10937,8810a960a5fffff
10938,8810f0cee1fffff
10939,8810f63769fffff
10940,8810f4bb13fffff
10941,8810f5c6e7fffff
10942,8810f4a639fffff
10943,8810f4398dfffff
10944,8810f582d5fffff
10945,8810f4c269fffff
10946,8810f6d631fffff
10947,8810f6ba03fffff
10948,8810a966d3fffff
10949,88101b6ae5fffff
10950,8810f4c86bfffff
10951,8810f08023fffff
10952,8810f0586dfffff
10953,8810f5cad7fffff
10954,8810f6b59dfffff
10955,8810f099d1fffff
10956,88101b69cbfffff
10957,8810f591a9fffff
10958,8810f08eb5fffff
10959,8810f41b05fffff
10960,8810f54161fffff
10961,8810f29a33fffff
10962,8810f5d91dfffff
10963,8810f48e13fffff
10964,8810f5c151fffff
10965,8810f58c85fffff
10966,8810f63425fffff
10967,8810f4526dfffff
10968,8810f54c11fffff
10969,8810f0ca61fffff
10970,8810f558b5fffff
10971,8810f6b227fffff
10972,8810a92debfffff
10973,8810f4d99bfffff
10974,8810a9764bfffff
10975,8810f4813dfffff
10976,8810f46b37fffff
10977,8810f626a7fffff
10978,88101b4d57fffff
10979,8810f68f11fffff
10980,8810f011b7fffff
10981,8810f44705fffff
10982,88101b0993fffff
10983,8810f42709fffff
10984,8810f62043fffff
10985,8810f589c7fffff
10986,88101b4cadfffff
10987,8810f584a1fffff
10988,8810f6a86dfffff
10989,88101b2d2bfffff
10990,8810f46327fffff
10991,8810f630d7fffff
10992,8810f63903fffff
10993,88101b7023fffff
10994,8810f440a9fffff
10995,8810f62e59fffff
10996,8810f46d4dfffff
10997,8810f58407fffff
10998,8810f401e1fffff
10999,8810f47a8dfffff
11000,8810f58505fffff
11001,8810f08429fffff
11002,8810f0caa1fffff
11003,8810f4465dfffff
11004,8810f4ab35fffff
11005,8810f46851fffff
11006,8810f690d3fffff
11007,8810f4c529fffff
11008,8810f60d95fffff
11009,8810f084d5fffff
11010,8810f6a5bdfffff
11011,8810f660bbfffff
11012,8810f51869fffff
11013,8810f66c9dfffff
11014,88101b450bfffff
11015,8810f695a9fffff
11016,8810f6d30dfffff
11017,8810a92e17fffff
11018,8810f0c1ebfffff
11019,88101b48e9fffff
11020,8810a968abfffff
11021,8810f42d9dfffff
11022,8810f69617fffff
11023,8810f6b985fffff
11024,8810f57a6dfffff
11025,8810f4c917fffff
11026,8810f08e8dfffff
11027,8810f54419fffff
11028,8810f42141fffff
11029,8810f40ea9fffff
11030,88101a6d95fffff
11031,8810a962ddfffff
11032,8810f63643fffff
11033,88101a6cb7fffff
11034,8810f5c2abfffff
11035,8810f29063fffff
11036,8810f49803fffff
11037,8810f455a3fffff
11038,8810f5171dfffff
11039,8810f50ab5fffff
11040,8810f4b337fffff
11041,88101b0985fffff
11042,8810f40619fffff
11043,8810f4673dfffff
11044,8810f686b1fffff
11045,8810f434e5fffff
11046,8810f4c92bfffff
11047,8810f4b0ebfffff
11048,8810f05a9bfffff
11049,8810f5bae3fffff
11050,8810f66553fffff
11051,8810f68917fffff
11052,8810f444cdfffff
11053,8810f438cbfffff
11054,8810f6ae95fffff
11055,8810f68995fffff
11056,8810f5b92bfffff
11057,8810f6b303fffff
11058,8810f51ab7fffff
11059,8810f4981dfffff
11060,8810f6d73bfffff
11061,8810f419dbfffff
11062,8810a92053fffff
11063,88101b00d3fffff
11064,8810f45643fffff
11065,8810a924e7fffff
11066,8810f616c7fffff
11067,8810f095c7fffff
11068,8810a96c51fffff
11069,8810aba5dbfffff
11070,8810f41025fffff
11071,8810f5ba55fffff
11072,8810f08555fffff
11073,8810f585dbfffff
11074,8810f42125fffff
11075,8810f58215fffff
11076,8810f68aa3fffff
11077,8810f69541fffff
11078,8810f668d9fffff
11079,8810f0c1e9fffff
11080,88101b6553fffff
11081,8810f5ce0bfffff
11082,8810f42091fffff
11083,8810aba451fffff
11084,8810f48435fffff
11085,88101b6599fffff
11086,8810f5da1dfffff
11087,8810f28137fffff
11088,8810f47331fffff
11089,8810f4d937fffff
11090,8810f696b3fffff
11091,8810f54917fffff
11092,8810f62c25fffff
11093,8810f48b49fffff
11094,8810f4c761fffff
11095,8810f6c46bfffff
11096,8810f5100bfffff
11097,8810f46089fffff
11098,8810f6818dfffff
11099,8810f46ab1fffff
11100,8810f48537fffff
11101,8810f509b1fffff
11102,8810f09135fffff
11103,8810f61127fffff
11104,8810f40207fffff
11105,8810f6b2abfffff
11106,8810f4aee9fffff
11107,8810f68d61fffff
11108,8810a92189fffff
11109,8810f0c721fffff
11110,8810f60cc1fffff
11111,8810f58cc3fffff
11112,8810f5556bfffff
11113,8810f6c265fffff
11114,8810f01807fffff
11115,8810f63663fffff
11116,8810f455d1fffff
11117,8810f58dcdfffff
11118,8810f59a27fffff
11119,8810f6b5ddfffff
11120,8810f68993fffff
11121,8810a9243dfffff
11122,8810a92689fffff
11123,8810f48b55fffff
11124,8810f6352bfffff
11125,8810f5c631fffff
11126,8810f04225fffff
11127,8810f6d745fffff
11128,8810f61409fffff
11129,8810a939a3fffff
11130,8810f6a1ddfffff
11131,8810f608c1fffff
11132,8810f67699fffff
11133,8810f40563fffff
11134,88101b6f65fffff
11135,8810a96c17fffff
11136,8810f40db1fffff
11137,8810f0076dfffff
11138,8810f08541fffff
11139,8810f4716dfffff
11140,8810f42aa1fffff
11141,8810f50355fffff
11142,8810f09439fffff
11143,8810f5cedbfffff
11144,8810f0d6edfffff
11145,8810f40991fffff
11146,8810f0c667fffff
11147,8810f459bbfffff
11148,88101b7583fffff
11149,8810f44c03fffff
11150,8810f4b10dfffff
11151,8810f0b027fffff
11152,8810f618bdfffff
11153,8810f63ac3fffff
11154,8810f09551fffff
11155,8810f6049bfffff
11156,8810f6b11bfffff
11157,8810f58713fffff
11158,8810f51acbfffff
11159,8810f0b945fffff
11160,8810f68db7fffff
11161,8810f6206dfffff
11162,8810f45b05fffff
11163,8810f4cb39fffff
11164,8810f5854bfffff
11165,8810f6c74dfffff
11166,88101a6ca7fffff
11167,8810f4ba47fffff
11168,8810f29a35fffff
11169,8810f5c851fffff
11170,8810f05143fffff
11171,88101b6891fffff
11172,8810f55b37fffff
11173,8810f55a87fffff
11174,8810f635a1fffff
11175,8810f2870bfffff
11176,8810f6915dfffff
11177,8810f0c0e5fffff
11178,8810f4c5e5fffff
11179,8810f5d623fffff
11180,8810f4b8c9fffff
11181,8810f44f67fffff
11182,88101b78c7fffff
11183,8810f5c223fffff
11184,8810f6c333fffff
11185,8810f465abfffff
11186,8810f094d5fffff
11187,8810f4ad95fffff
11188,8810f4c6ebfffff
11189,8810f43865fffff
11190,8810f48917fffff
11191,8810f46651fffff
11192,8810f464e5fffff
11193,8810f5d809fffff
11194,8810f6a225fffff
11195,8810f5d965fffff
11196,8810f5bb5bfffff
11197,88101b4ea9fffff
11198,88101b6a91fffff
11199,8810f6c767fffff
11200,8810f08f23fffff
11201,8810f08739fffff
11202,8810f62e51fffff
11203,8810a92e5dfffff
11204,8810f5d98bfffff
11205,8810f5436bfffff
11206,8810f47a99fffff
11207,8810aba40bfffff
11208,8810f450d1fffff
11209,8810f5d885fffff
11210,8810f46f21fffff
11211,8810f5443dfffff
11212,8810f01363fffff
11213,8810f45709fffff
11214,8810f014d9fffff
11215,8810f6312dfffff
11216,8810a935b5fffff
11217,8810f50ad7fffff
11218,8810f51a95fffff
11219,8810f4d435fffff
11220,8810f294ddfffff
11221,8810f61a99fffff
11222,8810f6223bfffff
11223,88101b19e3fffff
11224,8810a96653fffff
11225,8810f2b31bfffff
11226,8810f54e63fffff
11227,8810f5151dfffff
11228,8810f40e45fffff
11229,8810f44e91fffff
11230,8810f08aedfffff
11231,8810f48583fffff
11232,8810f0bb6dfffff
11233,8810a92825fffff
11234,8810f4d519fffff
11235,8810f4b03bfffff
11236,8810f472b9fffff
11237,8810f625ddfffff
11238,8810f0d237fffff
11239,8810f58881fffff
11240,8810f6b509fffff
11241,8810f01715fffff
11242,8810a96735fffff
11243,8810f5c08dfffff
11244,8810f5bae1fffff
11245,8810f61525fffff
11246,8810f60a91fffff
11247,8810f434e3fffff
11248,8810f6ba9dfffff
11249,8810f0cd2bfffff
11250,8810f44de1fffff
11251,8810f69b4bfffff
11252,8810f5ce11fffff
11253,8810a922a1fffff
11254,8810f40931fffff
11255,8810f63959fffff
11256,8810a92715fffff
11257,8810f4a401fffff
11258,88101b4445fffff
11259,8810f09711fffff
11260,8810f6b215fffff
11261,8810f5cc63fffff
11262,8810f5c35dfffff
11263,8810f6d8b3fffff
11264,8810f6399dfffff
11265,8810f00367fffff
11266,8810f5d009fffff
11267,8810f430dbfffff
11268,8810f40d59fffff
11269,8810f5018bfffff
11270,8810f58b1bfffff
11271,8810f4b1e5fffff
11272,88101a6881fffff
11273,8810f6d4d9fffff
11274,8810f412cdfffff
11275,8810f086d5fffff
11276,8810f5baddfffff
11277,8810f0cb4bfffff
11278,8810f5c405fffff
11279,8810f4b159fffff
11280,8810f01805fffff
11281,8810f0851bfffff
11282,8810a97565fffff
11283,8810a925dbfffff
11284,8810f04921fffff
11285,8810f42d21fffff
11286,8810f4b4bdfffff
11287,8810f0c315fffff
11288,8810f60a85fffff
11289,8810f5c65dfffff
11290,8810f61921fffff
11291,8810f2865dfffff
11292,8810f6d1a1fffff
11293,8810f4262dfffff
11294,8810f5db45fffff
11295,88101b7565fffff
11296,8810f44eddfffff
11297,8810f6d42bfffff
11298,8810f4a533fffff
11299,8810f639c1fffff
11300,8810a96669fffff
11301,8810a975e5fffff
11302,8810f6bae5fffff
11303,8810f68341fffff
11304,8810f090d1fffff
11305,8810f5ccdbfffff
11306,8810f04243fffff
11307,8810f41441fffff
11308,8810f46d1dfffff
11309,8810f415e1fffff
11310,8810f616b9fffff
11311,8810f09a53fffff
11312,8810f59b23fffff
11313,8810f4a46dfffff
11314,8810f426d3fffff
11315,8810f0144bfffff
11316,8810f01469fffff
11317,8810f0d925fffff
11318,8810f6b057fffff
11319,88101b6447fffff
11320,8810f40895fffff
11321,8810f4dae7fffff
11322,8810a939a5fffff
11323,8810f08759fffff
11324,8810f455e9fffff
11325,88101b0c53fffff
11326,88101b6ebbfffff
11327,88101b56d7fffff
11328,8810f5122bfffff
11329,8810f69515fffff
11330,8810f66c31fffff
11331,8810f47b53fffff
11332,8810f518edfffff
11333,88101b6c91fffff
11334,8810f4410dfffff
11335,8810f4a5bdfffff
11336,8810f0c343fffff
11337,8810f0d5c7fffff
11338,8810f6d335fffff
11339,8810a96d87fffff
11340,8810f45041fffff
11341,8810f01693fffff
11342,8810f5cea7fffff
11343,8810f0ab2dfffff
11344,8810f29317fffff
11345,8810f4789dfffff
11346,8810f4254bfffff
11347,8810f4365dfffff
11348,8810f6bad9fffff
11349,8810f5d66dfffff
11350,8810f45551fffff
11351,8810f44b01fffff
11352,8810f4332dfffff
11353,8810f6c425fffff
11354,8810f0db65fffff
11355,8810f404dbfffff
11356,8810f0b9b5fffff
11357,8810f47961fffff
11358,8810f6b62dfffff
11359,8810f6a2e5fffff
11360,8810f2928dfffff
11361,8810f46991fffff
11362,8810f60805fffff
11363,8810f5d1b7fffff
11364,8810f472e7fffff
11365,8810f6b12bfffff
11366,8810f461ddfffff
11367,8810f0dabdfffff
11368,8810f43267fffff
11369,8810f08d37fffff
11370,8810f4000dfffff
11371,8810f59833fffff
11372,8810f4c2ebfffff
11373,8810f69ae7fffff
11374,8810f5d709fffff
11375,8810f5d29dfffff
11376,8810f6c30dfffff
11377,8810f4cc2dfffff
11378,8810f290b3fffff
11379,8810f57267fffff
11380,8810f4aa55fffff
11381,8810f0d9ddfffff
11382,8810f55a07fffff
11383,8810f43b1dfffff
11384,8810f51a57fffff
11385,8810f69261fffff
11386,8810f598d5fffff
11387,8810f69569fffff
11388,8810f54c5dfffff
11389,8810f55063fffff
11390,8810f0c4b1fffff
11391,8810f5d1c5fffff
11392,88101b6d6bfffff
11393,8810f05107fffff
11394,8810f54823fffff
11395,8810f6018dfffff
11396,8810f08b6dfffff
11397,88101b6f33fffff
11398,8810f429cbfffff
11399,8810f5c2d9fffff
11400,8810f4c6c1fffff
11401,8810f51931fffff
11402,88101b4e63fffff
11403,8810f4d111fffff
11404,8810f059d7fffff
11405,88101b00ebfffff
11406,8810f47887fffff
11407,8810f090d7fffff
11408,8810f44969fffff
11409,8810f42349fffff
11410,8810f5c041fffff
11411,8810f68593fffff
11412,8810a968d1fffff
11413,8810f0da5dfffff
11414,8810f61711fffff
11415,8810f44519fffff
11416,8810f436bdfffff
11417,8810f5d635fffff
11418,8810f55737fffff
11419,8810f545c1fffff
11420,8810a9663dfffff
11421,8810f60347fffff
11422,88101b4db5fffff
11423,8810f58049fffff
11424,8810a92131fffff
11425,8810f59567fffff
11426,8810f69a01fffff
11427,8810f58d45fffff
11428,8810f400d9fffff
11429,8810f298c3fffff
11430,8810f618a9fffff
11431,88101b19b9fffff
11432,8810f6b931fffff
11433,8810f28063fffff
11434,88101b6081fffff
11435,8810f5ba3dfffff
11436,8810f406b1fffff
11437,8810f43857fffff
11438,8810f6cf19fffff
11439,8810f68a13fffff
11440,8810f61b4dfffff
11441,8810f4332bfffff
11442,8810f6ac61fffff
11443,88101b60a3fffff
11444,8810f54929fffff
11445,8810f0d94dfffff
11446,8810f0d689fffff
11447,8810f4659dfffff
11448,8810a9282bfffff
11449,8810f0114bfffff
11450,8810f58a81fffff
11451,8810f488d1fffff
11452,8810f6813dfffff
11453,8810f626bbfffff
11454,8810f54211fffff
11455,8810f58095fffff
11456,8810f29347fffff
11457,8810a974c7fffff
11458,8810f50989fffff
11459,8810f63831fffff
11460,8810f5903bfffff
11461,8810f51701fffff
11462,8810f6b1b5fffff
11463,8810f43947fffff
11464,8810f69031fffff
11465,8810f4b323fffff
11466,88101b4d93fffff
11467,8810f0d4a5fffff
11468,8810f5d255fffff
11469,8810f4c0c7fffff
11470,8810a97555fffff
11471,8810f5d719fffff
11472,88101b79dbfffff
11473,8810f48d17fffff
11474,8810f0989bfffff
11475,8810f41447fffff
11476,8810f6b681fffff
11477,8810f5813dfffff
11478,8810f43ae1fffff
11479,8810f6aad9fffff
11480,8810f69465fffff
11481,8810f6c627fffff
11482,8810f43837fffff
11483,8810f58b53fffff
11484,8810f4b359fffff
11485,8810f4289bfffff
11486,8810f69927fffff
11487,8810f458b7fffff
11488,8810f09939fffff
11489,8810f09367fffff
11490,8810f0188dfffff
11491,8810f400c7fffff
11492,8810f509cdfffff
11493,8810f09689fffff
11494,8810f4851dfffff
11495,8810f05851fffff
11496,8810f6740dfffff
11497,8810f5d059fffff
11498,8810f41a55fffff
11499,88101b39edfffff
11500,8810f4325dfffff
11501,8810f4ab11fffff
11502,8810f6c6e5fffff
11503,8810f48d63fffff
11504,8810f4520dfffff
11505,8810f6b885fffff
11506,8810a9755bfffff
11507,88101b4c6bfffff
11508,8810f50925fffff
11509,8810f47503fffff
11510,8810f62a07fffff
11511,8810f4d22dfffff
11512,8810f416a1fffff
11513,8810f4b80dfffff
11514,8810f5d9d3fffff
11515,8810f5ba41fffff
11516,8810f6a1c1fffff
11517,8810f4a0a3fffff
11518,8810f4d2b3fffff
11519,8810f290abfffff
11520,8810f0d5b1fffff
11521,8810f4b287fffff
11522,8810f41253fffff
11523,8810f6d151fffff
11524,8810a92ad1fffff
11525,8810f4885dfffff
11526,8810f0d627fffff
11527,8810f08b39fffff
11528,8810f6cab9fffff
11529,8810f4c245fffff
11530,8810f44e8dfffff
11531,8810f51633fffff
11532,8810f0c02bfffff
11533,8810f5120dfffff
11534,8810f55481fffff
11535,8810f6d819fffff
11536,8810f5d13bfffff
11537,8810f4d8b7fffff
11538,8810f4b26bfffff
11539,8810f43b3bfffff
11540,88101b636dfffff
11541,8810f04b55fffff
11542,8810f40dbdfffff
11543,8810f45693fffff
11544,8810f69455fffff
11545,88101b75dbfffff
11546,8810f5121dfffff
11547,8810f4018dfffff
11548,8810f4d667fffff
11549,8810f092c5fffff
11550,8810f581c1fffff
11551,8810f0d90bfffff
11552,8810f43287fffff
11553,8810f04b07fffff
11554,8810f4b983fffff
11555,8810f68d55fffff
11556,8810f48681fffff
11557,8810f4ab07fffff
11558,8810f0d6e3fffff
11559,88101b4819fffff
11560,8810f58533fffff
11561,8810f42433fffff
11562,8810f63469fffff
11563,8810f58b55fffff
11564,8810f08c55fffff
11565,8810f5c551fffff
11566,8810f28617fffff
11567,8810f69abdfffff
11568,8810f60e65fffff
11569,8810f01307fffff
11570,8810f4d9d9fffff
11571,88101b615bfffff
11572,8810f5483dfffff
11573,8810f5809bfffff
11574,8810f08a8bfffff
11575,8810f010ddfffff
11576,8810f4793dfffff
11577,8810f621adfffff
11578,8810f4b06bfffff
11579,8810f6ac99fffff
11580,8810f2825bfffff
11581,88101b7089fffff
11582,8810f4330dfffff
11583,8810f6a1e1fffff
11584,8810f6b523fffff
11585,8810f50ae9fffff
11586,8810f01825fffff
11587,8810f051bdfffff
11588,8810f0d197fffff
11589,8810f08413fffff
11590,8810f0c18dfffff
11591,8810f4a095fffff
11592,8810f6ace3fffff
11593,8810f4ac03fffff
11594,8810f011dbfffff
11595,8810f0d4d7fffff
11596,8810f01ac1fffff
11597,8810f5c123fffff
11598,8810f28441fffff
11599,8810f09517fffff
11600,8810f62585fffff
11601,8810f400cdfffff
11602,8810f46c45fffff
11603,8810f5c037fffff
11604,8810f6c2a1fffff
11605,8810f42e67fffff
11606,8810f5d283fffff
11607,8810f62a9bfffff
11608,8810f4ad93fffff
11609,8810f63b1bfffff
11610,88101b4887fffff
11611,8810f405a7fffff
11612,8810f55903fffff
11613,8810f08443fffff
11614,8810f4ac4dfffff
11615,8810f014cbfffff
11616,8810f09419fffff
11617,8810f4d281fffff
11618,8810f4b05dfffff
11619,8810f61305fffff
11620,8810f622e9fffff
11621,8810f4095bfffff
11622,8810f5d9a1fffff
11623,88101b09b5fffff
11624,8810f59311fffff
11625,8810f5c039fffff
11626,8810f41627fffff
11627,8810f6d02dfffff
11628,8810f5c089fffff
11629,88101b4e05fffff
11630,8810f4a0a1fffff
11631,8810a93b29fffff
11632,8810f518e3fffff
11633,8810f40345fffff
11634,8810f011a5fffff
11635,88101b0b17fffff
11636,8810f0c903fffff
11637,8810f6ae03fffff
11638,8810f04ad7fffff
11639,8810a934dbfffff
11640,8810f66129fffff
11641,8810f450d9fffff
11642,8810f45b4bfffff
11643,8810f69a83fffff
11644,88101b7309fffff
11645,8810f0da59fffff
11646,8810f40185fffff
11647,8810f59759fffff
11648,8810f6c6c3fffff
11649,8810f04b4bfffff
11650,8810f5c0dbfffff
11651,8810f42adbfffff
11652,8810f54961fffff
11653,8810f5d2b9fffff
11654,8810f6c103fffff
11655,8810f5469bfffff
11656,8810f4ab0bfffff
11657,8810f55547fffff
11658,8810f5ce41fffff
11659,8810f40a05fffff
11660,8810f441d1fffff
11661,88101b6c8bfffff
11662,8810f5da03fffff
11663,8810f542c1fffff
11664,8810f4af39fffff
11665,8810f425e1fffff
11666,8810f49931fffff
11667,8810f598c3fffff
11668,8810f08855fffff
11669,8810f4b645fffff
11670,8810f0b1c5fffff
11671,8810f67659fffff
11672,8810f42f3dfffff
11673,8810f634e7fffff
11674,8810f46547fffff
11675,8810a92043fffff
11676,8810f08d61fffff
11677,8810f44889fffff
11678,8810f4c487fffff
11679,8810f0129bfffff
11680,8810f0822dfffff
11681,8810f284a9fffff
11682,8810f2828dfffff
11683,8810f0bb19fffff
11684,8810f66ccdfffff
11685,8810f4a833fffff
11686,8810f58a55fffff
11687,8810f6a6b5fffff
11688,8810f41947fffff
11689,8810f518e1fffff
11690,8810f4a869fffff
11691,88101b6cabfffff
11692,8810f42c27fffff
11693,8810f0144dfffff
11694,8810f62497fffff
11695,88101b2c3dfffff
11696,8810f6ad47fffff
11697,8810f42225fffff
11698,8810f0cee5fffff
11699,8810f08989fffff
11700,8810f58057fffff
11701,8810f0589bfffff
11702,8810f4b36dfffff
11703,8810f5d587fffff
11704,8810f40a2bfffff
11705,8810f451ddfffff
11706,8810f2b24dfffff
11707,8810f0ba65fffff
11708,8810f68223fffff
11709,88101b6041fffff
11710,8810f59159fffff
11711,8810f43755fffff
11712,8810f661d3fffff
11713,8810f466cdfffff
11714,8810f2b169fffff
11715,8810a96cc3fffff
11716,8810f5cdd7fffff
11717,8810a920d1fffff
11718,8810f46741fffff
11719,88101b70c1fffff
11720,8810f05909fffff
11721,8810f011c9fffff
11722,8810f446a3fffff
11723,8810f0140dfffff
11724,8810f55435fffff
11725,8810f42467fffff
11726,8810f60161fffff
11727,8810f48e05fffff
11728,8810f6c26dfffff
11729,8810f6312bfffff
11730,88101b0a4bfffff
11731,8810f095c3fffff
11732,8810f4b8a7fffff
11733,8810f5c301fffff
11734,8810f58b47fffff
11735,8810f54ecbfffff
11736,88101b6d57fffff
11737,8810f0cd07fffff
11738,8810f5c9e7fffff
11739,88101b0f5bfffff
11740,8810f09ac5fffff
11741,8810f620e1fffff
11742,8810f4b73dfffff
11743,8810f41133fffff
11744,8810f41427fffff
11745,8810f4c2b1fffff
11746,8810f281e7fffff
11747,8810f62f3bfffff
11748,8810f476a9fffff
11749,8810f40b47fffff
11750,8810f0914dfffff
11751,8810f46a31fffff
11752,8810a9755dfffff
11753,8810f58ec3fffff
11754,8810f58eb5fffff
11755,8810f4343bfffff
11756,8810f08cddfffff
11757,8810a96ca9fffff
11758,8810f0c953fffff
11759,8810a96ee5fffff
11760,8810f6999bfffff
11761,8810f441adfffff
11762,8810f46307fffff
11763,8810f62adbfffff
11764,8810f6a4a7fffff
11765,8810f4aeb3fffff
11766,8810f4534dfffff
11767,8810f4c8d9fffff
11768,8810f685d5fffff
11769,8810f45981fffff
11770,8810a97617fffff
11771,8810f47807fffff
11772,8810f69757fffff
11773,8810f50191fffff
11774,8810f081c9fffff
11775,8810f69753fffff
11776,8810f6263dfffff
11777,8810f6ac07fffff
11778,8810f59ae7fffff
11779,8810f6649dfffff
11780,8810f294c7fffff
11781,8810f0d53bfffff
11782,8810f0b1d9fffff
11783,8810f44a25fffff
11784,8810f585c5fffff
11785,88101b78ebfffff
11786,8810f5c40bfffff
11787,8810f44ddbfffff
11788,8810f69333fffff
11789,8810f5c51dfffff
11790,8810f6c611fffff
11791,8810f09229fffff
11792,8810f46025fffff
11793,8810f0811bfffff
11794,8810f63ae9fffff
11795,8810f59a99fffff
11796,8810f468a7fffff
11797,8810f6901dfffff
11798,8810f44613fffff
11799,8810f082ddfffff
11800,8810f48e45fffff
11801,8810f6975dfffff
11802,8810f0c033fffff
11803,8810f08ad5fffff
11804,88101b6a1dfffff
11805,8810a92623fffff
11806,8810f54d4dfffff
11807,8810f55a03fffff
11808,8810f01055fffff
11809,8810f6885dfffff
11810,8810f5cebdfffff
11811,8810f61205fffff
11812,8810f4da17fffff
11813,88101b6303fffff
11814,8810f0518dfffff
11815,8810f4a893fffff
11816,8810f41701fffff
11817,8810f51a67fffff
11818,8810f6200bfffff
11819,8810f4201bfffff
11820,8810f58553fffff
11821,8810f430c5fffff
11822,8810f0ba15fffff
11823,8810f5859dfffff
11824,8810a92e21fffff
11825,8810f4a407fffff
11826,88101a65edfffff
11827,8810f4654bfffff
11828,8810f4d55bfffff
11829,8810f436ebfffff
11830,8810f2874bfffff
11831,8810f476adfffff
11832,8810f6d853fffff
11833,8810f4a999fffff
11834,8810f089ddfffff
11835,8810f454c3fffff
11836,8810f4091dfffff
11837,8810f592b1fffff
11838,8810a96715fffff
11839,8810a93a23fffff
11840,8810f5cc87fffff
11841,8810a97467fffff
11842,8810f45749fffff
11843,8810f43843fffff
11844,8810f5724dfffff
11845,8810f58b17fffff
11846,8810f0c8adfffff
11847,8810f5d86dfffff
11848,8810f691e9fffff
11849,8810f05b6dfffff
11850,8810f0531bfffff
11851,8810f0b9c9fffff
11852,8810f68a95fffff
11853,88101b4681fffff
11854,8810f6863bfffff
11855,8810f55129fffff
11856,8810f408d7fffff
11857,8810f68963fffff
11858,8810f45069fffff
11859,8810f29743fffff
11860,8810f051b5fffff
11861,88101b6035fffff
11862,8810f6c32bfffff
11863,8810f47141fffff
11864,8810f4c9a3fffff
11865,8810f5d511fffff
11866,8810f44ea1fffff
11867,8810f46093fffff
11868,8810f45ac7fffff
11869,8810f44ac7fffff
11870,8810f05319fffff
11871,8810f46933fffff
11872,8810f29a9bfffff
11873,8810f584e1fffff
11874,8810f4b307fffff
11875,88101b6e81fffff
11876,8810f66039fffff
11877,8810f6841dfffff
11878,8810f4a2abfffff
11879,8810f51103fffff
11880,8810f409c9fffff
11881,8810f628cbfffff
11882,8810f0c92dfffff
11883,88101a658dfffff
11884,8810f58b0bfffff
11885,8810f4a051fffff
11886,8810f29693fffff
11887,8810f4cb53fffff
11888,8810f4c6c5fffff
11889,8810a93b21fffff
11890,88101b2db3fffff
11891,8810f6960bfffff
11892,8810f54e09fffff
11893,88101b7253fffff
11894,8810f4474bfffff
11895,8810a968d3fffff
11896,8810f4c301fffff
11897,8810f4ab1bfffff
11898,8810f58e9dfffff
11899,8810f4b961fffff
11900,8810f55821fffff
11901,88101b6a5bfffff
11902,8810f585a9fffff
11903,88101b6215fffff
11904,8810f62669fffff
11905,8810f6ace9fffff
11906,8810f48b31fffff
11907,8810f09b17fffff
11908,8810f625d9fffff
11909,8810f686a1fffff
11910,8810f58065fffff
11911,8810f6934bfffff
11912,88101b41b9fffff
11913,8810f47931fffff
11914,8810f6b1a1fffff
11915,8810f6392dfffff
11916,8810f5d0d9fffff
11917,8810f0c067fffff
11918,8810f61199fffff
11919,8810f49b15fffff
11920,8810a92ed9fffff
11921,8810f430e1fffff
11922,8810f0bb3dfffff
11923,8810f4d649fffff
11924,8810f4b68bfffff
11925,8810f082b3fffff
11926,8810f0d4edfffff
11927,8810f68815fffff
11928,88101b0e13fffff
11929,8810f46eddfffff
11930,8810f015abfffff
11931,8810f44207fffff
11932,8810f51819fffff
11933,8810f66f47fffff
11934,8810f0966bfffff
11935,8810f281ddfffff
11936,8810f4b355fffff
11937,8810f0dad9fffff
11938,8810f08093fffff
11939,8810f0c51dfffff
11940,8810f421cdfffff
11941,8810f68d9bfffff
11942,8810f41aa1fffff
11943,88101b4137fffff
11944,8810f61b39fffff
11945,8810f0100dfffff
11946,8810f08e2dfffff
11947,88101b4cabfffff
11948,8810a9286dfffff
11949,8810f450e3fffff
11950,8810f0d819fffff
11951,8810f6c317fffff
11952,8810f5932dfffff
11953,8810f420adfffff
11954,8810f585edfffff
11955,8810f58403fffff
11956,8810f0ab09fffff
11957,8810f01223fffff
11958,8810a96203fffff
11959,8810f6245dfffff
11960,8810f4ae43fffff
11961,8810f46cbbfffff
11962,8810f4760dfffff
11963,88101b46e3fffff
11964,8810f0c225fffff
11965,8810f68b63fffff
11966,8810f69a9dfffff
11967,8810f66517fffff
11968,8810f5914bfffff
11969,8810f638c3fffff
11970,8810f092d5fffff
11971,8810a965a7fffff
11972,8810f0d5ebfffff
11973,8810f291a9fffff
11974,8810f6cc9dfffff
11975,8810f0b91bfffff
11976,8810f08323fffff
11977,8810f471d1fffff
11978,8810f5884dfffff
11979,8810a92f41fffff
11980,8810f2985dfffff
11981,8810f63a21fffff
11982,8810f66f53fffff
11983,8810f4108bfffff
11984,88101b4459fffff
11985,88101b7117fffff
11986,88101a6de7fffff
11987,8810f0196dfffff
11988,8810f051b3fffff
11989,8810f68093fffff
11990,8810f080a5fffff
11991,8810f611adfffff
11992,8810f0c1e5fffff
11993,8810f45717fffff
11994,8810f6a25dfffff
11995,8810f5452bfffff
11996,8810f08801fffff
11997,8810f51851fffff
11998,8810f45539fffff
11999,88101b4cd1fffff
12000,8810f4c0a3fffff
12001,8810f45641fffff
12002,8810f4348bfffff
12003,88101b0a85fffff
12004,88101b74b1fffff
12005,8810a9641bfffff
12006,8810f4c589fffff
12007,8810f6aa41fffff
12008,8810f50a23fffff
12009,8810f284bbfffff
12010,8810f0536dfffff
12011,8810f6a0ddfffff
12012,8810f61a57fffff
12013,8810f29655fffff
12014,8810f474e9fffff
12015,8810f6a45dfffff
12016,8810f5c625fffff
12017,88101b6061fffff
12018,8810f281ebfffff
12019,8810a96d17fffff
12020,8810f458a5fffff
12021,8810f54a8dfffff
12022,8810f559b3fffff
12023,8810f0c917fffff
12024,8810f63b07fffff
12025,8810f6c56dfffff
12026,8810f43967fffff
12027,8810f62e8bfffff
12028,8810f5022dfffff
12029,8810f4620bfffff
12030,8810f4a409fffff
12031,8810f405e9fffff
12032,8810f51251fffff
12033,8810f0b2d5fffff
12034,8810a92cb1fffff
12035,8810f622a9fffff
12036,8810f0593dfffff
12037,8810f08c43fffff
12038,8810f4ce41fffff
12039,8810f6c8ddfffff
12040,8810f4c697fffff
12041,8810f45a31fffff
12042,8810f695d1fffff
12043,8810f42e41fffff
12044,8810f499e7fffff
12045,8810f292b3fffff
12046,8810f44c2bfffff
12047,8810f588b3fffff
12048,8810f6ac57fffff
12049,8810f0d725fffff
12050,8810f29509fffff
12051,8810f04343fffff
12052,88101b0f3bfffff
12053,8810f48a69fffff
12054,8810f55503fffff
12055,8810f4c5c9fffff
12056,8810f6ba5dfffff
12057,88101b48a5fffff
12058,8810a920e9fffff
12059,8810f6d1e5fffff
12060,8810f66f03fffff
12061,8810f29507fffff
12062,8810f099c9fffff
12063,8810f62a19fffff
12064,8810f59ab1fffff
12065,8810f42541fffff
12066,8810f46b3dfffff
12067,8810aba44bfffff
12068,8810f69443fffff
12069,8810f45629fffff
12070,88101b6261fffff
12071,8810f08803fffff
12072,8810f58e17fffff
12073,8810f54ee3fffff
12074,8810f29843fffff
12075,8810f43a67fffff
12076,8810f4ca1dfffff
12077,8810f44dd3fffff
12078,8810f0cd1dfffff
12079,8810f4b153fffff
12080,8810f48a31fffff
12081,8810a96195fffff
12082,8810f0c253fffff
12083,8810f5c145fffff
12084,8810f5010dfffff
12085,8810f47335fffff
12086,8810f6b925fffff
12087,8810a938a3fffff
12088,8810a96c53fffff
12089,8810f599cbfffff
12090,8810f62f07fffff
12091,88101b0e23fffff
12092,8810f499e3fffff
12093,8810f460e1fffff
12094,8810a92137fffff
12095,8810f5513bfffff
12096,8810f5d51dfffff
12097,8810f0c839fffff
12098,8810f6a71dfffff
12099,8810f46141fffff
12100,8810f699edfffff
12101,8810f45803fffff
12102,8810f4a807fffff
12103,8810f40325fffff
12104,8810f01341fffff
12105,88101b45bdfffff
12106,8810f61283fffff
12107,8810f541ddfffff
12108,88101b0c03fffff
12109,8810f6c2a5fffff
12110,8810f4ad6dfffff
12111,8810f0d8d7fffff
12112,8810f45987fffff
12113,8810f501c9fffff
12114,88101b6a07fffff
12115,8810f40ee9fffff
12116,8810f09491fffff
12117,88101b4dddfffff
12118,8810f58849fffff
12119,8810f68a9dfffff
12120,8810f4d051fffff
12121,8810f6aa1bfffff
12122,8810f6b74bfffff
12123,8810f6aa55fffff
12124,8810f49b63fffff
12125,88101b78c1fffff
12126,88101b5583fffff
12127,8810f44f0bfffff
12128,8810f5dac1fffff
12129,8810f4c441fffff
12130,8810a9299dfffff
12131,8810f29219fffff
12132,8810f4da1bfffff
12133,8810a929b1fffff
12134,8810f08903fffff
12135,8810f472ebfffff
12136,8810f47a07fffff
12137,88101b6837fffff
12138,8810f5c225fffff
12139,8810f0148dfffff
12140,8810f60185fffff
12141,88101b651dfffff
12142,8810f6c651fffff
12143,88101b601dfffff
12144,8810f59313fffff
12145,8810f46d61fffff
12146,8810f401bdfffff
12147,8810f57345fffff
12148,8810f59827fffff
12149,8810f5c665fffff
12150,8810f0028bfffff
12151,88101b0a01fffff
12152,8810f5c1e1fffff
12153,8810f4cd41fffff
12154,8810f0d6bbfffff
12155,8810f46a15fffff
12156,8810aba481fffff
12157,8810f47949fffff
12158,8810f6c881fffff
12159,8810a96a87fffff
12160,8810a93593fffff
12161,8810f089a5fffff
12162,8810f428ebfffff
12163,8810f60cd3fffff
12164,8810f47261fffff
12165,88101b6f5bfffff
12166,8810f45ac1fffff
12167,8810f43753fffff
12168,8810f04a35fffff
12169,8810f63a41fffff
12170,88101b6d09fffff
12171,88101a6509fffff
12172,8810f421a3fffff
12173,8810f69715fffff
12174,8810f292a7fffff
12175,8810f05801fffff
12176,8810aba6c1fffff
12177,8810f62d23fffff
12178,8810f46653fffff
12179,8810f04061fffff
12180,88101b56a1fffff
12181,8810f58a89fffff
12182,8810f460c7fffff
12183,8810f406d9fffff
12184,8810f4d6b1fffff
12185,8810f29299fffff
12186,8810f4ac23fffff
12187,8810f4c6adfffff
12188,8810a92413fffff
12189,8810a9388dfffff
12190,8810f4a189fffff
12191,8810f50a6bfffff
12192,8810f0b025fffff
12193,88101b6a4bfffff
12194,8810f0db1bfffff
12195,8810f6c585fffff
12196,8810f092b3fffff
12197,8810f69565fffff
12198,8810f6aec1fffff
12199,8810f01743fffff
12200,88101a65ebfffff
12201,8810f2904dfffff
12202,8810f51091fffff
12203,8810f44551fffff
12204,8810f68949fffff
12205,8810f01a49fffff
12206,8810f50b33fffff
12207,8810f4b025fffff
12208,8810f294adfffff
12209,8810f4ba27fffff
12210,8810f4c701fffff
12211,8810f41965fffff
12212,8810f55161fffff
12213,88101b295dfffff
12214,8810f05a9dfffff
12215,8810f44b6bfffff
12216,88101b774dfffff
12217,8810f4d75dfffff
12218,8810f4673bfffff
12219,8810f4746bfffff
12220,8810f46335fffff
12221,8810f40dd9fffff
12222,8810f4a843fffff
12223,8810f6a21dfffff
12224,8810f6cf67fffff
12225,8810f5184bfffff
12226,88101b7893fffff
12227,8810f46843fffff
12228,8810f28337fffff
12229,8810f55439fffff
12230,8810f44109fffff
12231,8810f46205fffff
12232,8810f44315fffff
12233,8810f46221fffff
12234,8810f50955fffff
12235,8810f480b1fffff
12236,8810f6c8c7fffff
12237,8810f5cde1fffff
12238,8810f0ce15fffff
12239,8810f46987fffff
12240,8810f5ca07fffff
12241,8810f45965fffff
12242,8810f0d71dfffff
12243,8810f47a63fffff
12244,8810f6366dfffff
12245,8810f4c559fffff
12246,8810f63acdfffff
12247,8810f68919fffff
12248,8810f46c2bfffff
12249,88101b60b3fffff
12250,8810f4b2b3fffff
12251,8810f0bb63fffff
12252,8810f44f4bfffff
12253,8810f45183fffff
12254,8810f5c33dfffff
12255,8810f5ce51fffff
12256,8810f6d13dfffff
12257,8810f0d9adfffff
12258,8810f0491bfffff
12259,8810f0c6e3fffff
12260,8810f61755fffff
12261,8810f59945fffff
12262,8810f0c693fffff
12263,8810f63a53fffff
12264,8810f5db13fffff
12265,8810f4c68bfffff
12266,88101b0a27fffff
12267,8810f04265fffff
12268,8810a96f49fffff
12269,8810f4a681fffff
12270,8810f46b31fffff
12271,88101b45bbfffff
12272,8810f6a739fffff
12273,8810f4402bfffff
12274,8810f55595fffff
12275,8810f48ab7fffff
12276,8810f62e2bfffff
12277,8810f2802bfffff
12278,8810f4a309fffff
12279,8810f4a85bfffff
12280,8810f47a93fffff
12281,8810f4b12bfffff
12282,8810f4db17fffff
12283,8810a962b9fffff
12284,8810f4b83bfffff
12285,8810f69501fffff
12286,8810f4c411fffff
12287,8810f4a753fffff
12288,88101b6d8bfffff
12289,8810f48ce7fffff
12290,8810f4c2d7fffff
12291,8810f40e6dfffff
12292,8810f55169fffff
12293,8810f084e7fffff
12294,8810f47137fffff
12295,8810f4a72dfffff
12296,8810f639a9fffff
12297,8810f68a91fffff
12298,8810f68b21fffff
12299,8810f0d4d5fffff
12300,8810f4082dfffff
12301,8810f44d57fffff
12302,8810f40d85fffff
12303,8810f4cd39fffff
12304,88101b4f55fffff
12305,8810f452abfffff
12306,8810f545d1fffff
12307,8810f0b243fffff
12308,8810f421b3fffff
12309,8810f0c26dfffff
12310,8810f424edfffff
12311,8810f0c599fffff
12312,8810f63689fffff
12313,8810f0d309fffff
12314,8810f5daadfffff
12315,8810f2820bfffff
12316,8810a926e7fffff
12317,8810f549a9fffff
12318,8810f42eb1fffff
12319,8810f4000bfffff
12320,8810f6d755fffff
12321,8810f6a439fffff
12322,8810f4ca65fffff
12323,8810f40459fffff
12324,8810f40289fffff
12325,8810f48eadfffff
12326,8810f41637fffff
12327,8810f40469fffff
12328,8810f5d237fffff
12329,8810f446d1fffff
12330,8810f4a617fffff
12331,8810f41a43fffff
12332,88101b746dfffff
12333,8810f01645fffff
12334,8810f58f55fffff
12335,8810f51b37fffff
12336,8810f0ab41fffff
12337,8810f628cdfffff
12338,8810aba637fffff
12339,8810f015b5fffff
12340,8810a93ab1fffff
12341,8810f048a3fffff
12342,8810f42e85fffff
12343,8810f46a63fffff
12344,8810f69b3bfffff
12345,8810f40481fffff
12346,8810f4644dfffff
12347,8810f6d603fffff
12348,8810a92199fffff
12349,8810f58ecdfffff
12350,8810f4256bfffff
12351,8810f5956bfffff
12352,8810f4655dfffff
12353,8810f6bb4dfffff
12354,8810f5b93bfffff
12355,88101b69b5fffff
12356,8810f2802dfffff
12357,8810f6d5abfffff
12358,8810f0cd09fffff
12359,8810a96d63fffff
12360,8810f40f05fffff
12361,8810f58037fffff
12362,8810f0c069fffff
12363,8810f489b3fffff
12364,8810a97529fffff
12365,8810f6c567fffff
12366,8810f639cdfffff
12367,88101b71dbfffff
12368,8810f69631fffff
12369,8810f01061fffff
12370,88101b3b05fffff
12371,8810f0d0bbfffff
12372,8810f6c0a5fffff
12373,8810f6ca93fffff
12374,8810f0d2d1fffff
12375,8810f05a27fffff
12376,8810f44669fffff
12377,8810f6b0b9fffff
12378,8810f6991bfffff
12379,8810f5129dfffff
12380,8810f0508bfffff
12381,8810f09621fffff
12382,88101b6943fffff
12383,8810f47627fffff
12384,8810f6a167fffff
12385,8810f471e3fffff
12386,8810f00255fffff
12387,8810f634c1fffff
12388,88101b7337fffff
12389,88101b6e41fffff
12390,8810f01661fffff
12391,8810f5db25fffff
12392,8810f05997fffff
12393,8810f0530bfffff
12394,8810f0c16dfffff
12395,8810f5920bfffff
12396,8810f6231dfffff
12397,8810f05109fffff
12398,8810f631a7fffff
12399,8810f509a9fffff
12400,8810f59a61fffff
12401,8810f48ca3fffff
12402,8810f08335fffff
12403,88101b7645fffff
12404,8810f684b7fffff
12405,8810f451bdfffff
12406,8810f0844dfffff
12407,8810f43719fffff
12408,8810f46253fffff
12409,8810f5821bfffff
12410,8810f286c3fffff
12411,8810a92eddfffff
12412,8810f010e3fffff
12413,8810f59867fffff
12414,8810f60327fffff
12415,8810f29891fffff
12416,8810f0bae1fffff
12417,8810f62529fffff
12418,8810f0a269fffff
12419,8810f6b64bfffff
12420,8810f0c74bfffff
12421,8810f6d6c5fffff
12422,8810f611ebfffff
12423,8810f0cf67fffff
12424,8810f4c9d5fffff
12425,8810f664a3fffff
12426,8810f5ba2bfffff
12427,8810f50b35fffff
12428,8810a975d9fffff
12429,8810f46609fffff
12430,8810a925ddfffff
12431,8810f4308bfffff
12432,8810f6194dfffff
12433,88101a653dfffff
12434,8810f5566bfffff
12435,8810f6ab21fffff
12436,8810f416c9fffff
12437,8810f4562dfffff
12438,8810f5422bfffff
12439,8810f40ce3fffff
12440,88101b7033fffff
12441,8810f295a7fffff
12442,8810f608cbfffff
12443,8810f516e3fffff
12444,8810f40235fffff
12445,8810f43159fffff
12446,8810f6a0b3fffff
12447,8810f58309fffff
12448,8810a96c25fffff
12449,8810f0c6e1fffff
12450,8810f50113fffff
12451,8810a966a3fffff
12452,8810f4390dfffff
12453,8810f479dbfffff
12454,8810f541c9fffff
12455,8810f69185fffff
12456,8810f46197fffff
12457,8810f40a37fffff
12458,8810f4c349fffff
12459,8810f4052dfffff
12460,8810f47a81fffff
12461,88101a6d99fffff
12462,8810f46823fffff
12463,8810f6846bfffff
12464,8810f47b1dfffff
12465,8810f509a5fffff
12466,8810f58dd5fffff
12467,8810f62545fffff
12468,8810f46c8dfffff
12469,8810f08445fffff
12470,8810f002b7fffff
12471,8810f5d9abfffff
12472,8810f4d85dfffff
12473,8810f46d5bfffff
12474,8810f58f39fffff
12475,8810f68585fffff
12476,8810f5b935fffff
12477,8810f4341bfffff
12478,88101b733bfffff
12479,8810f4243bfffff
12480,8810f665e3fffff
12481,8810f635b5fffff
12482,8810f60023fffff
12483,8810f0102bfffff
12484,88101b6f11fffff
12485,8810f40d53fffff
12486,8810f60ab3fffff
12487,8810f4136bfffff
12488,8810f44951fffff
12489,88101b713dfffff
12490,8810a96819fffff
12491,8810f4b1ebfffff
12492,8810f6a123fffff
12493,88101b2d25fffff
12494,8810f6b519fffff
12495,8810f44f37fffff
12496,8810f05aedfffff
12497,88101b2987fffff
12498,88101a6c27fffff
12499,8810f0c9c9fffff
12500,8810f284d3fffff
12501,8810f6af13fffff
12502,88101b39b7fffff
12503,8810f0bb29fffff
12504,8810f5c4ddfffff
12505,8810f66cb9fffff
12506,8810f048a1fffff
12507,8810f4780dfffff
12508,8810f40aebfffff
12509,8810f4ce81fffff
12510,88101b6d85fffff
12511,8810f4b107fffff
12512,8810f639e3fffff
12513,8810f5520bfffff
12514,8810f059cdfffff
12515,8810f4aa91fffff
12516,8810f4d133fffff
12517,8810f011bbfffff
12518,8810f00081fffff
12519,8810f48155fffff
12520,8810f6b647fffff
12521,8810f6c44bfffff
12522,88101b0f13fffff
12523,8810f42419fffff
12524,8810f48e0dfffff
12525,8810f599e3fffff
12526,8810f4c447fffff
12527,8810f42445fffff
12528,8810f6105dfffff
12529,88101b4501fffff
12530,88101b7739fffff
12531,8810f622cbfffff
12532,8810f4c565fffff
12533,8810f4b995fffff
12534,8810a97619fffff
12535,8810f60b55fffff
12536,8810f4dab1fffff
12537,8810f41961fffff
12538,8810f28657fffff
12539,8810f4811dfffff
12540,88101b7ae1fffff
12541,8810f4791bfffff
12542,8810f54567fffff
12543,8810f558a1fffff
12544,8810f60f61fffff
12545,8810f68f69fffff
12546,8810f6c017fffff
12547,8810f5d0bbfffff
12548,8810f09489fffff
12549,8810f60a27fffff
12550,8810f67433fffff
12551,8810f0d80bfffff
12552,88101b6eb9fffff
12553,8810f63327fffff
12554,8810f51919fffff
12555,8810f68041fffff
12556,8810f6b06dfffff
12557,8810f0d721fffff
12558,8810f4b843fffff
12559,8810f6812dfffff
12560,8810f590e3fffff
12561,8810f05b05fffff
12562,8810f44c01fffff
12563,8810f47823fffff
12564,8810f08c05fffff
12565,8810f6c641fffff
12566,8810f4d815fffff
12567,8810f59195fffff
12568,8810a96d65fffff
12569,88101b6b19fffff
12570,8810f4b0ddfffff
12571,8810f5d6cbfffff
12572,8810f5d427fffff
12573,8810f4a6e7fffff
12574,8810f50011fffff
12575,8810f0ab0bfffff
12576,88101b7751fffff
12577,8810f48967fffff
12578,88101a6897fffff
12579,8810f559e3fffff
12580,8810f416cbfffff
12581,8810f0d1d9fffff
12582,8810a968cdfffff
12583,88101b44b7fffff
12584,8810f68111fffff
12585,8810f04a55fffff
12586,8810f511bdfffff
12587,8810f0d465fffff
12588,8810f6ac01fffff
12589,8810f50a51fffff
12590,8810f59121fffff
12591,8810f08223fffff
12592,8810f4c133fffff
12593,8810f510ddfffff
12594,8810f68b07fffff
12595,8810f6d107fffff
12596,8810f4a6cdfffff
12597,8810f638c7fffff
12598,8810f44243fffff
12599,8810f60487fffff
12600,8810f6353dfffff
12601,8810f4a411fffff
12602,8810f6b317fffff
12603,8810f41183fffff
12604,8810f61015fffff
12605,8810f426ebfffff
12606,8810f6b8b7fffff
12607,8810f43061fffff
12608,8810a92a93fffff
12609,8810f5ce6bfffff
12610,8810a96e39fffff
12611,8810f4456dfffff
12612,88101b76c9fffff
12613,8810a924e5fffff
12614,8810f4b181fffff
12615,8810f092e9fffff
12616,8810f45239fffff
12617,8810f5d53bfffff
12618,8810f63957fffff
12619,88101b7361fffff
12620,8810a92987fffff
12621,8810f4ac25fffff
12622,8810f28647fffff
12623,8810f4ad57fffff
12624,8810f0534bfffff
12625,8810f08933fffff
12626,8810f010d9fffff
12627,88101b0911fffff
12628,8810f40f67fffff
12629,8810f54661fffff
12630,8810f6b0dbfffff
12631,88101b718dfffff
12632,8810f43209fffff
12633,8810f58991fffff
12634,8810f44841fffff
12635,8810f094d9fffff
12636,8810f47615fffff
12637,8810f46345fffff
12638,8810f61a67fffff
12639,8810f4d08bfffff
12640,8810f6add9fffff
12641,88101b0115fffff
12642,8810f5726dfffff
12643,88101b629bfffff
12644,8810f4b65bfffff
12645,8810f4a92bfffff
12646,8810f68c59fffff
12647,8810f6adb1fffff
12648,8810f5899dfffff
12649,8810f602cdfffff
12650,8810f59261fffff
12651,88101b6ee3fffff
12652,8810f6c065fffff
12653,8810f459d1fffff
12654,8810f4c1c9fffff
12655,8810f5005bfffff
12656,88101b5593fffff
12657,8810f4b5e5fffff
12658,8810f452c3fffff
12659,8810f41263fffff
12660,8810a92845fffff
12661,8810f66567fffff
12662,8810f4216dfffff
12663,8810f0100bfffff
12664,8810f5c955fffff
12665,8810f6b91bfffff
12666,8810f0830dfffff
12667,8810a9759dfffff
12668,8810f59907fffff
12669,88101b7907fffff
12670,8810f29b27fffff
12671,8810f66497fffff
12672,8810f63007fffff
12673,88101b4c8bfffff
12674,8810f54325fffff
12675,8810f29291fffff
12676,8810f6a0e9fffff
12677,8810f55687fffff
12678,8810f6b86bfffff
12679,8810f60337fffff
12680,8810f4c2c7fffff
12681,8810f4ad0dfffff
12682,8810f014e9fffff
12683,8810a92a6dfffff
12684,8810f592e1fffff
12685,8810f01a85fffff
12686,8810f61065fffff
12687,8810f6c565fffff
12688,8810f42f59fffff
12689,8810f08543fffff
12690,88101b6619fffff
12691,8810f45489fffff
12692,8810a924b7fffff
12693,8810f465b9fffff
12694,8810f4a593fffff
12695,8810f476bbfffff
12696,8810f62e65fffff
12697,8810f0c295fffff
12698,8810f63a67fffff
12699,8810f4393dfffff
12700,8810f05061fffff
12701,8810f5d181fffff
12702,8810f6ade7fffff
12703,8810a924a7fffff
12704,88101b0d67fffff
12705,8810f45639fffff
12706,8810a96d3dfffff
12707,8810f42903fffff
12708,8810f68757fffff
12709,8810f47ab1fffff
12710,8810f6b4c5fffff
12711,8810f08e69fffff
12712,8810f470cbfffff
12713,8810f58287fffff
12714,8810f4709dfffff
12715,8810f62e39fffff
12716,8810a96d57fffff
12717,88101b7631fffff
12718,88101b65bbfffff
12719,8810f69209fffff
12720,8810f501abfffff
12721,8810f54ea9fffff
12722,8810f6a405fffff
12723,8810f0c1bbfffff
12724,8810f47963fffff
12725,8810f01737fffff
12726,8810f4cd37fffff
12727,8810f592cbfffff
12728,8810f5d1bbfffff
12729,8810f66ccbfffff
12730,8810f0962dfffff
12731,88101b05e3fffff
12732,8810f4c115fffff
12733,8810f6ce13fffff
12734,8810f4ce37fffff
12735,88101a6c09fffff
12736,8810f01119fffff
12737,8810f44a45fffff
12738,8810a92b29fffff
12739,8810a92627fffff
12740,88101b545bfffff
12741,8810f604c7fffff
12742,8810f54f57fffff
12743,88101b09e7fffff
12744,8810f63b6dfffff
12745,8810f6355dfffff
12746,8810f5ceedfffff
12747,8810f2832bfffff
12748,8810f01815fffff
12749,8810f510b1fffff
12750,8810f4ac47fffff
12751,8810f4d8b5fffff
12752,8810f4464bfffff
12753,8810f405d5fffff
12754,8810f63b33fffff
12755,8810f04a11fffff
12756,8810f54ac3fffff
12757,8810f08d17fffff
12758,8810f58281fffff
12759,8810f5c765fffff
12760,8810f5c5b3fffff
12761,8810f48d55fffff
12762,8810f6084dfffff
12763,8810f616a9fffff
12764,8810a960c9fffff
12765,8810f4442bfffff
12766,8810f44e39fffff
12767,8810f6ca9dfffff
12768,8810f45045fffff
12769,8810f6ac0bfffff
12770,8810f01435fffff
12771,8810f6ae81fffff
12772,8810f454abfffff
12773,8810f6d6b7fffff
12774,8810f6cf49fffff
12775,8810f44ac9fffff
12776,8810f402c9fffff
12777,88101b0a47fffff
12778,8810f6908dfffff
12779,8810f54a91fffff
12780,8810f2b223fffff
12781,8810f44c6dfffff
12782,8810f476e1fffff
12783,8810f6a445fffff
12784,8810f614a9fffff
12785,88101b56e1fffff
12786,8810f62283fffff
12787,8810f460e5fffff
12788,8810f43127fffff
12789,8810f552cbfffff
12790,8810f502cbfffff
12791,8810f4c1bdfffff
12792,8810f04903fffff
12793,88101b082dfffff
12794,8810f285d1fffff
12795,8810aba493fffff
12796,8810f40591fffff
12797,8810f05913fffff
12798,8810f6a617fffff
12799,8810f5c553fffff
12800,8810f464c7fffff
12801,88101b7529fffff
12802,88101b6461fffff
12803,8810f6aa8dfffff
12804,8810f092cdfffff
12805,88101b6649fffff
12806,8810f29059fffff
12807,8810f0195dfffff
12808,8810f0cdedfffff
12809,88101b099dfffff
12810,8810f449edfffff
12811,8810f42905fffff
12812,8810a938d1fffff
12813,8810f551d1fffff
12814,8810f08a97fffff
12815,8810f0d449fffff
12816,88101b6621fffff
12817,8810f0d70bfffff
12818,8810f4b76bfffff
12819,8810f63149fffff
12820,8810f4120bfffff
12821,8810f47a29fffff
12822,88101b4f5dfffff
12823,8810f415d3fffff
12824,8810f0d693fffff
12825,8810f58943fffff
12826,8810f5d747fffff
12827,8810f4c0b9fffff
12828,8810f29411fffff
12829,8810f68d31fffff
12830,8810f05addfffff
12831,8810f54855fffff
12832,8810f01503fffff
12833,8810a93b0dfffff
12834,8810f46f69fffff
12835,8810f47505fffff
12836,8810f5c719fffff
12837,8810f479e7fffff
12838,8810f42487fffff
12839,8810f449ebfffff
12840,88101b2dd7fffff
12841,8810a92d89fffff
12842,8810f6b237fffff
12843,8810f615d3fffff
12844,8810f0c68bfffff
12845,8810f0ba13fffff
12846,8810f4351bfffff
12847,8810f40b4bfffff
12848,8810f6ae67fffff
12849,8810f4d067fffff
12850,8810f4d5e5fffff
12851,8810f62d53fffff
12852,8810f6d121fffff
12853,8810f40c67fffff
12854,8810f46053fffff
12855,8810f68295fffff
12856,8810f018e7fffff
12857,8810f5d13dfffff
12858,8810f5c723fffff
12859,8810f63839fffff
12860,8810f09addfffff
12861,8810f40f3bfffff
12862,8810f550edfffff
12863,8810f62de1fffff
12864,8810f6a649fffff
12865,8810f6ba1dfffff
12866,8810f4d5c5fffff
12867,8810f58115fffff
12868,8810f0da69fffff
12869,8810f4a241fffff
12870,88101b4d9bfffff
12871,8810f41a23fffff
12872,8810f421ebfffff
12873,8810f45823fffff
12874,8810f01835fffff
12875,8810f5c63bfffff
12876,8810f689a1fffff
12877,8810f62611fffff
12878,8810f58109fffff
12879,8810f62589fffff
12880,8810f2959dfffff
12881,8810f54803fffff
12882,8810a90c89fffff
12883,88101b445dfffff
12884,8810f4c25bfffff
12885,8810f00243fffff
12886,8810f60123fffff
12887,8810f05ad7fffff
12888,88101b6d1dfffff
12889,8810f6c5ebfffff
12890,8810f40521fffff
12891,88101b6811fffff
12892,8810f5c597fffff
12893,8810f28a89fffff
12894,8810f0ca5bfffff
12895,8810f435abfffff
12896,8810f0c60dfffff
12897,8810f46b49fffff
12898,8810f45491fffff
12899,88101b084bfffff
12900,8810f6b64dfffff
12901,8810f0928bfffff
12902,8810f4a6d1fffff
12903,88101b6211fffff
12904,8810f41b67fffff
12905,8810f61acbfffff
12906,8810f5c051fffff
12907,8810f4b333fffff
12908,8810f0c921fffff
12909,8810f08a65fffff
12910,8810f546e1fffff
12911,8810f58cdbfffff
12912,88101b0111fffff
12913,8810f4ca2dfffff
12914,8810f6c2c1fffff
12915,8810f5c831fffff
12916,8810f48835fffff
12917,88101b6f27fffff
12918,8810f545b9fffff
12919,8810f47525fffff
12920,8810f4a50dfffff
12921,8810f4c20bfffff
12922,8810f469a1fffff
12923,8810f28167fffff
12924,8810f69861fffff
12925,8810f485edfffff
12926,8810f08c09fffff
12927,88101b0f49fffff
12928,8810f44511fffff
12929,8810f582c9fffff
12930,8810f54497fffff
12931,8810f5c5abfffff
12932,8810f61545fffff
12933,8810f58059fffff
12934,8810f42439fffff
12935,8810f501ddfffff
12936,8810f556adfffff
12937,8810f08aadfffff
12938,8810f0cad3fffff
12939,8810f2812dfffff
12940,8810f4d735fffff
12941,8810f6b869fffff
12942,8810f0c159fffff
12943,88101b6aa5fffff
12944,8810f4d04dfffff
12945,8810f01b15fffff
12946,8810f62059fffff
12947,8810f68b17fffff
12948,8810f48f27fffff
12949,8810f050c3fffff
12950,8810f0ba21fffff
12951,8810f61aa7fffff
12952,88101b05e9fffff
12953,8810f4b2b7fffff
12954,8810f0911dfffff
12955,8810f4ab33fffff
12956,88101b6c87fffff
12957,8810f6d8b1fffff
12958,8810f4d809fffff
12959,8810f448ddfffff
12960,8810f0c2d5fffff
12961,8810a92003fffff
12962,8810f4b2edfffff
12963,8810f0da3bfffff
12964,8810f58a59fffff
12965,8810f0c2c5fffff
12966,8810f66c17fffff
12967,8810f08037fffff
12968,8810f01a43fffff
12969,8810f5569dfffff
12970,8810f40151fffff
12971,8810f6b0b3fffff
12972,8810f42829fffff
12973,8810f6328bfffff
12974,8810f01a2dfffff
12975,8810f66f43fffff
12976,8810f60331fffff
12977,8810f484d3fffff
12978,8810f455cdfffff
12979,8810f086c9fffff
12980,8810f69253fffff
12981,8810f4a10bfffff
12982,8810f014bbfffff
12983,8810f4186dfffff
12984,8810f42c65fffff
12985,8810f4158dfffff
12986,8810f45061fffff
12987,8810f4d8b3fffff
12988,8810a92917fffff
12989,8810f6d2cdfffff
12990,8810f01491fffff
12991,8810f429e9fffff
12992,8810a92103fffff
12993,8810a92b1dfffff
12994,8810a92ee1fffff
12995,8810f2810bfffff
12996,8810a965b3fffff
12997,8810f0ce55fffff
12998,8810f40709fffff
12999,8810f0cab5fffff
13000,8810f58d11fffff
13001,8810f08501fffff
13002,8810f6d119fffff
13003,8810f51343fffff
13004,8810f5915dfffff
13005,8810f59a97fffff
13006,8810f626b3fffff
13007,8810f55b41fffff
13008,8810f40837fffff
13009,8810f62727fffff
13010,8810f6360bfffff
13011,8810f418b3fffff
13012,8810f5ca4dfffff
13013,8810f698e5fffff
13014,8810f48ecdfffff
13015,8810f01227fffff
13016,8810f05a41fffff
13017,8810f54c4dfffff
13018,8810f45891fffff
13019,8810f691d9fffff
13020,8810f541a1fffff
13021,8810f4daa9fffff
13022,8810f29a95fffff
13023,8810f0d961fffff
13024,8810f57265fffff
13025,8810f508b9fffff
13026,8810f08d43fffff
13027,8810f508b1fffff
13028,8810f48637fffff
13029,8810f604e7fffff
13030,8810f4ab53fffff
13031,8810f4429dfffff
13032,8810f54d39fffff
13033,8810f5418bfffff
13034,8810f69609fffff
13035,8810f45b41fffff
13036,8810f5492bfffff
13037,8810f47157fffff
13038,8810f46f35fffff
13039,8810f5d835fffff
13040,88101b0ea3fffff
13041,8810aba4d5fffff
13042,8810a926e1fffff
13043,8810f6acc5fffff
13044,8810f41589fffff
13045,88101b7903fffff
13046,8810f4cab1fffff
13047,8810f47081fffff
13048,8810f4760bfffff
13049,8810f6a31bfffff
13050,88101b68a5fffff
13051,8810f628a7fffff
13052,88101b725bfffff
13053,88101b0c05fffff
13054,8810f438b1fffff
13055,8810f6026dfffff
13056,88101b6b61fffff
13057,8810a93a05fffff
13058,8810f6955bfffff
13059,8810f4a703fffff
13060,8810f54b27fffff
13061,8810f4b2d1fffff
13062,8810f55043fffff
13063,8810f40dbbfffff
13064,8810f4724bfffff
13065,8810f54d3dfffff
13066,88101b64d7fffff
13067,8810f4b14dfffff
13068,8810f4c61bfffff
13069,8810f41941fffff
13070,8810f62dc9fffff
13071,8810f63713fffff
13072,8810f5c031fffff
13073,8810f5ce27fffff
13074,8810f0b28dfffff
13075,8810f51855fffff
13076,8810f4250bfffff
13077,8810f684bbfffff
13078,8810f5d2cdfffff
13079,8810f4b809fffff
13080,8810f47439fffff
13081,8810f58f0bfffff
13082,8810f47993fffff
13083,8810f01b6bfffff
13084,8810f4d56dfffff
13085,8810f09555fffff
13086,8810f0115dfffff
13087,8810f5d461fffff
13088,8810f55a43fffff
13089,8810a922b3fffff
13090,8810f458d1fffff
13091,8810f4d303fffff
13092,8810f46347fffff
13093,88101b4455fffff
13094,8810f5471bfffff
13095,8810f6870bfffff
13096,8810f0b1d3fffff
13097,8810f081ebfffff
13098,8810f5886dfffff
13099,8810f502d5fffff
13100,8810f5d007fffff
13101,8810f481e3fffff
13102,8810f462b9fffff
13103,8810f6b6b1fffff
13104,88101b3931fffff
13105,8810a92219fffff
13106,8810f5534dfffff
13107,8810f6a851fffff
13108,8810a93aa3fffff
13109,8810f01253fffff
13110,8810f48b25fffff
13111,8810f4c30dfffff
13112,8810f59893fffff
13113,8810f0899bfffff
13114,8810f08531fffff
13115,8810f5442bfffff
13116,8810f4a5ddfffff
13117,8810f09adbfffff
13118,8810f4166bfffff
13119,8810f60ad9fffff
13120,8810f408b7fffff
13121,88101b0d23fffff
13122,8810f50a43fffff
13123,8810f46ea9fffff
13124,88101b3b55fffff
13125,8810f67693fffff
13126,8810f4c75dfffff
13127,8810f4c66dfffff
13128,8810f59309fffff
13129,88101b633bfffff
13130,8810f46885fffff
13131,8810f412b9fffff
13132,88101b41a1fffff
13133,8810f01221fffff
13134,8810f409a7fffff
13135,8810f6a0b1fffff
13136,8810f4b30dfffff
13137,8810f4ccd1fffff
13138,8810f68eb9fffff
13139,88101b720dfffff
13140,8810f6012dfffff
13141,8810f6ac69fffff
13142,8810f05617fffff
13143,8810f67417fffff
13144,8810f516dbfffff
13145,8810f01a45fffff
13146,8810f61541fffff
13147,8810f5d495fffff
13148,8810f4551dfffff
13149,8810f46687fffff
13150,88101b6b41fffff
13151,8810f6b769fffff
13152,8810f29153fffff
13153,8810f485c3fffff
13154,8810f47105fffff
13155,8810f68049fffff
13156,8810f43681fffff
13157,88101a6519fffff
13158,8810f0c829fffff
13159,8810f4b9a7fffff
13160,8810f6a5b3fffff
13161,8810f50121fffff
13162,8810f4712bfffff
13163,8810f048e3fffff
13164,8810f44129fffff
13165,8810f40debfffff
13166,8810f46661fffff
13167,8810f430bbfffff
13168,8810f5d653fffff
13169,8810f0d4e5fffff
13170,8810f484e5fffff
13171,88101b45a5fffff
13172,88101b4d85fffff
13173,8810f4d857fffff
13174,8810f45883fffff
13175,8810f4ccb5fffff
13176,8810f58a99fffff
13177,8810f4012bfffff
13178,8810f54557fffff
13179,8810f47a87fffff
13180,8810f4c283fffff
13181,8810f68447fffff
13182,8810f01305fffff
13183,8810f0cc59fffff
13184,8810f419ebfffff
13185,8810f50217fffff
13186,88101b08cbfffff
13187,8810f51ae3fffff
13188,88101b4c1bfffff
13189,8810f51213fffff
13190,8810f0cac9fffff
13191,8810f461cdfffff
13192,8810f55513fffff
13193,8810f6a429fffff
13194,8810f6b541fffff
13195,8810f6c35dfffff
13196,8810f059edfffff
13197,8810f4aab9fffff
13198,8810f5c62dfffff
13199,8810f4a419fffff
13200,8810a92437fffff
13201,8810f6b5b1fffff
13202,8810a966e3fffff
13203,8810f0d4a7fffff
13204,8810a96459fffff
13205,88101b6a39fffff
13206,8810f464b9fffff
13207,8810a90c99fffff
13208,8810f5919dfffff
13209,8810f4a887fffff
13210,8810f629b7fffff
13211,8810f68637fffff
13212,8810f68a9bfffff
13213,8810f51ad5fffff
13214,8810f66adbfffff
13215,8810f0d317fffff
13216,88101b708bfffff
13217,8810a96457fffff
13218,8810f0d249fffff
13219,8810f00013fffff
13220,8810f58c45fffff
13221,8810f55509fffff
13222,88101b461bfffff
13223,88101b78edfffff
13224,8810a965edfffff
13225,88101b606dfffff
13226,8810f42f61fffff
13227,8810f61913fffff
13228,8810f63619fffff
13229,8810f4aad5fffff
13230,88101b0f57fffff
13231,8810f58f01fffff
13232,8810f45427fffff
13233,8810a96139fffff
13234,8810f4d5d5fffff
13235,8810f68569fffff
13236,8810f28219fffff
13237,8810f6951bfffff
13238,8810f05313fffff
13239,8810f45129fffff
13240,8810f46eadfffff
13241,8810a92a25fffff
13242,8810f63221fffff
13243,8810f4cd4bfffff
13244,8810f664adfffff
13245,8810f69639fffff
13246,8810f48f53fffff
13247,8810f50b1bfffff
13248,8810f68505fffff
13249,88101b2d1bfffff
13250,8810a9295bfffff
13251,8810a96031fffff
13252,8810f4b613fffff
13253,8810f4bae5fffff
13254,8810f4189bfffff
13255,8810f40747fffff
13256,8810f6c095fffff
13257,8810f404adfffff
13258,8810f01497fffff
13259,8810f08941fffff
13260,8810f4b8b5fffff
13261,88101a6d9dfffff
13262,8810a9650dfffff
13263,8810f0cb03fffff
13264,8810f559ddfffff
13265,8810f68019fffff
13266,8810f5d123fffff
13267,8810f55265fffff
13268,8810f58c3bfffff
13269,8810f4c405fffff
13270,8810f0d0a3fffff
13271,8810f43a47fffff
13272,8810f46243fffff
13273,8810f05999fffff
13274,8810f44363fffff
13275,8810f58f47fffff
13276,88101b4c31fffff
13277,8810f4772dfffff
13278,8810f459a3fffff
13279,8810f429dbfffff
13280,8810f54abdfffff
13281,8810f40449fffff
13282,8810f6b5a3fffff
13283,8810f6984dfffff
13284,8810f4a181fffff
13285,8810f636edfffff
13286,8810f439e7fffff
13287,8810f4a227fffff
13288,8810f5551dfffff
13289,8810f0426dfffff
13290,8810f28001fffff
13291,8810f58307fffff
13292,8810f4473dfffff
13293,8810f6759bfffff
13294,8810f5c4e1fffff
13295,8810f688b9fffff
13296,8810f40ec3fffff
13297,8810f6b4bbfffff
13298,88101b6eb3fffff
13299,8810f0b863fffff
13300,88101b033bfffff
13301,8810f68e85fffff
13302,88101b62cdfffff
13303,8810f5c6d3fffff
13304,8810f050b7fffff
13305,8810f0b857fffff
13306,88101b65ddfffff
13307,8810f041a7fffff
13308,8810f68945fffff
13309,8810f5c1ddfffff
13310,88101b09b9fffff
13311,8810f09aa5fffff
13312,8810f508d1fffff
13313,8810f0c4b7fffff
13314,8810f54f09fffff
13315,8810f518b9fffff
13316,8810f29a6bfffff
13317,8810f5d85bfffff
13318,8810f4c285fffff
13319,8810f6cf39fffff
13320,8810f5108dfffff
13321,8810f69507fffff
13322,8810f4713bfffff
13323,8810f4c0e5fffff
13324,8810f415d7fffff
13325,8810f08193fffff
13326,8810f6b265fffff
13327,88101b78c9fffff
13328,8810f4aa1bfffff
13329,8810a96cd1fffff
13330,8810f55211fffff
13331,8810f29451fffff
13332,8810f68c13fffff
13333,88101b7417fffff
13334,8810f581a7fffff
13335,8810f60ed3fffff
13336,8810f6b46bfffff
13337,88101b760dfffff
13338,8810f61129fffff
13339,8810f4466dfffff
13340,8810f5d737fffff
13341,8810f4c807fffff
13342,8810f55811fffff
13343,8810f63127fffff
13344,8810f085c1fffff
13345,8810a92099fffff
13346,8810f01069fffff
13347,8810f5084bfffff
13348,8810f4a8d5fffff
13349,8810f63357fffff
13350,8810f081e1fffff
13351,8810f59359fffff
13352,8810f46c43fffff
13353,8810f0194dfffff
13354,8810f0c4edfffff
13355,8810f05101fffff
13356,8810f48eedfffff
13357,8810f4cb3bfffff
13358,8810f08559fffff
13359,8810f68211fffff
13360,8810f6b529fffff
13361,88101b606bfffff
13362,8810f6b285fffff
13363,8810f5cc37fffff
13364,8810f5ca4bfffff
13365,88101b6605fffff
13366,8810f5cea5fffff
13367,8810f6363dfffff
13368,8810f29323fffff
13369,8810f406ddfffff
13370,8810f468a1fffff
13371,8810f29a55fffff
13372,8810a9213dfffff
13373,8810f5d017fffff
13374,8810f0c185fffff
13375,8810f43037fffff
13376,8810f54723fffff
13377,8810f5458dfffff
13378,8810f424adfffff
13379,8810f6c1e3fffff
13380,8810f6134bfffff
13381,8810f4cce7fffff
13382,8810f441d3fffff
13383,8810f5c34dfffff
13384,8810f426e3fffff
13385,8810f6b10bfffff
13386,8810f42551fffff
13387,8810f61841fffff
13388,8810f5cf25fffff
13389,8810f441c3fffff
13390,8810f4aa17fffff
13391,8810f66117fffff
13392,8810f6c8cdfffff
13393,8810f47689fffff
13394,8810f692c5fffff
13395,8810f5509dfffff
13396,8810f54a03fffff
13397,88101b6de5fffff
13398,88101b2dcdfffff
13399,8810f45337fffff
13400,8810f661b7fffff
13401,8810f66aebfffff
13402,8810f091b9fffff
13403,8810f0b8e7fffff
13404,8810a92a83fffff
13405,8810f01337fffff
13406,8810f63561fffff
13407,8810f6840bfffff
13408,88101b6b4bfffff
13409,8810a968d7fffff
13410,8810f684cbfffff
13411,8810f4623dfffff
13412,8810f48d87fffff
13413,8810f46c15fffff
13414,8810f42229fffff
13415,8810f60f65fffff
13416,8810f084ddfffff
13417,88101b60ebfffff
13418,8810a92645fffff
13419,8810f01355fffff
13420,8810f05001fffff
13421,8810f291cdfffff
13422,8810f4468dfffff
13423,88101b282dfffff
13424,8810f502ebfffff
13425,8810f4a0c5fffff
13426,88101a6e9bfffff
13427,8810f4addbfffff
13428,8810f69893fffff
13429,8810f5c203fffff
13430,8810f08a1bfffff
13431,88101b46ebfffff
13432,8810a96e87fffff
13433,8810f29029fffff
13434,8810f4b425fffff
13435,8810f4c933fffff
13436,8810f42197fffff
13437,8810a974bbfffff
13438,8810f61607fffff
13439,8810a96649fffff
13440,8810f696e1fffff
13441,8810f4ac87fffff
13442,8810f42f19fffff
13443,8810f4a929fffff
13444,8810f43a61fffff
13445,8810f4434bfffff
13446,8810f5c343fffff
13447,8810f6d01bfffff
13448,8810f0b0b1fffff
13449,8810f5b963fffff
13450,8810f559d7fffff
13451,8810f478cbfffff
13452,8810a96667fffff
13453,8810f44ab5fffff
13454,88101b0d29fffff
13455,8810f44de3fffff
13456,8810f5501bfffff
13457,8810f55acbfffff
13458,8810f48aabfffff
13459,8810f58a9bfffff
13460,8810f2871dfffff
13461,8810f4685dfffff
13462,8810f28125fffff
13463,8810f5ca91fffff
13464,8810f6d31bfffff
13465,8810f6082dfffff
13466,8810f40d03fffff
13467,8810f50a55fffff
13468,8810f44ea3fffff
13469,8810f04a8bfffff
13470,8810f661adfffff
13471,8810f29853fffff
13472,8810f69a6bfffff
13473,8810f66e15fffff
13474,8810f61929fffff
13475,8810f694b3fffff
13476,8810f0c72dfffff
13477,8810f6d087fffff
13478,8810f44831fffff
13479,8810a928bdfffff
13480,8810f68423fffff
13481,8810f04227fffff
13482,8810f5bb09fffff
13483,8810f4aa25fffff
13484,8810f08f3dfffff
13485,88101b3967fffff
13486,8810f5c1ebfffff
13487,8810f4b5edfffff
13488,8810f5194bfffff
13489,8810f292cdfffff
13490,8810f49b01fffff
13491,8810f42c1dfffff
13492,8810f6a647fffff
13493,8810a92549fffff
13494,8810f58599fffff
13495,8810f59b53fffff
13496,8810f42511fffff
13497,88101b0cc9fffff
13498,88101b69a5fffff
13499,8810f58023fffff
13500,8810f4a423fffff
13501,8810f544e7fffff
13502,8810f54f49fffff
13503,8810f4556bfffff
13504,8810f4676dfffff
13505,8810a938b5fffff
13506,8810f512adfffff
13507,8810f47759fffff
13508,8810f46165fffff
13509,8810f6b6a1fffff
13510,8810f282c9fffff
13511,8810f5d5d9fffff
13512,8810f286d1fffff
13513,8810f47435fffff
13514,8810f616edfffff
13515,8810f5565dfffff
13516,8810f45255fffff
13517,8810f0c285fffff
13518,8810f58dd3fffff
13519,8810f43167fffff
13520,8810f4d9cdfffff
13521,8810f55109fffff
13522,8810f61259fffff
13523,8810f29aa1fffff
13524,8810a96721fffff
13525,8810f508c5fffff
13526,88101b604dfffff
13527,8810f66e99fffff
13528,8810f48969fffff
13529,8810f47337fffff
13530,8810f09a87fffff
13531,8810f2872dfffff
13532,8810f5ca13fffff
13533,8810f42e45fffff
13534,88101b65ebfffff
13535,8810f4ab23fffff
13536,8810f5551bfffff
13537,8810f0d9b5fffff
13538,8810f01301fffff
13539,8810f04ad9fffff
13540,8810f44105fffff
13541,8810f5549bfffff
13542,8810f40ca9fffff
13543,8810f62ec1fffff
13544,8810f43b57fffff
13545,8810f0800dfffff
13546,8810f5c5b1fffff
13547,8810f5c007fffff
13548,8810f591c5fffff
13549,8810f5d6ebfffff
13550,8810f69361fffff
13551,8810f002c1fffff
13552,88101b2961fffff
13553,8810f2826dfffff
13554,8810f09b55fffff
13555,88101a6dc7fffff
13556,8810f6d239fffff
13557,8810f0b193fffff
13558,8810f29a15fffff
13559,8810f54a57fffff
13560,88101b6a53fffff
13561,8810f4264dfffff
13562,8810f0dae5fffff
13563,8810f4a62bfffff
13564,8810f624b1fffff
13565,8810f088d3fffff
13566,8810f541b7fffff
13567,88101b0885fffff
13568,88101b6e13fffff
13569,88101b6333fffff
13570,8810f59b17fffff
13571,8810f4b259fffff
13572,8810a96e81fffff
13573,8810f42b3dfffff
13574,8810f4c009fffff
13575,8810f6d4c3fffff
13576,8810f690ddfffff
13577,8810f51505fffff
13578,8810f421a1fffff
13579,8810f48f5bfffff
13580,8810f4a027fffff
13581,8810f0d68bfffff
13582,8810f54405fffff
13583,8810f622e7fffff
13584,8810f5d4edfffff
13585,8810f0d2edfffff
13586,8810f46689fffff
13587,8810f4061dfffff
13588,8810f661d1fffff
13589,8810f295b3fffff
13590,8810f0946dfffff
13591,8810f4d19dfffff
13592,8810f6a497fffff
13593,8810f415cdfffff
13594,8810f47645fffff
13595,8810f40215fffff
13596,8810f42e1bfffff
13597,88101b726bfffff
13598,8810f46119fffff
13599,88101a6c87fffff
13600,88101b7aa3fffff
13601,8810f6d643fffff
13602,8810f5c76bfffff
13603,8810f588cdfffff
13604,8810f42719fffff
13605,8810f4cb5dfffff
13606,8810f425c5fffff
13607,8810a938a7fffff
13608,8810f4518bfffff
13609,8810f088e1fffff
13610,8810f6a5e1fffff
13611,8810f545c9fffff
13612,8810f0d327fffff
13613,8810f59023fffff
13614,88101b7623fffff
13615,8810f68a03fffff
13616,8810f6d5b3fffff
13617,8810f61159fffff
13618,8810f581c7fffff
13619,8810f44e6dfffff
13620,8810f096ebfffff
13621,8810f45225fffff
13622,8810f404a7fffff
13623,8810f4cd07fffff
13624,8810f69917fffff
13625,8810f58567fffff
13626,8810f47311fffff
13627,8810f421c3fffff
13628,8810f01209fffff
13629,8810f5ba13fffff
13630,8810f4ced5fffff
13631,8810f0c487fffff
13632,8810f51337fffff
13633,8810f0bb61fffff
13634,88101b60b7fffff
13635,8810a92857fffff
13636,8810f40ae3fffff
13637,8810f41149fffff
13638,8810f44891fffff
13639,8810f62c23fffff
13640,8810f08f63fffff
13641,8810f46a65fffff
13642,8810f44597fffff
13643,8810f63093fffff
13644,8810f54259fffff
13645,8810f6842dfffff
13646,8810f04137fffff
13647,8810f4b6b3fffff
13648,8810f62623fffff
13649,8810f4575dfffff
13650,8810f2b221fffff
13651,8810f66027fffff
13652,8810f58a9dfffff
13653,8810f04821fffff
13654,8810f51565fffff
13655,8810f46a57fffff
13656,8810f6aa67fffff
13657,88101a6dbbfffff
13658,8810f621b9fffff
13659,88101b6a3bfffff
13660,8810f4a73dfffff
13661,88101b4ee5fffff
13662,8810f62697fffff
13663,8810f46187fffff
13664,8810f44219fffff
13665,8810f090cbfffff
13666,8810f6382bfffff
13667,8810f4a017fffff
13668,8810f46209fffff
13669,8810f6ab05fffff
13670,8810f40031fffff
13671,8810f6b033fffff
13672,8810f08c01fffff
13673,8810f41247fffff
13674,8810f424d9fffff
13675,8810f0d58dfffff
13676,8810f0c605fffff
13677,8810f45b19fffff
13678,8810f0ce11fffff
13679,8810f42247fffff
13680,8810f479ddfffff
13681,8810f5c86dfffff
13682,8810f08c65fffff
13683,8810f09567fffff
13684,8810f4cf15fffff
13685,8810f42d3bfffff
13686,8810f4743bfffff
13687,8810f51ac7fffff
13688,8810f614bdfffff
13689,8810f4cc1dfffff
13690,8810f0d23bfffff
13691,8810f69b15fffff
13692,8810f282abfffff
13693,8810f619d1fffff
13694,8810f0b765fffff
13695,8810f4c717fffff
13696,8810f29a67fffff
13697,8810f68ad3fffff
13698,8810f40c93fffff
13699,8810f699a1fffff
13700,8810f62ad9fffff
13701,8810f58901fffff
13702,8810a92049fffff
13703,8810f09191fffff
13704,88101b702bfffff
13705,8810f41b59fffff
13706,8810f0b113fffff
13707,8810f414d7fffff
13708,8810f0c919fffff
13709,8810f0c52bfffff
13710,8810f6b42bfffff
13711,8810f5c715fffff
13712,8810f6b4abfffff
13713,8810f08f4dfffff
13714,88101b68cdfffff
13715,8810f5c2bbfffff
13716,88101b54e3fffff
13717,8810f4b5cbfffff
13718,8810f604b1fffff
13719,8810f5cd4dfffff
13720,8810f44f05fffff
13721,88101b6269fffff
13722,8810f6dad5fffff
13723,8810f550ddfffff
13724,8810f04161fffff
13725,8810f6822bfffff
13726,8810f6ca99fffff
13727,8810f08769fffff
13728,8810f00721fffff
13729,88101b7569fffff
13730,8810f694c3fffff
13731,8810f5105bfffff
13732,8810f50a25fffff
13733,8810f6a82bfffff
13734,8810f41743fffff
13735,8810f63515fffff
13736,8810f4d1edfffff
13737,8810a96cebfffff
13738,8810f50a81fffff
13739,8810f68021fffff
13740,8810f09b5bfffff
13741,8810f45141fffff
13742,8810f44ce1fffff
13743,8810f66457fffff
13744,8810f048bbfffff
13745,8810f0c525fffff
13746,8810f5cdb1fffff
13747,8810f0d149fffff
13748,8810f465b3fffff
13749,8810f0c5ddfffff
13750,8810f44213fffff
13751,8810aba48dfffff
13752,8810f4d633fffff
13753,8810f284b1fffff
13754,8810f55689fffff
13755,8810a93963fffff
13756,8810f431b3fffff
13757,8810f61255fffff
13758,8810f54a6dfffff
13759,8810f45549fffff
13760,8810f469e5fffff
13761,8810f58f33fffff
13762,8810f04961fffff
13763,8810f4cc95fffff
13764,8810a92523fffff
13765,8810f62229fffff
13766,88101b461dfffff
13767,8810f446a5fffff
13768,8810f05105fffff
13769,8810f61455fffff
13770,8810f68d29fffff
13771,8810f0c807fffff
13772,8810f0ca59fffff
13773,8810f6b635fffff
13774,8810f4c41dfffff
13775,8810f54f07fffff
13776,8810f40f3dfffff
13777,8810f558d9fffff
13778,8810f4440bfffff
13779,8810f0d1a3fffff
13780,8810f485c1fffff
13781,8810f59719fffff
13782,88101b79c3fffff
13783,8810a92ab5fffff
13784,8810f58135fffff
13785,8810a922a7fffff
13786,88101b09b7fffff
13787,8810f4333bfffff
13788,8810f439e1fffff
13789,8810f695d3fffff
13790,8810f092d7fffff
13791,8810f54195fffff
13792,8810f58015fffff
13793,8810f54a65fffff
13794,8810f6906dfffff
13795,8810f0cd41fffff
13796,8810f49b11fffff
13797,8810f60f09fffff
13798,8810f5d8c9fffff
13799,8810f04d65fffff
13800,8810f62699fffff
13801,8810f4b861fffff
13802,8810f050ebfffff
13803,88101b0101fffff
13804,8810f09509fffff
13805,88101b60ddfffff
13806,8810f616e1fffff
13807,8810f29b61fffff
13808,8810f4d5a5fffff
13809,8810f4880dfffff
13810,8810f618cdfffff
13811,8810f40cddfffff
13812,8810f086e9fffff
13813,8810f515c9fffff
13814,8810f45585fffff
13815,8810f6ac47fffff
13816,8810a92b4dfffff
13817,88101b01adfffff
13818,8810f60f43fffff
13819,88101b2d35fffff
13820,88101b706dfffff
13821,8810f62f6bfffff
13822,8810f5b9a1fffff
13823,8810f41561fffff
13824,8810f6651dfffff
13825,8810f60a41fffff
13826,8810f0cd6bfffff
13827,88101b0adbfffff
13828,88101b6229fffff
13829,8810f45265fffff
13830,8810f4af35fffff
13831,8810f43091fffff
13832,8810a96f5bfffff
13833,8810f4cecbfffff
13834,8810f66119fffff
13835,8810f60b39fffff
13836,8810f0b283fffff
13837,8810f6a04bfffff
13838,8810f5db4bfffff
13839,8810f0420dfffff
13840,8810f66481fffff
13841,8810f69141fffff
13842,8810f40f09fffff
13843,8810f61527fffff
13844,8810f6b66bfffff
13845,8810f0c991fffff
13846,8810f6864bfffff
13847,8810f46049fffff
13848,8810f4816bfffff
13849,8810f28295fffff
13850,88101b4881fffff
13851,8810f4b435fffff
13852,8810f41355fffff
13853,8810f28011fffff
13854,8810f63405fffff
13855,8810f580a3fffff
13856,88101b6415fffff
13857,8810f4d337fffff
13858,8810f626edfffff
13859,8810f6a02dfffff
13860,8810f45963fffff
13861,88101b7405fffff
13862,8810f608d5fffff
13863,8810f61451fffff
13864,8810f4c0c9fffff
13865,8810f58aa1fffff
13866,8810f5951bfffff
13867,8810f4c739fffff
13868,8810f059cbfffff
13869,8810f400b9fffff
13870,8810f589e3fffff
13871,8810f588ddfffff
13872,8810f4a951fffff
13873,8810f5d64bfffff
13874,8810f60e6dfffff
13875,8810f5c983fffff
13876,8810f6a35dfffff
13877,8810a97689fffff
13878,8810f588c1fffff
13879,88101a6debfffff
13880,8810f05031fffff
13881,88101b4d8dfffff
13882,88101b4db1fffff
13883,8810f55461fffff
13884,8810f4d2cbfffff
13885,8810f46827fffff
13886,88101b6c57fffff
13887,8810f6c24dfffff
13888,8810f668ddfffff
13889,8810f44b33fffff
13890,8810f292d9fffff
13891,8810f42f6dfffff
13892,8810a975cdfffff
13893,8810f01a35fffff
13894,88101b4c35fffff
13895,8810f696b5fffff
13896,8810f5d109fffff
13897,8810f08b4bfffff
13898,8810f475bdfffff
13899,8810f55731fffff
13900,8810f6aa9dfffff
13901,88101b6059fffff
13902,8810f4718bfffff
13903,8810f6c11dfffff
13904,8810f6d0a7fffff
13905,8810f42d91fffff
13906,8810f47b19fffff
13907,8810f6d143fffff
13908,8810f4c521fffff
13909,8810f29185fffff
13910,8810f42e9dfffff
13911,8810f43a89fffff
13912,8810f5cb25fffff
13913,8810f5d6b9fffff
13914,8810f6182bfffff
13915,8810f44dadfffff
13916,8810f0909dfffff
13917,8810f08185fffff
13918,8810a92583fffff
13919,8810f29595fffff
13920,8810f4260bfffff
13921,88101a6527fffff
13922,8810f50f3dfffff
13923,8810f5bad5fffff
13924,8810f041e1fffff
13925,8810f0c561fffff
13926,8810f60335fffff
13927,8810f4ba4dfffff
13928,8810f62a17fffff
13929,8810f46949fffff
13930,8810f6c2ebfffff
13931,8810f47333fffff
13932,8810f5110dfffff
13933,8810f62e01fffff
13934,8810f40b4dfffff
13935,88101b6ed7fffff
13936,8810f68e05fffff
13937,8810f0912bfffff
13938,8810f42c43fffff
13939,8810f6c19bfffff
13940,8810f2842bfffff
13941,8810f29957fffff
13942,8810a96ae3fffff
13943,88101a6c2bfffff
13944,8810f41537fffff
13945,8810f42b41fffff
13946,8810a92751fffff
13947,8810f6d415fffff
13948,8810f6b0d5fffff
13949,8810f54d43fffff
13950,8810f429d1fffff
13951,8810f6a447fffff
13952,8810f59ad5fffff
13953,88101b72a3fffff
13954,8810f438d9fffff
13955,8810a92123fffff
13956,8810a92159fffff
13957,88101b6321fffff
13958,88101b4581fffff
13959,8810f0b8b1fffff
13960,8810f635e7fffff
13961,8810f0171bfffff
13962,8810f5ca37fffff
13963,8810f09339fffff
13964,8810f0c1a1fffff
13965,8810a93a35fffff
13966,8810f63091fffff
13967,8810f6391dfffff
13968,8810f6a307fffff
13969,8810f5cf67fffff
13970,8810a92025fffff
13971,8810f5415dfffff
13972,8810f69a1dfffff
13973,8810f29623fffff
13974,8810f29049fffff
13975,8810f439d5fffff
13976,8810f47301fffff
13977,8810f59939fffff
13978,8810f61ae3fffff
13979,8810f59739fffff
13980,8810a965c9fffff
13981,8810f0cb6bfffff
13982,8810f63a85fffff
13983,8810f614d3fffff
13984,8810f54ea5fffff
13985,8810f280abfffff
13986,8810f58ab7fffff
13987,8810f5ce91fffff
13988,8810f6b95dfffff
13989,8810f4aadbfffff
13990,8810f4d317fffff
13991,88101b0cb9fffff
13992,88101b7815fffff
13993,88101b4515fffff
13994,8810f41a1bfffff
13995,8810f59a37fffff
13996,8810f5433dfffff
13997,8810f05953fffff
13998,8810f6b753fffff
13999,8810f0d9d7fffff
14000,8810f59a69fffff
14001,8810f6b147fffff
14002,8810f0c28bfffff
14003,88101b4623fffff
14004,8810f4268dfffff
14005,8810f63891fffff
14006,88101b485bfffff
14007,8810f0888bfffff
14008,8810f01a5dfffff
14009,8810f2830dfffff
14010,88101b09bbfffff
14011,8810f68f1dfffff
14012,8810f0d69dfffff
14013,8810f66f4bfffff
14014,8810f2b245fffff
14015,8810f6994dfffff
14016,8810f606cbfffff
14017,88101b6529fffff
14018,8810f469c9fffff
14019,8810f44ed5fffff
14020,8810f5c193fffff
14021,8810f5ba65fffff
14022,8810f47059fffff
14023,8810f499a7fffff
14024,8810f51903fffff
14025,8810f62a93fffff
14026,88101b4e89fffff
14027,8810f51717fffff
14028,8810f0ca33fffff
14029,8810f0c913fffff
14030,88101b453dfffff
14031,8810f68827fffff
14032,8810f51291fffff
14033,8810f6094dfffff
14034,8810f6b833fffff
14035,8810f29633fffff
14036,88101b78b1fffff
14037,8810f5512dfffff
14038,8810f29053fffff
14039,8810f542ebfffff
14040,8810f0b9d7fffff
14041,8810f5d299fffff
14042,8810f4a2ddfffff
14043,8810f69739fffff
14044,88101b0869fffff
14045,8810f5ba49fffff
14046,8810f69991fffff
14047,8810f4383dfffff
14048,88101b6e6bfffff
14049,8810a96c39fffff
14050,8810f45185fffff
14051,8810f4d465fffff
14052,8810f4a9a7fffff
14053,8810f4ca05fffff
14054,8810f481ebfffff
14055,8810f089cbfffff
14056,8810f5cf03fffff
14057,8810f62249fffff
14058,8810f6013bfffff
14059,8810f08301fffff
14060,8810f638c1fffff
14061,8810f54d47fffff
14062,8810f4ceddfffff
14063,88101b6e91fffff
14064,8810f4591dfffff
14065,8810f66eb5fffff
14066,8810a925d1fffff
14067,8810f09a4bfffff
14068,88101b7441fffff
14069,8810f40d21fffff
14070,88101b650dfffff
14071,8810f4a701fffff
14072,8810a92edbfffff
14073,8810f436b1fffff
14074,8810f68539fffff
14075,8810f43057fffff
14076,8810f6ce51fffff
14077,8810f4cd67fffff
14078,8810f08527fffff
14079,8810f5d1d9fffff
14080,8810f4a909fffff
14081,8810f6873bfffff
14082,8810f04b1dfffff
14083,88101b64b1fffff
14084,8810f0991dfffff
14085,88101b76bbfffff
14086,8810f0c0a3fffff
14087,8810f42e55fffff
14088,8810f0cb3bfffff
14089,8810f28133fffff
14090,8810f4a187fffff
14091,8810a92b25fffff
14092,8810f474adfffff
14093,8810f44195fffff
14094,88101b465dfffff
14095,8810f42635fffff
14096,8810f5d991fffff
14097,88101b7713fffff
14098,8810f5406bfffff
14099,8810f4c51bfffff
14100,8810f68895fffff
14101,8810f68459fffff
14102,8810f6240dfffff
14103,88101b7abbfffff
14104,8810f62a0dfffff
14105,8810f4c0bbfffff
14106,88101a6f03fffff
14107,8810f6a545fffff
14108,88101b2d85fffff
14109,8810f05b4bfffff
14110,8810f4acbdfffff
14111,8810f4c989fffff
14112,8810f48413fffff
14113,8810f6ac31fffff
14114,8810f4346dfffff
14115,8810f5d099fffff
14116,8810f6b22bfffff
14117,8810f598c5fffff
14118,8810f48433fffff
14119,8810f584a5fffff
14120,8810f5c535fffff
14121,8810a9a491fffff
14122,8810f698dbfffff
14123,8810f50845fffff
14124,8810f0d41bfffff
14125,8810f6b0b5fffff
14126,8810f4004dfffff
14127,8810f6b425fffff
14128,88101b7921fffff
14129,8810a9393dfffff
14130,88101b0d57fffff
14131,8810f4020bfffff
14132,8810f6819bfffff
14133,8810a92dd7fffff
14134,8810f4cb41fffff
14135,8810f6a9e7fffff
14136,8810f4ceb1fffff
14137,8810f294e9fffff
14138,8810f6b047fffff
14139,8810f2869bfffff
14140,88101b29d1fffff
14141,8810f04a27fffff
14142,8810f051d1fffff
14143,8810f542c7fffff
14144,8810a93903fffff
14145,8810f5c029fffff
14146,8810a92d69fffff
14147,8810f6a953fffff
14148,8810f09001fffff
14149,8810f6a239fffff
14150,8810f4a8e5fffff
14151,8810f0c86bfffff
14152,8810f6d5c1fffff
14153,8810f60a61fffff
14154,8810f691c1fffff
14155,8810f446c5fffff
14156,8810f498a5fffff
14157,8810f452c9fffff
14158,8810f6ce05fffff
14159,8810f4410bfffff
14160,8810a92c59fffff
14161,8810f4a1abfffff
14162,88101b7a59fffff
14163,8810f6b025fffff
14164,8810f51307fffff
14165,8810f69841fffff
14166,8810f66013fffff
14167,8810f42dd1fffff
14168,8810a96597fffff
14169,8810f4426bfffff
14170,8810f04043fffff
14171,8810f0d81bfffff
14172,8810f015ebfffff
14173,8810f58d63fffff
14174,8810f61767fffff
14175,8810f44767fffff
14176,8810f28421fffff
14177,8810a92d61fffff
14178,8810f410b7fffff
14179,8810f6d61bfffff
14180,8810f58589fffff
14181,8810f4da8bfffff
14182,8810f04b59fffff
14183,8810f42e53fffff
14184,8810f549a7fffff
14185,8810f44967fffff
14186,8810f59a4dfffff
14187,8810f6a731fffff
14188,8810f09011fffff
14189,88101b45abfffff
14190,88101b1999fffff
14191,8810f01039fffff
14192,8810f29689fffff
14193,8810f48addfffff
14194,8810f08055fffff
14195,8810f41b23fffff
14196,8810f5b961fffff
14197,88101a6e2dfffff
14198,88101b296dfffff
14199,8810f475b3fffff
14200,8810f589c9fffff
14201,8810f5591bfffff
14202,8810f54ab9fffff
14203,88101b6a45fffff
14204,8810f0c455fffff
14205,8810f4caa9fffff
14206,8810f599a7fffff
14207,8810f099a1fffff
14208,8810f0031dfffff
14209,8810f0b2e7fffff
14210,8810f54d1bfffff
14211,8810f098a5fffff
14212,8810f5d111fffff
14213,8810f6b24bfffff
14214,8810f51ab9fffff
14215,8810a96f21fffff
14216,8810f5cc91fffff
14217,8810f5c13bfffff
14218,8810f29b69fffff
14219,88101b6501fffff
14220,8810f0c187fffff
14221,8810f4a35dfffff
14222,8810f4b309fffff
14223,8810f41117fffff
14224,8810f400a1fffff
14225,8810f4b0a1fffff
14226,8810f4726dfffff
14227,8810f63861fffff
14228,8810f51207fffff
14229,88101b3b2dfffff
14230,8810f4cb4bfffff
14231,8810f50187fffff
14232,8810f0b1e3fffff
14233,8810f6255bfffff
14234,8810f620edfffff
14235,8810f6c085fffff
14236,88101b2c67fffff
14237,8810f290c7fffff
14238,8810f40265fffff
14239,8810f44423fffff
14240,8810f0b16bfffff
14241,8810f43263fffff
14242,88101b6cd3fffff
14243,8810f51569fffff
14244,88101b48adfffff
14245,8810f6c559fffff
14246,8810f6aca9fffff
14247,8810f5d187fffff
14248,8810f42d8dfffff
14249,8810f6b1e1fffff
14250,8810f0d9bbfffff
14251,8810f635d3fffff
14252,8810f4d093fffff
14253,8810f54845fffff
14254,8810f08d1bfffff
14255,8810f55a8dfffff
14256,8810f4aaa1fffff
14257,8810f42b17fffff
14258,8810f694e7fffff
14259,8810f01011fffff
14260,8810a96545fffff
14261,8810f468c5fffff
14262,8810f4d551fffff
14263,8810f6b8d9fffff
14264,8810a938c1fffff
14265,8810f29713fffff
14266,8810f62463fffff
14267,8810f63549fffff
14268,88101b4197fffff
14269,8810f58a03fffff
14270,8810f2836dfffff
14271,8810f08a0dfffff
14272,8810f28487fffff
14273,8810f6a093fffff
14274,8810a93b51fffff
14275,8810f6144dfffff
14276,8810f61a81fffff
14277,88101b4eadfffff
14278,8810f43883fffff
14279,8810f0c929fffff
14280,8810f4794dfffff
14281,8810f5c4bdfffff
14282,8810a96e2dfffff
14283,8810f0504bfffff
14284,8810a9651bfffff
14285,8810f680d7fffff
14286,8810f015e5fffff
14287,8810f0cf25fffff
14288,8810f58931fffff
14289,8810f08067fffff
14290,8810f01741fffff
14291,8810f40ecdfffff
14292,8810f68031fffff
14293,8810f0d1c9fffff
14294,8810f6ac45fffff
14295,8810f4a5d5fffff
14296,8810a92d5bfffff
14297,8810f0a24dfffff
14298,8810f40e67fffff
14299,8810f601c1fffff
14300,8810a92063fffff
14301,88101b55d7fffff
14302,8810f5d65dfffff
14303,88101b2d5bfffff
14304,8810f08e47fffff
14305,8810f0c5b5fffff
14306,88101b45e1fffff
14307,8810f60e87fffff
14308,8810f29b3bfffff
14309,8810f47513fffff
14310,8810f08045fffff
14311,8810f5c927fffff
14312,8810f6d667fffff
14313,8810f080d7fffff
14314,8810f4d095fffff
14315,8810f40a55fffff
14316,8810f4d989fffff
14317,8810f5d4c5fffff
14318,8810f55533fffff
14319,8810f4d0a9fffff
14320,8810a934abfffff
14321,8810f5ba07fffff
14322,8810f05a0bfffff
14323,8810f47b39fffff
14324,8810f61169fffff
14325,88101b29adfffff
14326,8810f44de7fffff
14327,8810f4cb6dfffff
14328,8810f0c94dfffff
14329,8810f5d459fffff
14330,8810f6b633fffff
14331,8810f50867fffff
14332,8810f47b4dfffff
14333,8810f48f61fffff
14334,8810f61a29fffff
14335,88101b4433fffff
14336,8810f08d45fffff
14337,8810f049b9fffff
14338,8810f6d8ddfffff
14339,8810f5c211fffff
14340,8810a9769bfffff
14341,8810f41097fffff
14342,8810f556edfffff
14343,8810f44293fffff
14344,8810f0c93bfffff
14345,8810f5841dfffff
14346,8810f08dd5fffff
14347,8810f68ebdfffff
14348,8810f5731dfffff
14349,8810f58f41fffff
14350,8810f420e5fffff
14351,8810f4319bfffff
14352,8810f4baa5fffff
14353,8810f66e67fffff
14354,8810f62d0bfffff
14355,88101b7601fffff
14356,8810f05a09fffff
14357,8810f4d6a1fffff
14358,8810f0513dfffff
14359,8810f5c737fffff
14360,8810f08737fffff
14361,8810f58c65fffff
14362,8810f691a7fffff
14363,8810f6a585fffff
14364,88101b6dedfffff
14365,8810f55149fffff
14366,8810f6b4dbfffff
14367,8810f68a11fffff
14368,8810f4090dfffff
14369,8810f5020bfffff
14370,8810f6095bfffff
14371,8810f63225fffff
14372,8810f6ac09fffff
14373,8810f002adfffff
14374,88101b49dbfffff
14375,8810f6a549fffff
14376,8810f42eedfffff
14377,8810f59143fffff
14378,8810f6cf4bfffff
14379,8810f585e9fffff
14380,8810f6b899fffff
14381,8810f4a54dfffff
14382,88101b003dfffff
14383,8810f40283fffff
14384,8810f699e9fffff
14385,8810f581ddfffff
14386,8810f4b1cbfffff
14387,8810f4d2ebfffff
14388,8810f406a9fffff
14389,8810f08307fffff
14390,8810f68c05fffff
14391,8810f08039fffff
14392,8810f62121fffff
14393,8810f6a915fffff
14394,8810f09631fffff
14395,8810f4d60bfffff
14396,88101b72e7fffff
14397,8810f63011fffff
14398,8810a97637fffff
14399,8810f44251fffff
14400,8810f6d825fffff
14401,8810f54ce9fffff
14402,8810f55415fffff
14403,8810f6741dfffff
14404,88101b0d89fffff
14405,8810f5cc03fffff
14406,8810f47aebfffff
14407,8810f5581bfffff
14408,8810f4c091fffff
14409,8810f2840bfffff
14410,8810f42b13fffff
14411,8810f4d645fffff
14412,8810f4b24bfffff
14413,8810a96aa7fffff
14414,8810f0c01bfffff
14415,8810f6d13bfffff
14416,8810f4d891fffff
14417,8810f6a333fffff
14418,8810f542d9fffff
14419,8810f58dcbfffff
14420,8810f4796dfffff
14421,8810a92547fffff
14422,8810f48447fffff
14423,8810f29829fffff
14424,8810f08897fffff
14425,8810f68a4dfffff
14426,8810f099d7fffff
14427,88101b4559fffff
14428,8810f5ced9fffff
14429,8810a92d49fffff
14430,8810f40d81fffff
14431,8810f499a3fffff
14432,8810f089c9fffff
14433,8810f41467fffff
14434,8810f42b2dfffff
14435,8810a93ac5fffff
14436,8810f551abfffff
14437,8810f0db21fffff
14438,8810f4cca3fffff
14439,8810f0d455fffff
14440,8810f50035fffff
14441,8810f412e3fffff
14442,8810f0d559fffff
14443,8810f6b5b7fffff
14444,8810f4584bfffff
14445,8810f4d51dfffff
14446,8810f51ad7fffff
14447,8810f6c52bfffff
14448,8810f6c5b5fffff
14449,8810f58cc9fffff
14450,8810f0cb09fffff
14451,8810f6b503fffff
14452,8810f40e87fffff
14453,8810f66a19fffff
14454,8810f44f6bfffff
14455,8810f425a7fffff
14456,8810f68527fffff
14457,8810f50f03fffff
14458,8810f51a53fffff
14459,8810f0198bfffff
14460,8810f43b05fffff
14461,8810f62addfffff
14462,8810f512e5fffff
14463,8810f0d8e3fffff
14464,8810f5d4d7fffff
14465,8810f6d0a5fffff
14466,88101b4a87fffff
14467,8810f40131fffff
14468,8810f0d51dfffff
14469,8810f686c7fffff
14470,8810f54019fffff
14471,8810f44ae1fffff
14472,8810f681bdfffff
14473,8810f54245fffff
14474,88101b05e1fffff
14475,8810f63943fffff
14476,8810f6c5adfffff
14477,88101b39a5fffff
14478,8810f544cdfffff
14479,8810f628dbfffff
14480,88101b68a1fffff
14481,8810f295b7fffff
14482,8810f4b9e5fffff
14483,8810f4da69fffff
14484,8810f54137fffff
14485,8810f6b6a7fffff
14486,8810f0cdcbfffff
14487,8810f4076dfffff
14488,8810f282c5fffff
14489,8810f43991fffff
14490,8810f4722bfffff
14491,8810f58915fffff
14492,8810f01319fffff
14493,88101b0123fffff
14494,8810f580e1fffff
14495,8810f40821fffff
14496,8810f624bdfffff
14497,88101b62b3fffff
14498,8810f6c5a7fffff
14499,8810a92401fffff
14500,88101b7109fffff
14501,8810f4d2abfffff
14502,8810f591d5fffff
14503,8810a939abfffff
14504,8810f4072dfffff
14505,8810a92939fffff
14506,8810f41489fffff
14507,8810f40ed9fffff
14508,8810f0415dfffff
14509,88101b75edfffff
14510,8810f08d3dfffff
14511,8810f28aedfffff
14512,8810a97699fffff
14513,8810f54a13fffff
14514,8810f4c1ebfffff
14515,88101b0a89fffff
14516,8810f6342bfffff
14517,8810aba43dfffff
14518,8810f68dddfffff
14519,8810f51749fffff
14520,8810f542c3fffff
14521,8810f080d3fffff
14522,8810f40c51fffff
14523,8810f470ddfffff
14524,8810f0582dfffff
14525,8810f41517fffff
14526,8810f47087fffff
14527,88101b75d3fffff
14528,88101b7761fffff
14529,8810f5136dfffff
14530,88101b61bdfffff
14531,8810f4423bfffff
14532,8810f6251dfffff
14533,8810f485dbfffff
14534,8810f68463fffff
14535,8810f6dab3fffff
14536,8810f61733fffff
14537,88101b6085fffff
14538,88101b799dfffff
14539,88101b6631fffff
14540,8810f4d827fffff
14541,8810f4c4e9fffff
14542,8810f6cf29fffff
14543,8810f2865bfffff
14544,8810f0d1b9fffff
14545,8810f016c5fffff
14546,8810f0c985fffff
14547,8810f4a12bfffff
14548,8810f62003fffff
14549,8810f05199fffff
14550,88101b626bfffff
14551,88101b7165fffff
14552,8810f6c68dfffff
14553,8810f42e07fffff
14554,8810f471a7fffff
14555,8810f5b91dfffff
14556,8810f6b145fffff
14557,8810f5183bfffff
14558,8810f0b951fffff
14559,8810f484a9fffff
14560,88101b46d9fffff
14561,8810f619ddfffff
14562,88101b4743fffff
14563,88101b765bfffff
14564,8810f590d5fffff
14565,8810f66f17fffff
14566,8810f584b1fffff
14567,8810f45001fffff
14568,8810a9628dfffff
14569,8810f0d993fffff
14570,88101b0c87fffff
14571,8810a96e69fffff
14572,8810f6c235fffff
14573,8810f29189fffff
14574,8810f099e7fffff
14575,88101b7041fffff
14576,8810f44695fffff
14577,8810f42183fffff
14578,8810f05191fffff
14579,8810f6ae51fffff
14580,8810f6861bfffff
14581,8810f5d853fffff
14582,8810f4788bfffff
14583,88101b00adfffff
14584,8810f68ee7fffff
14585,8810f628abfffff
14586,88101b0953fffff
14587,8810f44805fffff
14588,8810f0ce45fffff
14589,8810f69b01fffff
14590,8810f60ed7fffff
14591,8810f68dd3fffff
14592,8810f4a121fffff
14593,8810f4d741fffff
14594,8810f42049fffff
14595,8810f68c53fffff
14596,8810f094c5fffff
14597,8810f4353dfffff
14598,88101b6743fffff
14599,8810f42703fffff
14600,8810f0db61fffff
14601,8810aba483fffff
14602,8810f4c649fffff
14603,8810f40dddfffff
14604,8810f0ca85fffff
14605,8810f0894bfffff
14606,8810f6a9d5fffff
14607,8810f086b7fffff
14608,8810f45947fffff
14609,8810f60e9bfffff
14610,8810f414abfffff
14611,8810f6adbbfffff
14612,8810f088b7fffff
14613,8810f6a11bfffff
14614,8810f51543fffff
14615,8810f45235fffff
14616,8810f4ae25fffff
14617,8810f51929fffff
14618,8810f01ae9fffff
14619,8810f689b9fffff
14620,8810f66ea7fffff
14621,8810a96c43fffff
14622,8810f69265fffff
14623,8810f44debfffff
14624,8810f4bad3fffff
14625,8810f6a837fffff
14626,8810f47083fffff
14627,8810f6d141fffff
14628,8810f41b35fffff
14629,8810f50825fffff
14630,88101b62d3fffff
14631,8810f634ddfffff
14632,8810f44b57fffff
14633,8810a92959fffff
14634,8810f5c04dfffff
14635,8810f42ec3fffff
14636,8810f46c87fffff
14637,8810f0901dfffff
14638,8810f0d42bfffff
14639,8810f412a5fffff
14640,8810f4a9d3fffff
14641,88101b7429fffff
14642,8810f4aca5fffff
14643,88101b65c1fffff
14644,8810f0c4bbfffff
14645,8810f59989fffff
14646,8810f4531bfffff
14647,8810f09203fffff
14648,8810f08569fffff
14649,88101b4ecbfffff
14650,8810f29723fffff
14651,8810a961d9fffff
14652,8810f4adc7fffff
14653,8810f4c687fffff
14654,8810f448e1fffff
14655,8810f63017fffff
14656,8810f4aa87fffff
14657,8810f5110bfffff
14658,8810f68b0bfffff
14659,8810f04f29fffff
14660,8810f61ab7fffff
14661,88101b0da3fffff
14662,8810f6171dfffff
14663,8810f05a6bfffff
14664,88101b4ea7fffff
14665,8810f5d687fffff
14666,8810f29151fffff
14667,8810f6a4bbfffff
14668,8810f61ae1fffff
14669,8810f08b29fffff
14670,8810f5b9a5fffff
14671,8810a9392bfffff
14672,8810f099ddfffff
14673,8810f0946bfffff
14674,8810f4a0cbfffff
14675,8810f5409dfffff
14676,8810f4d635fffff
14677,8810f440dbfffff
14678,8810f4640dfffff
14679,8810f46055fffff
14680,8810f4ba35fffff
14681,8810f400e7fffff
14682,8810f08f09fffff
14683,8810f5c89dfffff
14684,8810f0c567fffff
14685,88101b6ac7fffff
14686,88101b4c07fffff
14687,8810f59253fffff
14688,8810aba6ebfffff
14689,8810f50a8dfffff
14690,8810f626e1fffff
14691,8810f0da6dfffff
14692,8810f0ca01fffff
14693,8810f5cec5fffff
14694,8810f69905fffff
14695,88101b6b25fffff
14696,8810f6c00dfffff
14697,8810f0d741fffff
14698,8810f4a2a1fffff
14699,8810a92045fffff
14700,8810f4a8b9fffff
14701,8810f080e7fffff
14702,8810f5d025fffff
14703,8810f4a231fffff
14704,8810f618a7fffff
14705,8810f43467fffff
14706,8810f4a12dfffff
14707,8810f5910dfffff
14708,88101b6d17fffff
14709,8810f4992bfffff
14710,8810f6c403fffff
14711,8810f4572dfffff
14712,8810f68357fffff
14713,8810f42ca3fffff
14714,8810f41aa7fffff
14715,8810f5c919fffff
14716,88101b19c7fffff
14717,8810f546bbfffff
14718,8810f54e6dfffff
14719,8810f4c55bfffff
14720,8810a96d43fffff
14721,8810f66529fffff
14722,8810f585b1fffff
14723,8810f6a5adfffff
14724,8810f6c309fffff
14725,8810f66e91fffff
14726,8810f5c885fffff
14727,8810f4b6bdfffff
14728,8810f62de9fffff
14729,8810f45995fffff
14730,88101b6485fffff
14731,88101b4585fffff
14732,8810f400e1fffff
14733,8810a92c67fffff
14734,8810f69947fffff
14735,8810f4d001fffff
14736,8810f4b90bfffff
14737,8810f01927fffff
14738,8810f4a59dfffff
14739,8810f502c3fffff
14740,8810f44915fffff
14741,88101b48c9fffff
14742,8810f69a23fffff
14743,8810f462ddfffff
14744,8810f46a47fffff
14745,8810a96529fffff
14746,8810f61459fffff
14747,8810f69b2bfffff
14748,8810f4b53dfffff
14749,8810f5bb23fffff
14750,8810f40f01fffff
14751,8810f441c5fffff
14752,8810f4b1a1fffff
14753,8810f58d25fffff
14754,8810f6cf0dfffff
14755,8810f011a7fffff
14756,8810f4c5a7fffff
14757,8810f5ba09fffff
14758,8810a92b6bfffff
14759,8810f5d341fffff
14760,8810f49865fffff
14761,8810f6dae1fffff
14762,8810f49963fffff
14763,8810f5ca49fffff
14764,8810f40d35fffff
14765,8810f60c99fffff
14766,8810f298c5fffff
14767,8810f48c51fffff
14768,8810f04ab1fffff
14769,88101b6aa1fffff
14770,8810f58da3fffff
14771,8810f4054dfffff
14772,8810f4cf2bfffff
14773,8810f48895fffff
14774,8810f66111fffff
14775,8810a97609fffff
14776,8810f451bbfffff
14777,8810f08b2dfffff
14778,8810f4b0c3fffff
14779,8810f6836dfffff
14780,8810f69023fffff
14781,8810f42029fffff
14782,8810f432b9fffff
14783,8810f61a47fffff
14784,8810f4485dfffff
14785,88101b6c59fffff
14786,8810f0934bfffff
14787,8810f290d3fffff
14788,88101b0c63fffff
14789,8810f0b85dfffff
14790,8810a96729fffff
14791,88101b0b23fffff
14792,88101b7011fffff
14793,8810f61227fffff
14794,8810f4713dfffff
14795,8810a92d29fffff
14796,8810f08b1bfffff
14797,8810f090dbfffff
14798,8810f588bdfffff
14799,8810f68aedfffff
14800,8810f011e9fffff
14801,8810f41aedfffff
14802,8810f4b4b9fffff
14803,8810f45081fffff
14804,8810f549bbfffff
14805,8810f08e49fffff
14806,8810f425a9fffff
14807,8810f6d43dfffff
14808,8810f62c19fffff
14809,8810f4d5b9fffff
14810,88101b6c51fffff
14811,8810f60351fffff
14812,88101b6609fffff
14813,88101b71b7fffff
14814,8810f604a7fffff
14815,8810f089a7fffff
14816,8810f4c333fffff
14817,8810f291b9fffff
14818,8810f58523fffff
14819,8810f60b59fffff
14820,88101b7959fffff
14821,8810f58551fffff
14822,8810f69527fffff
14823,8810f2861bfffff
14824,8810f478d7fffff
14825,8810f44ca5fffff
14826,8810f6b123fffff
14827,8810f0920dfffff
14828,8810f45559fffff
14829,8810f0d651fffff
14830,88101b6e2bfffff
14831,8810f295d9fffff
14832,8810f40b6dfffff
14833,8810f6394dfffff
14834,8810f5c697fffff
14835,8810f41299fffff
14836,8810f42d93fffff
14837,8810f5c481fffff
14838,8810a92691fffff
14839,8810f59941fffff
14840,8810f60599fffff
14841,8810f40aa1fffff
14842,8810f66135fffff
14843,8810f45a07fffff
14844,8810f47751fffff
14845,8810f46da9fffff
14846,8810f0b12bfffff
14847,8810f0025bfffff
14848,8810f29401fffff
14849,8810f62cd5fffff
14850,8810f4193dfffff
14851,8810f44ae9fffff
14852,88101b0d63fffff
14853,88101b4605fffff
14854,8810f66e6dfffff
14855,8810f63353fffff
14856,8810a92033fffff
14857,8810a93939fffff
14858,8810f45283fffff
14859,8810f4a811fffff
14860,8810f08f37fffff
14861,8810f45817fffff
14862,8810f50a13fffff
14863,8810f40595fffff
14864,8810a929edfffff
14865,8810a96111fffff
14866,8810f61aabfffff
14867,8810f6d21bfffff
14868,8810a965b5fffff
14869,8810f5d825fffff
14870,88101b4813fffff
14871,88101b46a3fffff
14872,8810f40911fffff
14873,8810f4b2c9fffff
14874,8810f69001fffff
14875,8810f09595fffff
14876,8810f426d1fffff
14877,8810f405edfffff
14878,8810f2958dfffff
14879,8810f011c5fffff
14880,8810f09447fffff
14881,8810f08295fffff
14882,8810f59257fffff
14883,8810f45755fffff
14884,88101b795dfffff
14885,8810f04a4bfffff
14886,8810f58f03fffff
14887,8810f4ce01fffff
14888,8810f58a3dfffff
14889,8810f0c627fffff
14890,8810f46735fffff
14891,8810f60adbfffff
14892,8810f610a9fffff
14893,8810f63811fffff
14894,8810f5c419fffff
14895,8810f4744bfffff
14896,8810a92969fffff
14897,8810f09a1dfffff
14898,88101b729dfffff
14899,8810f0c2b9fffff
14900,8810a929b5fffff
14901,8810f4b15bfffff
14902,8810f5c617fffff
14903,8810f661c1fffff
14904,8810f610ebfffff
14905,88101b6115fffff
14906,8810f44065fffff
14907,8810f5801dfffff
14908,8810f08987fffff
14909,8810f58c5bfffff
14910,8810f4a829fffff
14911,8810f46285fffff
14912,8810f46509fffff
14913,8810f4d355fffff
14914,8810a92de7fffff
14915,8810f55365fffff
14916,88101b0887fffff
14917,88101b29b7fffff
14918,8810f095b5fffff
14919,8810f59235fffff
14920,8810f58311fffff
14921,8810f6c06dfffff
14922,8810f29b07fffff
14923,8810f4c4b1fffff
14924,8810f4a989fffff
14925,8810a975e1fffff
14926,8810f0b0b5fffff
14927,8810f50885fffff
14928,8810f5722dfffff
14929,8810f4c0e7fffff
14930,8810f6d697fffff
14931,88101b4ab1fffff
14932,8810f585abfffff
14933,8810f50943fffff
14934,8810f54ad9fffff
14935,8810f5d18dfffff
14936,8810f4206dfffff
14937,8810f62101fffff
14938,8810f6149dfffff
14939,8810f44b1dfffff
14940,8810f43223fffff
14941,8810a922dbfffff
14942,8810f4c019fffff
14943,8810f40de3fffff
14944,8810f404b7fffff
14945,8810f5d213fffff
14946,8810a922b1fffff
14947,8810f66515fffff
14948,8810f6034bfffff
14949,8810f6d02bfffff
14950,8810f6d653fffff
14951,8810f04ae7fffff
14952,8810f5034dfffff
14953,8810f4c5c3fffff
14954,8810f676cbfffff
14955,8810a9648dfffff
14956,8810f5d0e5fffff
14957,8810f4b9d3fffff
14958,8810a96095fffff
14959,8810f4cf63fffff
14960,8810f47287fffff
14961,8810f6dae5fffff
14962,8810f6d74dfffff
14963,8810f0d013fffff
14964,8810f43527fffff
14965,8810a9774bfffff
14966,8810f462b7fffff
14967,88101b2de1fffff
14968,8810f5c25bfffff
14969,8810f5d6edfffff
14970,88101b54c3fffff
14971,8810f4d8e1fffff
14972,8810f6a91dfffff
14973,8810f0d16bfffff
14974,8810f5995bfffff
14975,88101b6b5bfffff
14976,8810f6ca8bfffff
14977,8810f6d561fffff
14978,8810f508a7fffff
14979,88101b5485fffff
14980,8810f6a455fffff
14981,8810f461d9fffff
14982,8810f46e55fffff
14983,8810f42b45fffff
14984,8810f68205fffff
14985,8810f41301fffff
14986,8810a966b9fffff
14987,8810f4acb1fffff
14988,8810f47617fffff
14989,8810f55707fffff
14990,8810f6d497fffff
14991,8810f638b7fffff
14992,8810f08ce5fffff
14993,8810f5d011fffff
14994,8810f0ca65fffff
14995,8810f4586dfffff
14996,8810f5133dfffff
14997,8810f294d9fffff
14998,8810f08537fffff
14999,8810f084e3fffff
15000,8810f681d7fffff
15001,8810f45621fffff
15002,8810f5b809fffff
15003,8810f4d197fffff
15004,8810f6936dfffff
15005,8810f4cf5bfffff
15006,8810f0ce3dfffff
15007,8810f6a183fffff
15008,8810f4aa57fffff
15009,8810f0d03dfffff
15010,8810f60db3fffff
15011,8810f46dcbfffff
15012,88101b6503fffff
15013,8810a961edfffff
15014,8810f45a37fffff
15015,8810f09345fffff
15016,8810f519e9fffff
15017,8810f5431dfffff
15018,8810f46039fffff
15019,8810f08a47fffff
15020,8810f428e9fffff
15021,8810f6a531fffff
15022,8810f01357fffff
15023,8810f615edfffff
15024,8810f54355fffff
15025,8810f55aa5fffff
15026,88101b0c2bfffff
15027,8810f0b267fffff
15028,8810f40033fffff
15029,8810f4d5cbfffff
15030,8810f426b5fffff
15031,8810f692a3fffff
15032,8810f512edfffff
15033,8810f0d5b5fffff
15034,8810f6a4cbfffff
15035,8810f4411bfffff
15036,88101b4461fffff
15037,88101b0c95fffff
15038,8810f470c5fffff
15039,8810f0cd61fffff
15040,8810f69731fffff
15041,8810f5c6edfffff
15042,8810f424b3fffff
15043,8810f4ba05fffff
15044,8810f6d749fffff
15045,8810f44da7fffff
15046,88101b6a59fffff
15047,8810f5c94dfffff
15048,8810f6b36dfffff
15049,8810f09a5dfffff
15050,8810f60889fffff
15051,8810f50f69fffff
15052,8810f6b8e5fffff
15053,8810f08823fffff
15054,8810f62459fffff
15055,88101b3941fffff
15056,8810a93599fffff
15057,8810f4c5cdfffff
15058,8810f61893fffff
15059,8810f0b0cdfffff
15060,8810f4445bfffff
15061,8810f45b27fffff
15062,8810f42e11fffff
15063,8810f294c1fffff
15064,8810f5d655fffff
15065,8810f0ca99fffff
15066,8810f4d40bfffff
15067,8810f6dabdfffff
15068,8810a92d25fffff
15069,8810f45251fffff
15070,8810f41985fffff
15071,8810f4a007fffff
15072,8810f518cbfffff
15073,8810f4c0d5fffff
15074,8810f43401fffff
15075,88101b7627fffff
15076,8810f474b1fffff
15077,8810f51369fffff
15078,8810f425b5fffff
15079,88101a6cb5fffff
15080,8810f59551fffff
15081,8810f6a0bdfffff
15082,8810f694b7fffff
15083,8810f434edfffff
15084,8810f59933fffff
15085,8810a92e45fffff
15086,8810f4a545fffff
15087,8810a921a9fffff
15088,88101b0ab9fffff
15089,8810f4472bfffff
15090,8810f0d70dfffff
15091,8810f41649fffff
15092,8810f55801fffff
15093,8810a92a1bfffff
15094,8810f61989fffff
15095,8810f472e1fffff
15096,8810f66e49fffff
15097,88101b475dfffff
15098,88101b4e99fffff
15099,8810f61967fffff
15100,8810f4b08dfffff
15101,8810f0d89dfffff
15102,8810f5c021fffff
15103,8810f4c907fffff
15104,8810f43ad3fffff
15105,8810f08cabfffff
15106,8810f466b3fffff
15107,8810f40155fffff
15108,8810f6c09bfffff
15109,8810f0da2dfffff
15110,8810f436e3fffff
15111,88101a6db5fffff
15112,8810f5d8d7fffff
15113,8810f0b207fffff
15114,8810f01953fffff
15115,8810f000c5fffff
15116,8810f5028dfffff
15117,8810a974ddfffff
15118,8810f01237fffff
15119,8810f42d87fffff
15120,8810f4714bfffff
15121,8810f0c997fffff
15122,88101b4d53fffff
15123,8810f04149fffff
15124,8810f48845fffff
15125,8810f472b1fffff
15126,8810f04811fffff
15127,8810a9391bfffff
15128,8810f550e3fffff
15129,8810f430b9fffff
15130,8810f60345fffff
15131,8810f6b843fffff
15132,8810f6bb43fffff
15133,8810f44cc7fffff
15134,8810f45181fffff
15135,8810f4c997fffff
15136,8810f61947fffff
15137,8810f08315fffff
15138,8810a93b19fffff
15139,8810a92757fffff
15140,8810f46365fffff
15141,8810f5946dfffff
15142,8810a92e6dfffff
15143,8810f58f49fffff
15144,8810a96cc9fffff
15145,8810f6d117fffff
15146,8810f4b98dfffff
15147,8810f54d29fffff
15148,88101b00b1fffff
15149,8810f5586dfffff
15150,8810f511edfffff
15151,8810f0b123fffff
15152,8810a975adfffff
15153,8810f57261fffff
15154,8810f29607fffff
15155,8810f0cd5dfffff
15156,8810a96a99fffff
15157,8810a974a3fffff
15158,8810a92f53fffff
15159,8810f421b7fffff
15160,8810f4d69dfffff
15161,8810f46625fffff
15162,8810f6c8d1fffff
15163,8810f28209fffff
15164,8810f6b169fffff
15165,8810f48907fffff
15166,8810a929e9fffff
15167,8810f28427fffff
15168,8810f5c741fffff
15169,8810f50f6bfffff
15170,8810f090e5fffff
15171,8810f0da91fffff
15172,8810f0b319fffff
15173,8810f448d1fffff
15174,8810f089bbfffff
15175,88101b0919fffff
15176,8810f48ac5fffff
15177,8810f549e9fffff
15178,8810a926cdfffff
15179,8810f44ec5fffff
15180,8810f0d6d1fffff
15181,8810f45953fffff
15182,8810f42ea1fffff
15183,8810f4c60bfffff
15184,8810f45231fffff
15185,88101b4a81fffff
15186,8810f422bbfffff
15187,8810f638e3fffff
15188,88101b672dfffff
15189,8810a92237fffff
15190,8810f4aa51fffff
15191,8810f6a713fffff
15192,8810f04f2dfffff
15193,8810f0d4e3fffff
15194,8810f01659fffff
15195,8810f46a91fffff
15196,8810f5c763fffff
15197,8810f6d345fffff
15198,8810f4d88bfffff
15199,88101b0147fffff
15200,8810f42345fffff
15201,8810f6a1a5fffff
15202,8810f45931fffff
15203,8810f6c5a1fffff
15204,8810f5c425fffff
15205,88101b61c7fffff
15206,8810f4259dfffff
15207,8810f5db63fffff
15208,8810f484d7fffff
15209,8810f59157fffff
15210,8810f0511bfffff
15211,8810f05ae9fffff
15212,8810f2902bfffff
15213,88101a6e15fffff
15214,8810f4ccc9fffff
15215,8810f5d893fffff
15216,8810f688c3fffff
15217,88101b79d5fffff
15218,8810f6a72dfffff
15219,8810f616b5fffff
15220,8810f5c991fffff
15221,8810f45631fffff
15222,8810f58169fffff
15223,8810a92f03fffff
15224,8810f68597fffff
15225,8810f5554dfffff
15226,8810f62163fffff
15227,8810f45753fffff
15228,88101a6d05fffff
15229,8810f2806bfffff
15230,8810f62443fffff
15231,8810f69ad7fffff
15232,8810f6af25fffff
15233,8810a939c7fffff
15234,8810f46539fffff
15235,88101b7837fffff
15236,8810f01ad5fffff
15237,8810f63845fffff
15238,8810f0831dfffff
15239,8810f5c5c5fffff
15240,8810f0b769fffff
15241,8810f66a85fffff
15242,8810f4c195fffff
15243,8810f08f67fffff
15244,8810f67443fffff
15245,8810f55091fffff
15246,8810f4bb0dfffff
15247,8810f6d52dfffff
15248,8810f04a19fffff
15249,8810f455b9fffff
15250,8810f58cc5fffff
15251,8810f6a629fffff
15252,8810f0d009fffff
15253,8810f59049fffff
15254,8810f5ba0bfffff
15255,8810f45367fffff
15256,8810f47581fffff
15257,8810f04255fffff
15258,8810f0b869fffff
15259,88101a6f0bfffff
15260,8810f45601fffff
15261,8810f451a3fffff
15262,8810f43469fffff
15263,8810f28499fffff
15264,8810f406dbfffff
15265,8810f00323fffff
15266,8810f68347fffff
15267,8810f29181fffff
15268,8810f5d0c5fffff
15269,8810f486d7fffff
15270,88101b4735fffff
15271,8810f28111fffff
15272,88101b0ccdfffff
15273,8810f405d9fffff
15274,8810f55601fffff
15275,8810f29ad9fffff
15276,8810f6021bfffff
15277,8810f50835fffff
15278,8810f6ac11fffff
15279,8810f42585fffff
15280,8810f6ab61fffff
15281,8810f0d495fffff
15282,8810f58721fffff
15283,8810f08e5dfffff
15284,8810f0980bfffff
15285,8810f48891fffff
15286,8810f6c04dfffff
15287,8810f294a5fffff
15288,8810f51935fffff
15289,8810f6011dfffff
15290,8810f0db67fffff
15291,8810f62087fffff
15292,8810f47623fffff
15293,8810f404c9fffff
15294,8810f69943fffff
15295,88101b6d47fffff
15296,8810f44b4bfffff
15297,8810f47653fffff
15298,8810f69b1bfffff
15299,8810f6a709fffff
15300,8810f41357fffff
15301,8810f4a207fffff
15302,8810a92ebbfffff
15303,8810f59b2dfffff
15304,8810f42f39fffff
15305,8810f0d953fffff
15306,88101b7241fffff
15307,8810f4ba17fffff
15308,8810f4b217fffff
15309,8810f4063dfffff
15310,8810f51b4dfffff
15311,8810f46d53fffff
15312,8810f5c01bfffff
15313,8810f54249fffff
15314,8810f58005fffff
15315,8810f28319fffff
15316,8810f58abbfffff
15317,88101b6147fffff
15318,88101b6ed3fffff
15319,8810f42d8bfffff
15320,88101a65adfffff
15321,8810f4cabdfffff
15322,8810f6b491fffff
15323,8810f542bbfffff
15324,88101b62c9fffff
15325,8810f40121fffff
15326,8810f67669fffff
15327,8810f411bdfffff
15328,8810f09b2dfffff
15329,8810f4a84dfffff
15330,8810f66519fffff
15331,8810f699c1fffff
15332,8810f63829fffff
15333,8810f01a59fffff
15334,8810f51b0dfffff
15335,8810f6b21bfffff
15336,8810f4a91dfffff
15337,8810f5428dfffff
15338,8810f461c1fffff
15339,8810f58b23fffff
15340,8810f5592bfffff
15341,88101b7b23fffff
15342,8810f591b1fffff
15343,88101b46c1fffff
15344,8810f45633fffff
15345,8810f4c431fffff
15346,8810f51addfffff
15347,8810f6a119fffff
15348,8810f5151bfffff
15349,8810f4a8e1fffff
15350,8810f0d5d5fffff
15351,8810f51723fffff
15352,8810f50f41fffff
15353,8810f406c7fffff
15354,8810f0405dfffff
15355,8810f6c295fffff
15356,8810f4b04dfffff
15357,88101b72d1fffff
15358,8810f5d68dfffff
15359,8810f439a9fffff
15360,8810a92335fffff
15361,8810f68a07fffff
15362,8810f6874bfffff
15363,8810f441ddfffff
15364,8810f0109bfffff
15365,8810f69649fffff
15366,8810f614c7fffff
15367,8810f4b617fffff
15368,8810f6173dfffff
15369,8810a9345bfffff
15370,8810f0b1c7fffff
15371,8810f612b7fffff
15372,8810f01941fffff
15373,8810f29109fffff
15374,8810f434d1fffff
15375,8810f45b51fffff
15376,8810f08839fffff
15377,8810f5d437fffff
15378,8810f0cf59fffff
15379,8810f5515bfffff
15380,8810f01465fffff
15381,8810f4d1b1fffff
15382,8810f0cf47fffff
15383,8810f6d413fffff
15384,8810f5cd47fffff
15385,8810f42301fffff
15386,8810f40dc9fffff
15387,8810f42089fffff
15388,8810f61309fffff
15389,88101b0e01fffff
15390,8810f4a5c3fffff
15391,8810f42e13fffff
15392,8810f0c9c5fffff
15393,8810f5c5edfffff
15394,8810a939a1fffff
15395,8810f42065fffff
15396,8810f5dad5fffff
15397,8810f40b37fffff
15398,8810f49b2dfffff
15399,8810f60197fffff
15400,8810f6a81dfffff
15401,8810a975ddfffff
15402,8810f4ad01fffff
15403,8810f4c527fffff
15404,8810f452e5fffff
15405,8810f4a69dfffff
15406,8810f68a55fffff
15407,88101b46bdfffff
15408,8810f62693fffff
15409,8810f0585dfffff
15410,8810f50ae5fffff
15411,8810f4d21dfffff
15412,8810f51909fffff
15413,8810f05361fffff
15414,8810f294b5fffff
15415,8810f0d6b7fffff
15416,8810f48147fffff
15417,8810f46dedfffff
15418,8810f0c0b3fffff
15419,8810f46cd5fffff
15420,8810f548b7fffff
15421,8810f58e09fffff
15422,8810f55485fffff
15423,8810f58b6dfffff
15424,8810f5cdd3fffff
15425,8810a975e9fffff
15426,8810f44959fffff
15427,8810a92a85fffff
15428,8810f612d9fffff
15429,8810f41491fffff
15430,8810f69a85fffff
15431,88101b6363fffff
15432,8810f08a81fffff
15433,8810f2b369fffff
15434,8810a92709fffff
15435,8810f44d9bfffff
15436,8810f696e5fffff
15437,8810f411c9fffff
15438,8810a961b9fffff
15439,8810f4091bfffff
15440,8810f5ba45fffff
15441,8810f4bb3dfffff
15442,8810f48a6bfffff
15443,8810f48803fffff
15444,88101a6cd7fffff
15445,8810a92c3dfffff
15446,8810f48e35fffff
15447,8810f4ae4dfffff
15448,8810f55833fffff
15449,8810f59083fffff
15450,8810f0d8dbfffff
15451,8810a92cddfffff
15452,8810f6d5c9fffff
15453,8810f5d8a5fffff
15454,8810f44c4dfffff
15455,8810a921b9fffff
15456,8810f454e1fffff
15457,8810f59247fffff
15458,88101b7509fffff
15459,88101b4499fffff
15460,8810f0c045fffff
15461,8810f44549fffff
15462,8810f54a33fffff
15463,8810f48cb7fffff
15464,8810f4cd95fffff
15465,8810f08dddfffff
15466,8810f44e8bfffff
15467,8810f08119fffff
15468,8810f63687fffff
15469,8810f68685fffff
15470,8810f29225fffff
15471,8810f0820dfffff
15472,8810f681a7fffff
15473,8810f439b1fffff
15474,8810f04913fffff
15475,8810f442c3fffff
15476,8810a92719fffff
15477,8810f0521bfffff
15478,8810f0d35bfffff
15479,8810f4741bfffff
15480,8810f4ab4bfffff
15481,8810f0c249fffff
15482,8810f54247fffff
15483,8810f42195fffff
15484,8810f5543bfffff
15485,8810f2955dfffff
15486,8810f62f0bfffff
15487,8810f28619fffff
15488,8810f04a45fffff
15489,8810f4caa7fffff
15490,8810f05259fffff
15491,88101b3825fffff
15492,8810f444c5fffff
15493,8810f4b8e7fffff
15494,88101b4653fffff
15495,8810f04885fffff
15496,8810f0c981fffff
15497,88101b56a5fffff
15498,8810f41841fffff
15499,88101b7767fffff
15500,8810aba5d9fffff
15501,8810f47aa3fffff
15502,8810f689ebfffff
15503,8810f44403fffff
15504,8810f0d911fffff
15505,8810f0cc47fffff
15506,8810f4c287fffff
15507,88101b4d2bfffff
15508,8810f68d5bfffff
15509,8810f45727fffff
15510,8810f01513fffff
15511,88101b6665fffff
15512,8810f012a7fffff
15513,8810f61997fffff
15514,88101b7507fffff
15515,8810f4c213fffff
15516,8810f05a45fffff
15517,8810f43931fffff
15518,8810f68c2dfffff
15519,88101b00cdfffff
15520,8810f4af23fffff
15521,8810f6b993fffff
15522,8810f08b25fffff
15523,8810a9288bfffff
15524,8810f6a341fffff
15525,8810a96619fffff
15526,8810f6d227fffff
15527,8810f6c4cdfffff
15528,8810f6d045fffff
15529,8810f04165fffff
15530,8810f665ebfffff
15531,8810f4d763fffff
15532,88101b7289fffff
15533,8810a9214dfffff
15534,8810f29665fffff
15535,8810f40015fffff
15536,8810f6ad87fffff
15537,8810f42b5bfffff
15538,8810f0d21bfffff
15539,8810f08d23fffff
15540,8810f51555fffff
15541,8810f08423fffff
15542,8810f4daebfffff
15543,8810f46b1bfffff
15544,8810f5811bfffff
15545,8810f43139fffff
15546,8810f0c4c9fffff
15547,8810a9253bfffff
15548,8810f639c7fffff
15549,8810f434a9fffff
15550,8810f092c3fffff
15551,8810f4d025fffff
15552,8810f508e7fffff
15553,8810f29a89fffff
15554,8810f5cd35fffff
15555,8810f67483fffff
15556,8810a96297fffff
15557,8810f6134dfffff
15558,8810f6866bfffff
15559,8810f29a85fffff
15560,8810f4a365fffff
15561,8810f4a851fffff
15562,8810f0872dfffff
15563,88101b4f1bfffff
15564,8810f2995dfffff
15565,8810f5920dfffff
15566,8810f44c81fffff
15567,8810f68a47fffff
15568,8810f4129bfffff
15569,88101b0d43fffff
15570,8810f61629fffff
15571,88101b7969fffff
15572,88101b7035fffff
15573,8810f2810dfffff
15574,8810f41145fffff
15575,88101b4e53fffff
15576,8810f04b43fffff
15577,8810aba695fffff
15578,8810f46839fffff
15579,8810f68cedfffff
15580,8810f40edbfffff
15581,8810f62231fffff
15582,8810f44b39fffff
15583,8810f589a5fffff
15584,8810f4a011fffff
15585,8810f4cd63fffff
15586,8810f4674dfffff
15587,8810f63a0bfffff
15588,8810f6d48bfffff
15589,88101b7657fffff
15590,8810f6835dfffff
15591,8810f4281bfffff
15592,8810a96de3fffff
15593,88101b4ea1fffff
15594,8810f0513bfffff
15595,88101b0891fffff
15596,8810f40ae7fffff
15597,8810f4310bfffff
15598,88101b458bfffff
15599,8810f4686bfffff
15600,8810f0d19bfffff
15601,8810f55819fffff
15602,8810f50f29fffff
15603,8810f5c127fffff
15604,8810f47827fffff
15605,8810a97423fffff
15606,8810f6308bfffff
15607,8810f4d6c9fffff
15608,8810f002b1fffff
15609,8810f5c82dfffff
15610,8810f08425fffff
15611,8810f08db7fffff
15612,8810f41ab7fffff
15613,8810f428bdfffff
15614,8810f555cbfffff
15615,8810a92765fffff
15616,8810f4ab25fffff
15617,8810f0ccb3fffff
15618,8810f404d3fffff
15619,8810aba4e5fffff
15620,8810f0b9adfffff
15621,8810f00241fffff
15622,8810f45119fffff
15623,8810f55949fffff
15624,8810f4a093fffff
15625,8810a96491fffff
15626,8810f6a541fffff
15627,8810f47a21fffff
15628,8810f43303fffff
15629,8810f42a23fffff
15630,8810f43199fffff
15631,88101b6313fffff
15632,8810f0c501fffff
15633,8810a92505fffff
15634,8810f46dd9fffff
15635,8810f635abfffff
15636,8810f46a37fffff
15637,8810f6d5b1fffff
15638,88101b7513fffff
15639,8810f0da2bfffff
15640,8810f4b8d1fffff
15641,8810f6d611fffff
15642,8810f5ba6bfffff
15643,8810f6b823fffff
15644,8810f08f65fffff
15645,8810f42b67fffff
15646,8810f4a71dfffff
15647,8810f4c80dfffff
15648,8810f559b5fffff
15649,8810f0943dfffff
15650,8810f48121fffff
15651,8810f6b50bfffff
15652,8810f50163fffff
15653,8810f63711fffff
15654,8810f4740bfffff
15655,8810f554e1fffff
15656,8810f6b661fffff
15657,8810f4aac9fffff
15658,8810f29521fffff
15659,88101b05e7fffff
15660,8810f6a369fffff
15661,8810f4a713fffff
15662,8810f09641fffff
15663,8810f6d447fffff
15664,8810f508ddfffff
15665,8810f6c4b5fffff
15666,8810f0c8d7fffff
15667,8810f092ebfffff
15668,8810f056e9fffff
15669,8810f63143fffff
15670,8810f6a831fffff
15671,8810f6bb6bfffff
15672,8810f63989fffff
15673,8810f44715fffff
15674,8810f4adadfffff
15675,8810f09097fffff
15676,8810f69585fffff
15677,8810f44c0dfffff
15678,8810f634c7fffff
15679,8810f4628bfffff
15680,8810a92d4dfffff
15681,8810f5d331fffff
15682,8810f50a67fffff
15683,8810f0498bfffff
15684,8810f67487fffff
15685,8810f28095fffff
15686,8810f40511fffff
15687,8810f6ab03fffff
15688,8810f551bbfffff
15689,8810f426c7fffff
15690,8810f4564bfffff
15691,8810f400adfffff
15692,8810f08321fffff
15693,8810f51ae7fffff
15694,8810f058b7fffff
15695,8810f4b327fffff
15696,8810f09113fffff
15697,8810f61731fffff
15698,8810f28549fffff
15699,8810f43003fffff
15700,88101b6767fffff
15701,8810f58b49fffff
15702,8810f05255fffff
15703,88101b4617fffff
15704,8810f4512bfffff
15705,8810f4a435fffff
15706,8810a96f61fffff
15707,8810f51321fffff
15708,8810a921d1fffff
15709,8810f415e5fffff
15710,8810f462c9fffff
15711,8810a92b61fffff
15712,8810f0cf5bfffff
15713,8810f6024dfffff
15714,8810f5180dfffff
15715,88101a6c5bfffff
15716,8810f54229fffff
15717,8810f42459fffff
15718,8810f43acbfffff
15719,8810f485b9fffff
15720,8810f4ab45fffff
15721,8810f5cc3bfffff
15722,8810f0d589fffff
15723,88101b4593fffff
15724,8810f58807fffff
15725,8810f4cf27fffff
15726,8810f44911fffff
15727,8810aba6e7fffff
15728,88101b08b7fffff
15729,8810f08433fffff
15730,8810f4d201fffff
15731,8810f4aa83fffff
15732,8810f4cab9fffff
15733,8810f5d9cdfffff
15734,8810f5bb6dfffff
15735,8810f0c211fffff
15736,8810f0b247fffff
15737,8810f4d18dfffff
15738,8810f690b9fffff
15739,8810f58ed1fffff
15740,8810f408e1fffff
15741,8810f6925bfffff
15742,8810f612c1fffff
15743,8810f475b5fffff
15744,8810f50333fffff
15745,8810f54d5dfffff
15746,8810a9740dfffff
15747,8810f48c15fffff
15748,8810f6d813fffff
15749,8810f00207fffff
15750,8810f0b011fffff
15751,8810f29051fffff
15752,8810f582abfffff
15753,8810f54817fffff
15754,8810f400edfffff
15755,8810f544d1fffff
15756,8810f66597fffff
15757,8810f41763fffff
15758,8810f4aad7fffff
15759,8810f5db49fffff
15760,8810f6ac83fffff
15761,8810f0189bfffff
15762,8810f04361fffff
15763,8810f0d415fffff
15764,8810f476d3fffff
15765,8810f51029fffff
15766,8810f4c15bfffff
15767,8810f489c1fffff
15768,8810f0b929fffff
15769,8810f47031fffff
15770,8810f62f33fffff
15771,8810f46e9dfffff
15772,8810f46d21fffff
15773,8810f6b085fffff
15774,88101b6ad1fffff
15775,8810f4868dfffff
15776,8810f4a997fffff
15777,8810f5d46dfffff
15778,8810f6c5e5fffff
15779,8810f0ab51fffff
15780,8810a966a5fffff
15781,88101b6d13fffff
15782,8810f5cdb3fffff
15783,8810f476b3fffff
15784,8810f665a7fffff
15785,8810f0d737fffff
15786,8810f692d3fffff
15787,8810f40e21fffff
15788,8810f62ca9fffff
15789,8810f2b239fffff
15790,8810f6b4e5fffff
15791,8810f685ebfffff
15792,8810f016b9fffff
15793,8810a92ec3fffff
15794,8810f55861fffff
15795,8810f57305fffff
15796,8810f5506dfffff
15797,8810a934e3fffff
15798,8810f4754dfffff
15799,8810f4dad1fffff
15800,8810f61589fffff
15801,8810f00095fffff
15802,8810f0cb25fffff
15803,8810f4af47fffff
15804,88101b781bfffff
15805,8810f58a23fffff
15806,8810f4b619fffff
15807,8810f502b9fffff
15808,8810f4d119fffff
15809,8810f05651fffff
15810,8810f09305fffff
15811,8810f4b539fffff
15812,88101b4661fffff
15813,8810f5c0d1fffff
15814,8810f62c6dfffff
15815,8810f5b95bfffff
15816,8810f095e3fffff
15817,8810a96ea1fffff
15818,8810f4c1e9fffff
15819,8810f6ae99fffff
15820,8810f689ddfffff
15821,8810aba41dfffff
15822,8810f05845fffff
15823,8810f42dbbfffff
15824,8810f55b43fffff
15825,8810f44d95fffff
15826,8810f47851fffff
15827,8810f6b11dfffff
15828,8810f4396dfffff
15829,8810f290c9fffff
15830,8810f556b9fffff
15831,88101b2da1fffff
15832,8810a92a69fffff
15833,8810f29235fffff
15834,8810a9266bfffff
15835,8810a92a49fffff
15836,8810f47127fffff
15837,8810f5cd31fffff
15838,8810f68d3dfffff
15839,8810f5c629fffff
15840,8810f0c125fffff
15841,8810f098dbfffff
15842,8810f630c3fffff
15843,8810f0d023fffff
15844,8810f61329fffff
15845,8810f4bb49fffff
15846,8810f4b653fffff
15847,8810f55309fffff
15848,8810f6c337fffff
15849,8810f59ab9fffff
15850,8810f68c31fffff
15851,8810f405a1fffff
15852,8810f44e21fffff
15853,8810f48d6dfffff
15854,8810f61ac5fffff
15855,8810f09411fffff
15856,8810f4d6c3fffff
15857,8810f41925fffff
15858,88101b4557fffff
15859,8810f6c6cdfffff
15860,8810f0ca43fffff
15861,8810f4574dfffff
15862,8810f42cadfffff
15863,8810f546a5fffff
15864,8810f62483fffff
15865,8810f4cc83fffff
15866,8810f08a37fffff
15867,8810f43049fffff
15868,8810f591c9fffff
15869,8810a92207fffff
15870,8810a93893fffff
15871,8810f50815fffff
15872,88101b0b2dfffff
15873,8810f54401fffff
15874,8810f0421dfffff
15875,8810f6214bfffff
15876,8810f0b32dfffff
15877,8810f6d531fffff
15878,8810a92b4bfffff
15879,8810a928b3fffff
15880,8810f42a81fffff
15881,8810f4010bfffff
15882,8810f4d2d9fffff
15883,8810f40699fffff
15884,8810f6b54bfffff
15885,8810a924d7fffff
15886,8810f6a0a3fffff
15887,8810f616e9fffff
15888,8810f60333fffff
15889,8810f2b20dfffff
15890,8810f50f0bfffff
15891,8810f42a8dfffff
15892,8810f68c61fffff
15893,8810f6b70bfffff
15894,8810f44035fffff
15895,8810f630e5fffff
15896,8810a93a17fffff
15897,8810f4ac5bfffff
15898,8810f42001fffff
15899,8810f0d105fffff
15900,8810f590cdfffff
15901,8810f04f3dfffff
15902,8810f552c1fffff
15903,8810f591c1fffff
15904,8810f40e23fffff
15905,8810f08b3bfffff
15906,8810f69937fffff
15907,8810a96557fffff
15908,8810f4246bfffff
15909,8810f46553fffff
15910,8810f4b039fffff
15911,8810f62c4bfffff
15912,8810f46f51fffff
15913,8810f4b907fffff
15914,8810f58c89fffff
15915,8810f29489fffff
15916,8810f0480bfffff
15917,8810f51613fffff
15918,8810f6d499fffff
15919,8810f6ccb9fffff
15920,8810f4aa93fffff
15921,8810f4d6cdfffff
15922,8810f44ed7fffff
15923,88101b0157fffff
15924,88101b626dfffff
15925,8810f40dcbfffff
15926,8810f474cbfffff
15927,8810f4cdc9fffff
15928,8810f66a93fffff
15929,8810f43031fffff
15930,8810f40a21fffff
15931,8810f294abfffff
15932,8810f46001fffff
15933,8810f69925fffff
15934,8810f448a9fffff
15935,8810f69719fffff
15936,8810f698edfffff
15937,8810f05a1dfffff
15938,8810f481abfffff
15939,8810f68099fffff
15940,8810f01a51fffff
15941,88101b45c3fffff
15942,8810f6c027fffff
15943,8810f59a65fffff
15944,8810f68187fffff
15945,88101b48b5fffff
15946,8810a92581fffff
15947,8810f04a95fffff
15948,8810f634a1fffff
15949,8810f4c43bfffff
15950,8810f47663fffff
15951,8810f0c695fffff
15952,88101b6497fffff
15953,8810f68ad9fffff
15954,8810f0c505fffff
15955,8810f69485fffff
15956,8810f54e29fffff
15957,8810f589cbfffff
15958,8810f5d529fffff
15959,8810f09189fffff
15960,8810f4a727fffff
15961,8810f6b1a5fffff
15962,8810f471d9fffff
15963,8810f6956dfffff
15964,8810f5dacdfffff
15965,8810f6ab59fffff
15966,8810f469bbfffff
15967,8810f468d7fffff
15968,88101b6813fffff
15969,8810a921ebfffff
15970,8810f6185dfffff
15971,8810f2b215fffff
15972,8810f28443fffff
15973,8810f40cb1fffff
15974,8810f46e49fffff
15975,8810a960ebfffff
15976,8810f08e39fffff
15977,8810f61431fffff
15978,8810f4b4b5fffff
15979,8810f4a81bfffff
15980,8810a968ebfffff
15981,8810f44063fffff
15982,8810f6c739fffff
15983,8810f58c8bfffff
15984,8810f409a1fffff
15985,8810f6b16bfffff
15986,8810f6d81bfffff
15987,8810f4c141fffff
15988,8810a92eb7fffff
15989,8810f42a69fffff
15990,8810f5c14bfffff
15991,8810f6d16bfffff
15992,88101b662bfffff
15993,8810f01527fffff
15994,8810f4cd53fffff
15995,8810a97415fffff
15996,8810f44e53fffff
15997,8810f55a21fffff
15998,8810f5da35fffff
15999,8810a92005fffff
16000,8810a96e41fffff
16001,8810f4b911fffff
16002,8810f472e5fffff
16003,8810f4cb69fffff
16004,8810f501a5fffff
16005,8810f6aae1fffff
16006,8810f40a4dfffff
16007,8810f5495bfffff
16008,8810f6d685fffff
16009,8810f4da11fffff
16010,8810f28425fffff
16011,88101b743bfffff
16012,8810f46833fffff
16013,8810f51295fffff
16014,8810f08687fffff
16015,8810f68ce1fffff
16016,8810f420ddfffff
16017,8810a97687fffff
16018,8810f6cc97fffff
16019,8810f0ca6dfffff
16020,8810f4a583fffff
16021,8810f54ab1fffff
16022,8810f5c847fffff
16023,8810f410e3fffff
16024,88101b3b65fffff
16025,8810f464c3fffff
16026,88101b05cdfffff
16027,8810a97693fffff
16028,8810a962edfffff
16029,8810f40765fffff
16030,8810f5cc47fffff
16031,8810a934b7fffff
16032,8810f0846bfffff
16033,8810f5092bfffff
16034,8810f4dac7fffff
16035,8810f090d5fffff
16036,8810f04167fffff
16037,8810f40e2bfffff
16038,8810a939b1fffff
16039,8810f4d48dfffff
16040,8810f6ce49fffff
16041,8810f58f2bfffff
16042,8810a96f55fffff
16043,8810f405e3fffff
16044,8810f5116bfffff
16045,8810f4a5e9fffff
16046,8810f2943dfffff
16047,8810f46c99fffff
16048,8810f47691fffff
16049,8810f436a3fffff
16050,8810f05ad9fffff
16051,88101b7423fffff
16052,8810f43143fffff
16053,8810f050b3fffff
16054,8810f51811fffff
16055,8810f488bdfffff
16056,8810f60b6bfffff
16057,8810f088adfffff
16058,8810f04b57fffff
16059,8810f44f53fffff
16060,8810f5d4d3fffff
16061,8810f298c1fffff
16062,8810f63027fffff
16063,8810f43ab9fffff
16064,88101b6cc5fffff
16065,8810f681c9fffff
16066,8810f50b0bfffff
16067,8810f4482dfffff
16068,8810f47417fffff
16069,88101b69c3fffff
16070,8810f48b23fffff
16071,8810f28057fffff
16072,8810f46e43fffff
16073,8810f6c059fffff
16074,8810f61727fffff
16075,8810f6170bfffff
16076,8810f63749fffff
16077,8810f50b03fffff
16078,8810f4b8e1fffff
16079,8810f6a763fffff
16080,8810f55313fffff
16081,8810a9252dfffff
16082,8810f42c67fffff
16083,8810f052c7fffff
16084,8810f08ce3fffff
16085,88101b68b9fffff
16086,8810f28013fffff
16087,8810f452d7fffff
16088,88101b0dcdfffff
16089,8810f6a735fffff
16090,8810f0836bfffff
16091,8810f5ba25fffff
16092,8810f55649fffff
16093,8810f479ebfffff
16094,8810f44cdbfffff
16095,8810f0da5bfffff
16096,8810a922e5fffff
16097,8810f092e1fffff
16098,8810f4062dfffff
16099,8810f6648dfffff
16100,8810f4490dfffff
16101,8810f08163fffff
16102,8810f48e8dfffff
16103,8810f54219fffff
16104,8810f0bb23fffff
16105,8810f4d08dfffff
16106,8810f47493fffff
16107,8810f6c689fffff
16108,8810f0d497fffff
16109,8810f541adfffff
16110,8810f68103fffff
16111,8810f43945fffff
16112,8810f55201fffff
16113,8810f6344dfffff
16114,8810f57315fffff
16115,8810f6a595fffff
16116,8810f50ac7fffff
16117,8810f0172bfffff
16118,8810f6d8e9fffff
16119,88101b0f07fffff
16120,8810f29107fffff
16121,8810f08953fffff
16122,8810f68691fffff
16123,8810f50939fffff
16124,8810f48cbdfffff
16125,8810f69093fffff
16126,8810f6cc65fffff
16127,8810f4742dfffff
16128,8810f426dbfffff
16129,8810f5ce57fffff
16130,88101b2837fffff
16131,8810f42cb7fffff
16132,8810f0d453fffff
16133,8810f4cd13fffff
16134,8810f01205fffff
16135,8810f405e7fffff
16136,8810f4c459fffff
16137,8810f54e4bfffff
16138,8810f462edfffff
16139,8810f424e1fffff
16140,88101b0923fffff
16141,8810f00549fffff
16142,8810f47ae1fffff
16143,8810f44a05fffff
16144,8810f4b64dfffff
16145,8810f685d1fffff
16146,8810f4618bfffff
16147,8810f43085fffff
16148,8810f05993fffff
16149,8810f585a5fffff
16150,8810f0950bfffff
16151,8810f04959fffff
16152,8810f68153fffff
16153,8810f45401fffff
16154,8810f0898dfffff
16155,8810f299e1fffff
16156,8810f44249fffff
16157,8810f0b0e5fffff
16158,88101b0b43fffff
16159,8810f08b13fffff
16160,8810a92293fffff
16161,8810aba627fffff
16162,8810f42711fffff
16163,8810f5d693fffff
16164,8810f63033fffff
16165,8810f5c437fffff
16166,8810f63419fffff
16167,8810f58241fffff
16168,88101b7161fffff
16169,8810f4ca6bfffff
16170,8810a97681fffff
16171,8810f66c97fffff
16172,8810f5c85dfffff
16173,88101b70ebfffff
16174,8810f601adfffff
16175,8810f591e1fffff
16176,8810a9749dfffff
16177,8810f690c7fffff
16178,8810f6903dfffff
16179,8810f6893bfffff
16180,8810aba5c9fffff
16181,8810f6d6bdfffff
16182,8810f4101bfffff
16183,8810f6c2c9fffff
16184,8810f501b5fffff
16185,8810f474a3fffff
16186,8810f555bdfffff
16187,8810f4ccabfffff
16188,8810f01931fffff
16189,8810f46439fffff
16190,8810f0db6bfffff
16191,8810f54d03fffff
16192,8810f5593dfffff
16193,8810f080a9fffff
16194,8810f452c7fffff
16195,8810f509b9fffff
16196,8810f4d527fffff
16197,88101b4ce7fffff
16198,8810f08db5fffff
16199,8810f4c839fffff
16200,8810f4c4c7fffff
16201,8810f606d7fffff
16202,8810f29763fffff
16203,8810f01537fffff
16204,8810f439e3fffff
16205,8810f69a15fffff
16206,8810f29b0bfffff
16207,8810f05ac1fffff
16208,8810f4a0edfffff
16209,8810aba62bfffff
16210,8810f6d35dfffff
16211,8810f5c31dfffff
16212,8810f424ddfffff
16213,8810f6a1e7fffff
16214,8810f58eddfffff
16215,8810f435a3fffff
16216,8810f435e1fffff
16217,88101b753bfffff
16218,8810f04a17fffff
16219,8810f62253fffff
16220,8810f47ab3fffff
16221,8810f0aa49fffff
16222,8810f5c489fffff
16223,8810f28695fffff
16224,8810f05619fffff
16225,88101b6121fffff
16226,8810f4d205fffff
16227,8810f4babbfffff
16228,8810a96abdfffff
16229,8810f45b21fffff
16230,8810f09217fffff
16231,8810f414b7fffff
16232,8810f41607fffff
16233,88101b46a5fffff
16234,8810a97453fffff
16235,8810f4848bfffff
16236,8810f4c69bfffff
16237,8810a9216bfffff
16238,8810f5921dfffff
16239,8810f0995bfffff
16240,88101b6aedfffff
16241,8810f55303fffff
16242,8810f66323fffff
16243,8810f29065fffff
16244,8810f42f45fffff
16245,8810f0d193fffff
16246,8810a96645fffff
16247,8810f0d8e5fffff
16248,8810f686d5fffff
16249,8810f57323fffff
16250,8810f0c515fffff
16251,8810f4b8b7fffff
16252,8810f08683fffff
16253,8810f44c47fffff
16254,8810f4b8d7fffff
16255,8810a961abfffff
16256,8810f510a1fffff
16257,8810f63617fffff
16258,8810f29a8dfffff
16259,8810f5035bfffff
16260,8810a92ec9fffff
16261,88101b773dfffff
16262,8810f5881dfffff
16263,8810f63b15fffff
16264,8810f61465fffff
16265,8810f6b8ebfffff
16266,8810f664cdfffff
16267,8810f6b25dfffff
16268,8810f4521bfffff
16269,8810f50a05fffff
16270,8810f0d207fffff
16271,8810f2b26bfffff
16272,8810f4aab7fffff
16273,8810f42b65fffff
16274,88101b0187fffff
16275,88101b7b63fffff
16276,8810f62c83fffff
16277,8810f0d513fffff
16278,8810f55a29fffff
16279,8810f6a981fffff
16280,8810f611cbfffff
16281,8810f00341fffff
16282,8810f4a2c3fffff
16283,8810f6a2e9fffff
16284,8810f6b141fffff
16285,8810f42ec5fffff
16286,8810f291bdfffff
16287,8810f09035fffff
16288,8810a96719fffff
16289,8810f5c855fffff
16290,8810f0c44bfffff
16291,8810f550dbfffff
16292,8810a92145fffff
16293,8810f4c631fffff
16294,8810f42ed9fffff
16295,8810f0922bfffff
16296,8810f4c149fffff
16297,8810f58e99fffff
16298,8810f556a5fffff
16299,8810f63227fffff
16300,8810f6d6dbfffff
16301,8810f2913bfffff
16302,88101b605bfffff
16303,8810f6b84bfffff
16304,8810f59a11fffff
16305,8810a92c1bfffff
16306,8810f676bbfffff
16307,8810f62045fffff
16308,8810f05b65fffff
16309,8810f404c1fffff
16310,8810f63123fffff
16311,8810f614d9fffff
16312,8810f5cdd5fffff
16313,8810f28a55fffff
16314,88101b7955fffff
16315,8810f43985fffff
16316,8810f626d3fffff
16317,8810f558cbfffff
16318,8810f58541fffff
16319,8810f5d4bbfffff
16320,8810f01899fffff
16321,8810f40067fffff
16322,8810f63b2dfffff
16323,8810a96e43fffff
16324,8810f4432bfffff
16325,8810f6b941fffff
16326,8810f47839fffff
16327,8810f69933fffff
16328,8810f092b5fffff
16329,8810f58a6bfffff
16330,8810f48b59fffff
16331,8810f4694dfffff
16332,8810f0483dfffff
16333,8810f54881fffff
16334,8810f6c009fffff
16335,88101b0f55fffff
16336,8810f0b955fffff
16337,8810f69b29fffff
16338,8810f40e3dfffff
16339,8810f684b1fffff
16340,8810f4ce3bfffff
16341,8810f685cbfffff
16342,8810f4aea9fffff
16343,8810f08d55fffff
16344,8810f28089fffff
16345,8810f51a23fffff
16346,8810f45721fffff
16347,8810f4d23dfffff
16348,8810f601b3fffff
16349,8810f59611fffff
16350,8810a976a1fffff
16351,8810f0cf17fffff
16352,8810f5c687fffff
16353,8810f0935dfffff
16354,88101b0b65fffff
16355,8810f4b99bfffff
16356,8810f681b7fffff
16357,8810f0531dfffff
16358,8810f295bdfffff
16359,8810f6a607fffff
16360,8810f05aa5fffff
16361,8810f6a635fffff
16362,8810f09253fffff
16363,8810f5442dfffff
16364,8810f62a5bfffff
16365,8810f4b5a3fffff
16366,8810f2805dfffff
16367,8810f63487fffff
16368,8810f47b03fffff
16369,8810f5100dfffff
16370,8810f62641fffff
16371,8810f42101fffff
16372,88101b6551fffff
16373,8810f0169dfffff
16374,88101b6855fffff
16375,8810f54237fffff
16376,8810f62e1bfffff
16377,8810f62a83fffff
16378,8810f4c181fffff
16379,8810f05507fffff
16380,8810f4b04bfffff
16381,88101b49a5fffff
16382,8810f5510bfffff
16383,8810f68c87fffff
16384,8810a924d9fffff
16385,8810aba401fffff
16386,8810f0da9dfffff
16387,8810f0c959fffff
16388,8810f291c3fffff
16389,8810f461bbfffff
16390,8810f4c83bfffff
16391,8810f4b73bfffff
16392,8810f41029fffff
16393,8810f5cc07fffff
16394,8810f58889fffff
16395,8810f6c31bfffff
16396,88101a6c3bfffff
16397,8810f541b9fffff
16398,8810a96259fffff
16399,8810f0b06bfffff
16400,8810f0133dfffff
16401,8810f4c06dfffff
16402,8810a93a07fffff
16403,8810f4169dfffff
16404,8810f01a1dfffff
16405,8810f58f4bfffff
16406,8810f4a041fffff
16407,8810f58e69fffff
16408,8810f6208dfffff
16409,8810f47695fffff
16410,8810f019e5fffff
16411,8810f5c6a3fffff
16412,8810f0d233fffff
16413,8810f6a23bfffff
16414,8810f090e7fffff
16415,8810f4ca43fffff
16416,8810f41b13fffff
16417,8810f61193fffff
16418,8810f60493fffff
16419,8810f4003dfffff
16420,8810f4c0ebfffff
16421,8810f6aec5fffff
16422,8810f68299fffff
16423,8810f6c4a9fffff
16424,8810f682a1fffff
16425,8810f57321fffff
16426,8810f46f09fffff
16427,8810f40f1dfffff
16428,8810f4d541fffff
16429,88101b0e27fffff
16430,8810f68603fffff
16431,8810f0b221fffff
16432,8810f625c7fffff
16433,8810f40c4dfffff
16434,8810f44313fffff
16435,8810f68e1dfffff
16436,8810f44565fffff
16437,8810f51755fffff
16438,8810f0c283fffff
16439,8810f6aca3fffff
16440,8810f4aa65fffff
16441,8810a960c3fffff
16442,8810f4da37fffff
16443,8810f43193fffff
16444,8810f47a03fffff
16445,8810f6b961fffff
16446,8810f01451fffff
16447,8810f6a357fffff
16448,8810f0d58bfffff
16449,8810f0d625fffff
16450,8810f6c233fffff
16451,88101b7823fffff
16452,8810f62a1bfffff
16453,8810f636a3fffff
16454,8810f6a64bfffff
16455,8810f4d0e3fffff
16456,8810f28731fffff
16457,88101b0151fffff
16458,8810f29207fffff
16459,8810f4c259fffff
16460,8810f6b18bfffff
16461,8810f46ee5fffff
16462,8810f42307fffff
16463,8810f598c7fffff
16464,8810f0425dfffff
16465,8810f66eadfffff
16466,8810f54591fffff
16467,8810f5b941fffff
16468,8810f6354dfffff
16469,8810f0512bfffff
16470,8810f68507fffff
16471,8810f60947fffff
16472,8810f40d9dfffff
16473,8810f085b1fffff
16474,8810f4ba85fffff
16475,8810f43565fffff
16476,8810f47225fffff
16477,8810f5cf09fffff
16478,8810f43987fffff
16479,8810f541ebfffff
16480,8810f46803fffff
16481,8810f591dbfffff
16482,8810f4a2ebfffff
16483,8810f63517fffff
16484,8810f40869fffff
16485,8810f4312dfffff
16486,8810f684a7fffff
16487,8810f46993fffff
16488,8810f08d49fffff
16489,8810f511b5fffff
16490,8810aba4c3fffff
16491,88101b6651fffff
16492,8810f46dc1fffff
16493,8810f4a9e9fffff
16494,88101a6ee5fffff
16495,8810f665c5fffff
16496,8810f40a03fffff
16497,8810f674c7fffff
16498,8810f04a63fffff
16499,8810f5cdddfffff
16500,8810f05133fffff
16501,88101b6023fffff
16502,8810f6a2c1fffff
16503,8810f43581fffff
16504,8810f46003fffff
16505,8810a929c9fffff
16506,8810f05147fffff
16507,8810a961e9fffff
16508,8810f43421fffff
16509,8810f6885bfffff
16510,8810f2950dfffff
16511,8810f48909fffff
16512,8810f4aa07fffff
16513,8810a96d0dfffff
16514,8810f68cb7fffff
16515,8810f63a69fffff
16516,8810a939bdfffff
16517,8810f6ab25fffff
16518,8810f6a749fffff
16519,8810f68999fffff
16520,8810f050b9fffff
16521,8810f50b5dfffff
16522,8810f62245fffff
16523,88101b7095fffff
16524,8810f54989fffff
16525,8810f0881dfffff
16526,8810f4aa61fffff
16527,88101b2dabfffff
16528,8810f408a3fffff
16529,8810f5d45dfffff
16530,8810f66e07fffff
16531,8810f6c03bfffff
16532,8810f442a7fffff
16533,8810f661e3fffff
16534,88101b7a47fffff
16535,8810f0b107fffff
16536,8810f545dbfffff
16537,8810f59349fffff
16538,8810f4c731fffff
16539,8810f4b105fffff
16540,8810a96603fffff
16541,88101b7587fffff
16542,8810f0baddfffff
16543,8810f098ebfffff
16544,8810f445ddfffff
16545,8810f68231fffff
16546,88101b4547fffff
16547,8810f08a85fffff
16548,8810f63b65fffff
16549,8810f0583bfffff
16550,8810a93809fffff
16551,8810f0d653fffff
16552,8810f298e5fffff
16553,8810f6b259fffff
16554,8810f08901fffff
16555,8810f5cb21fffff
16556,8810f59315fffff
16557,8810f62c41fffff
16558,8810a96f2dfffff
16559,8810f661bbfffff
16560,8810f5c1e7fffff
16561,8810f6241bfffff
16562,8810f46021fffff
16563,8810f0d9e9fffff
16564,8810a92f39fffff
16565,8810f6ba09fffff
16566,8810f622d5fffff
16567,8810f54c13fffff
16568,88101b051dfffff
16569,8810f54ae3fffff
16570,8810a96659fffff
16571,88101b0b19fffff
16572,8810f66093fffff
16573,8810f44361fffff
16574,8810f08545fffff
16575,8810f5cc9bfffff
16576,8810f4ce49fffff
16577,8810f098bdfffff
16578,8810f091d9fffff
16579,8810f4c5ebfffff
16580,8810f6d511fffff
16581,8810f0b2e5fffff
16582,8810f49a35fffff
16583,8810a92eb1fffff
16584,8810f6d425fffff
16585,8810f68e45fffff
16586,8810f40105fffff
16587,8810f488c9fffff
16588,8810f55b35fffff
16589,8810f6ac59fffff
16590,8810f45845fffff
16591,8810f614a3fffff
16592,8810f40c35fffff
16593,8810f4bad7fffff
16594,8810f5c045fffff
16595,8810f436a1fffff
16596,8810a97491fffff
16597,8810f5d249fffff
16598,8810f621e7fffff
16599,8810f5ca3bfffff
16600,8810f29425fffff
16601,8810a9206dfffff
16602,8810f62457fffff
16603,8810f40433fffff
16604,8810f6daa7fffff
16605,8810f04907fffff
16606,8810f45441fffff
16607,8810f41455fffff
16608,8810f41a2dfffff
16609,8810f584b5fffff
16610,8810f5c495fffff
16611,8810f45197fffff
16612,8810f0ab07fffff
16613,8810f401d7fffff
16614,8810f0d587fffff
16615,8810a92c25fffff
16616,8810f48541fffff
16617,8810f4aca1fffff
16618,8810f68f65fffff
16619,8810f62313fffff
16620,8810f580bdfffff
16621,8810f44d07fffff
16622,8810f68549fffff
16623,8810f62017fffff
16624,88101b2ce7fffff
16625,8810f48d2dfffff
16626,8810f61b23fffff
16627,8810f4b535fffff
16628,8810f43231fffff
16629,8810f0d4a9fffff
16630,8810f59109fffff
16631,8810f5d1a9fffff
16632,8810a960bdfffff
16633,8810f0c8abfffff
16634,8810f431b9fffff
16635,8810f2842dfffff
16636,8810f48e1dfffff
16637,8810f486c1fffff
16638,8810f54e41fffff
16639,8810a929dbfffff
16640,8810a968c9fffff
16641,8810f08f55fffff
16642,8810a96da1fffff
16643,8810f6655bfffff
16644,8810f4b70dfffff
16645,8810f6ab23fffff
16646,8810f0c527fffff
16647,8810f444c7fffff
16648,8810f461bdfffff
16649,8810a935b1fffff
16650,8810f4d12dfffff
16651,8810f69607fffff
16652,8810f4ca15fffff
16653,8810f084b5fffff
16654,8810f46d81fffff
16655,8810f5c90bfffff
16656,8810a928edfffff
16657,8810f4385bfffff
16658,8810f6a889fffff
16659,88101b41abfffff
16660,8810f4a447fffff
16661,8810f62013fffff
16662,8810f63321fffff
16663,8810f01739fffff
16664,8810f425b3fffff
16665,88101b015dfffff
16666,8810f05a11fffff
16667,8810f0c901fffff
16668,88101b7b27fffff
16669,8810f0110bfffff
16670,8810f09725fffff
16671,8810a93699fffff
16672,8810f6c71bfffff
16673,8810f5012bfffff
16674,8810f422ddfffff
16675,8810f0c717fffff
16676,8810f50013fffff
16677,8810f46e89fffff
16678,8810aba495fffff
16679,8810f05311fffff
16680,8810f45a81fffff
16681,8810f51ab1fffff
16682,88101b7307fffff
16683,8810f544e3fffff
16684,8810f4b6bbfffff
16685,8810f499c1fffff
16686,8810f4b92bfffff
16687,8810f46d49fffff
16688,8810f68f67fffff
16689,8810f450b1fffff
16690,8810f6a1b3fffff
16691,8810f685bbfffff
16692,8810f48985fffff
16693,8810f04241fffff
16694,88101b29a1fffff
16695,8810f0ba3bfffff
16696,8810f4548dfffff
16697,8810f44dddfffff
16698,8810a936dbfffff
16699,8810f4aae3fffff
16700,8810f6b9c9fffff
16701,8810f2b359fffff
16702,8810f411bbfffff
16703,8810f0c039fffff
16704,8810f4459dfffff
16705,8810f0b0a7fffff
16706,8810f0116dfffff
16707,8810f46c35fffff
16708,8810f5d107fffff
16709,8810f6d295fffff
16710,8810f4d459fffff
16711,8810f675cbfffff
16712,88101b6033fffff
16713,8810f0d6cdfffff
16714,8810f6090dfffff
16715,8810f5cc41fffff
16716,8810f4ac51fffff
16717,8810f42db5fffff
16718,8810f5c8b7fffff
16719,8810f05009fffff
16720,88101b3b63fffff
16721,8810f01929fffff
16722,8810f4383bfffff
16723,8810f424e9fffff
16724,8810f439c9fffff
16725,8810f45213fffff
16726,8810f5929bfffff
16727,8810f44159fffff
16728,8810f5d613fffff
16729,8810f54129fffff
16730,8810f6a051fffff
16731,8810a96133fffff
16732,88101b74a5fffff
16733,8810f41411fffff
16734,8810f6d8e1fffff
16735,8810f4433dfffff
16736,8810f6d19bfffff
16737,8810f4059bfffff
16738,8810a962ebfffff
16739,8810f5c519fffff
16740,8810f544bdfffff
16741,8810a928a9fffff
16742,8810f08483fffff
16743,8810f4ace1fffff
16744,8810f550a7fffff
16745,8810f4d8abfffff
16746,8810f46d29fffff
16747,88101b664bfffff
16748,8810f48811fffff
16749,8810f0b2d7fffff
16750,8810f44f1bfffff
16751,8810f440c1fffff
16752,8810f6250bfffff
16753,8810f058bbfffff
16754,8810f58429fffff
16755,8810f4b659fffff
16756,8810f47641fffff
16757,8810f54b09fffff
16758,8810f44d55fffff
16759,8810a92889fffff
16760,8810f6d417fffff
16761,8810f6a6adfffff
16762,8810f4015bfffff
16763,8810f04901fffff
16764,8810f00761fffff
16765,88101b7a93fffff
16766,8810f04953fffff
16767,88101b0137fffff
16768,8810f4813bfffff
16769,8810f5c547fffff
16770,8810f0caa7fffff
16771,8810f5d429fffff
16772,8810f450e9fffff
16773,88101b7727fffff
16774,8810f6255dfffff
16775,8810f6b919fffff
16776,8810f0d235fffff
16777,8810f0c017fffff
16778,8810f69289fffff
16779,8810a92231fffff
16780,88101b00d5fffff
16781,8810f68307fffff
16782,8810f46d9bfffff
16783,88101a6ddbfffff
16784,8810f0cc55fffff
16785,8810f51541fffff
16786,8810f541e1fffff
16787,8810f419a5fffff
16788,8810f54e01fffff
16789,8810f44467fffff
16790,8810f61a17fffff
16791,8810f0c551fffff
16792,8810f5508dfffff
16793,8810f0daabfffff
16794,8810f456b3fffff
16795,8810f55549fffff
16796,8810f09493fffff
16797,8810f44c8bfffff
16798,8810f6945dfffff
16799,8810f690e5fffff
16800,8810f6a769fffff
16801,8810f44e1dfffff
16802,8810f4601bfffff
16803,8810f0c68dfffff
16804,8810f401e9fffff
16805,8810f58013fffff
16806,8810f58ca7fffff
16807,8810f47761fffff
16808,8810f688a3fffff
16809,8810f6adabfffff
16810,8810f08c8bfffff
16811,8810f4662dfffff
16812,8810f4d95bfffff
16813,8810f54a81fffff
16814,8810f4c927fffff
16815,8810f0ab5dfffff
16816,8810f0c2e7fffff
16817,88101b6dd3fffff
16818,8810f44a8dfffff
16819,8810f6d851fffff
16820,8810f54183fffff
16821,88101b08e9fffff
16822,8810f41055fffff
16823,8810f4a1d7fffff
16824,8810f508b7fffff
16825,8810aba60dfffff
16826,8810f08f2bfffff
16827,8810f0180bfffff
16828,8810f45285fffff
16829,8810a92b03fffff
16830,8810f461e5fffff
16831,8810f47485fffff
16832,8810f6d88bfffff
16833,8810f296a1fffff
16834,8810f28753fffff
16835,8810f4d531fffff
16836,8810f6a231fffff
16837,8810f41a17fffff
16838,8810f4d463fffff
16839,8810a96555fffff
16840,8810f47a39fffff
16841,8810f634b3fffff
16842,8810f50297fffff
16843,8810f60951fffff
16844,8810f418ddfffff
16845,8810f5c735fffff
16846,8810f412d3fffff
16847,88101a6e8bfffff
16848,8810f5c9d9fffff
16849,88101b18bbfffff
16850,8810f46411fffff
16851,8810f084adfffff
16852,8810f6b447fffff
16853,8810f5cd21fffff
16854,8810f50b57fffff
16855,8810f4d14bfffff
16856,88101b0e53fffff
16857,8810f056c3fffff
16858,8810f5103bfffff
16859,8810f05b49fffff
16860,8810f084e5fffff
16861,8810f28ad3fffff
16862,8810f4186bfffff
16863,8810f29513fffff
16864,8810f42451fffff
16865,8810f09561fffff
16866,8810a968d5fffff
16867,8810f5d26dfffff
16868,8810f4b119fffff
16869,8810a9270dfffff
16870,8810f40e01fffff
16871,8810f6ac21fffff
16872,8810f44169fffff
16873,8810f4c5edfffff
16874,8810f09129fffff
16875,8810f5c407fffff
16876,88101b4763fffff
16877,8810f4d00dfffff
16878,8810f089a1fffff
16879,88101b6617fffff
16880,8810f445ebfffff
16881,8810f44899fffff
16882,88101b2da7fffff
16883,88101b0809fffff
16884,8810f0ca53fffff
16885,88101b7905fffff
16886,8810f454d3fffff
16887,8810f295bbfffff
16888,8810f400a7fffff
16889,8810f0cb07fffff
16890,8810f49939fffff
16891,8810f40d1dfffff
16892,8810f44ed3fffff
16893,8810f46c09fffff
16894,8810f4d895fffff
16895,8810f5872dfffff
16896,8810f5cc67fffff
16897,8810f439b7fffff
16898,8810f472a7fffff
16899,8810f052d5fffff
16900,8810f42eb5fffff
16901,8810f5576bfffff
16902,8810f6124dfffff
16903,8810f660bdfffff
16904,8810f0c5b7fffff
16905,8810f489e1fffff
16906,8810f50893fffff
16907,88101a6da7fffff
16908,8810f6a19bfffff
16909,8810f6a2cbfffff
16910,8810f48a11fffff
16911,8810f62f3dfffff
16912,8810f43531fffff
16913,8810f6d1bdfffff
16914,88101b2867fffff
16915,8810f451d9fffff
16916,8810f62193fffff
16917,88101b7351fffff
16918,8810f4cf4bfffff
16919,8810f284adfffff
16920,8810f47607fffff
16921,8810f54017fffff
16922,8810f4d9bbfffff
16923,8810f04b6bfffff
16924,88101b0e25fffff
16925,88101b09c5fffff
16926,8810f6918dfffff
16927,8810f5812dfffff
16928,8810f6a737fffff
16929,8810f67687fffff
16930,8810f63b31fffff
16931,8810f0d161fffff
16932,88101b00dbfffff
16933,8810f4665dfffff
16934,8810f09887fffff
16935,8810f43063fffff
16936,88101b2b63fffff
16937,8810f68f29fffff
16938,8810f0d939fffff
16939,8810a93819fffff
16940,8810f6953bfffff
16941,8810f08a17fffff
16942,8810f489e7fffff
16943,8810f631ebfffff
16944,88101b0c61fffff
16945,8810f002c5fffff
16946,8810f01443fffff
16947,8810f5ba37fffff
16948,88101b091bfffff
16949,8810f6d157fffff
16950,8810f68e07fffff
16951,8810f0d2dbfffff
16952,8810f468b5fffff
16953,8810f6333dfffff
16954,8810f6803bfffff
16955,8810f6998dfffff
16956,8810f63857fffff
16957,8810f54569fffff
16958,8810f4a0d5fffff
16959,8810f6c1b9fffff
16960,88101b0ebdfffff
16961,8810f444a3fffff
16962,8810f61b49fffff
16963,8810f4ccc3fffff
16964,8810f5d6e7fffff
16965,8810f54d11fffff
16966,8810f0d0abfffff
16967,8810f511a7fffff
16968,8810f6c705fffff
16969,8810f0d62bfffff
16970,8810f0d9a7fffff
16971,8810f456abfffff
16972,8810f512a5fffff
16973,8810f6b75bfffff
16974,8810f68e57fffff
16975,8810f58841fffff
16976,8810f68d25fffff
16977,8810f6bb0dfffff
16978,8810f44e13fffff
16979,8810f6d815fffff
16980,88101b700dfffff
16981,8810f4344bfffff
16982,8810a92d51fffff
16983,8810f0b2b1fffff
16984,8810f55305fffff
16985,8810f6ab51fffff
16986,8810f0c009fffff
16987,8810f555a5fffff
16988,8810f041c5fffff
16989,8810a96213fffff
16990,8810f68645fffff
16991,8810f618ebfffff
16992,8810f44d41fffff
16993,8810a96563fffff
16994,8810a96e05fffff
16995,8810f42e81fffff
16996,8810f62aa3fffff
16997,88101a65a1fffff
16998,8810f6ad8bfffff
16999,88101b48c5fffff
17000,8810f08f3bfffff
17001,8810f010d5fffff
17002,88101b0ce3fffff
17003,8810f0d439fffff
17004,8810f6c241fffff
17005,88101b6f0bfffff
17006,8810f08827fffff
17007,8810f620dbfffff
17008,8810f688b3fffff
17009,8810f48f45fffff
17010,8810f47103fffff
17011,8810f4b195fffff
17012,8810f58db3fffff
17013,88101b2d29fffff
17014,8810f29199fffff
17015,8810f42203fffff
17016,8810f28031fffff
17017,8810f69345fffff
17018,8810a97695fffff
17019,8810a9775bfffff
17020,88101b0155fffff
17021,8810f01a33fffff
17022,8810f09221fffff
17023,8810f4af37fffff
17024,88101b48b9fffff
17025,8810f5119bfffff
17026,8810f0913dfffff
17027,8810a92257fffff
17028,88101b0d13fffff
17029,8810f690cbfffff
17030,8810f46cb7fffff
17031,8810f01105fffff
17032,8810f69029fffff
17033,8810f44425fffff
17034,8810f51a03fffff
17035,8810f4c639fffff
17036,88101b4595fffff
17037,8810f665d5fffff
17038,8810f63a09fffff
17039,88101b453bfffff
17040,8810f62b2dfffff
17041,8810f5c4c7fffff
17042,8810f09583fffff
17043,8810f44a87fffff
17044,8810f69131fffff
17045,88101b6669fffff
17046,8810f6acd5fffff
17047,88101b6937fffff
17048,8810f5b841fffff
17049,8810a90d9dfffff
17050,88101b2d1dfffff
17051,8810f41757fffff
17052,8810f46343fffff
17053,8810f45565fffff
17054,8810f43a53fffff
17055,8810f4aa2bfffff
17056,8810f4140bfffff
17057,8810f6a2ddfffff
17058,8810f4780bfffff
17059,8810f54011fffff
17060,8810f6220dfffff
17061,8810f48eb3fffff
17062,8810f449d7fffff
17063,8810f44f41fffff
17064,88101b6dd7fffff
17065,8810f415ebfffff
17066,8810f5c969fffff
17067,88101b0aebfffff
17068,8810f48543fffff
17069,8810f54a01fffff
17070,8810f688bbfffff
17071,8810f624cbfffff
17072,8810aba4c5fffff
17073,88101b4551fffff
17074,8810f69a11fffff
17075,8810a96d2bfffff
17076,8810f4729dfffff
17077,8810f041e9fffff
17078,88101b7835fffff
17079,8810f618d1fffff
17080,8810f0c1b7fffff
17081,8810f4b29dfffff
17082,8810f4d125fffff
17083,8810f4bb19fffff
17084,8810f011b9fffff
17085,8810f69151fffff
17086,8810f09927fffff
17087,8810f5b905fffff
17088,8810f4b267fffff
17089,8810f47041fffff
17090,8810f58467fffff
17091,88101a6ca5fffff
17092,8810f4a1e5fffff
17093,8810a9648bfffff
17094,8810f45aabfffff
17095,8810f08605fffff
17096,8810f5472bfffff
17097,8810a9384bfffff
17098,8810f461b7fffff
17099,8810f0c415fffff
17100,8810f57b59fffff
17101,8810a962adfffff
17102,8810f4c357fffff
17103,8810a9665dfffff
17104,8810f625bdfffff
17105,8810f51a8bfffff
17106,88101b6eb5fffff
17107,88101b6e8bfffff
17108,8810f4d8d5fffff
17109,8810f422e5fffff
17110,8810f5ce3dfffff
17111,8810f472ddfffff
17112,8810f01831fffff
17113,8810f5921bfffff
17114,8810a96de9fffff
17115,8810f6c02dfffff
17116,8810f68aadfffff
17117,8810a96ab9fffff
17118,8810f47a69fffff
17119,8810f432b7fffff
17120,8810f4033dfffff
17121,8810f05055fffff
17122,8810f4ad17fffff
17123,8810f0db09fffff
17124,8810f488e9fffff
17125,8810f436e5fffff
17126,8810f6adb9fffff
17127,8810f402b9fffff
17128,8810f0972bfffff
17129,8810f4d057fffff
17130,8810f6aa07fffff
17131,8810f54461fffff
17132,8810f6d089fffff
17133,8810f4233bfffff
17134,8810f6d80bfffff
17135,8810f29583fffff
17136,8810f2b15dfffff
17137,8810f5406dfffff
17138,8810f6b037fffff
17139,8810f0c503fffff
17140,8810f088c5fffff
17141,8810f6c1e5fffff
17142,8810f44f17fffff
17143,8810f40e1bfffff
17144,8810f5cf01fffff
17145,8810f4c203fffff
17146,8810f08131fffff
17147,8810f6c063fffff
17148,8810f46861fffff
17149,8810f081d7fffff
17150,8810f46185fffff
17151,8810f0140bfffff
17152,88101b7311fffff
17153,8810f40e5bfffff
17154,8810f59a47fffff
17155,88101b730dfffff
17156,88101b6d89fffff
17157,8810f40a8dfffff
17158,88101b2969fffff
17159,8810f081c3fffff
17160,8810f4af57fffff
17161,8810f4125bfffff
17162,8810f49b0bfffff
17163,8810a92687fffff
17164,8810f08c9bfffff
17165,8810f66f59fffff
17166,8810f61a15fffff
17167,8810f696b1fffff
17168,8810f08e23fffff
17169,8810f4350bfffff
17170,8810f016ebfffff
17171,8810f44709fffff
17172,8810f0b03dfffff
17173,8810f418d7fffff
17174,88101b70a9fffff
17175,88101b71d3fffff
17176,8810f08337fffff
17177,8810f4b0b1fffff
17178,8810f5ce05fffff
17179,8810f0b2bbfffff
17180,8810f4548bfffff
17181,8810f54741fffff
17182,8810f58d53fffff
17183,8810f5165dfffff
17184,8810f6af29fffff
17185,88101b6007fffff
17186,8810f5409bfffff
17187,8810f46465fffff
17188,8810f60035fffff
17189,8810f59639fffff
17190,8810f09553fffff
17191,8810f59931fffff
17192,88101b090bfffff
17193,8810aba6a1fffff
17194,8810f0c535fffff
17195,8810f45507fffff
17196,8810f54f2bfffff
17197,8810f50899fffff
17198,8810f54f39fffff
17199,8810f465c7fffff
17200,88101b7345fffff
17201,8810f45911fffff
17202,8810f29081fffff
17203,8810f4560dfffff
17204,8810f44e57fffff
17205,8810f696d7fffff
17206,8810f685cdfffff
17207,8810f429d9fffff
17208,8810f5ca61fffff
17209,8810f69101fffff
17210,8810f6b499fffff
17211,8810f4a6a5fffff
17212,8810f40d83fffff
17213,88101b4ca5fffff
17214,8810f4b997fffff
17215,8810f47a11fffff
17216,8810f6315bfffff
17217,8810a934b9fffff
17218,8810f28305fffff
17219,8810f4b0b7fffff
17220,8810f45a09fffff
17221,8810f086dbfffff
17222,8810f636e7fffff
17223,8810f43241fffff
17224,8810f62d9dfffff
17225,8810f6c743fffff
17226,8810f44b15fffff
17227,8810f4611bfffff
17228,8810f0c9e9fffff
17229,8810f4241bfffff
17230,8810f43015fffff
17231,8810f6d617fffff
17232,8810f68b55fffff
17233,8810f0c165fffff
17234,8810f559b9fffff
17235,88101b7163fffff
17236,8810f5d359fffff
17237,88101b7735fffff
17238,8810f676b9fffff
17239,8810f4b4a5fffff
17240,8810f6a8dbfffff
17241,8810f0d107fffff
17242,8810f62c63fffff
17243,8810f6a55bfffff
17244,8810f45097fffff
17245,8810f59747fffff
17246,8810f54e55fffff
17247,8810f44ea9fffff
17248,88101a6c07fffff
17249,8810f0cc97fffff
17250,8810a96691fffff
17251,8810f4c515fffff
17252,8810f4770bfffff
17253,8810f4b211fffff
17254,8810f08967fffff
17255,88101b01d9fffff
17256,8810f6da57fffff
17257,8810f46667fffff
17258,8810f625a9fffff
17259,8810f5c435fffff
17260,8810f0ce1bfffff
17261,88101b46a7fffff
17262,8810f6b8dbfffff
17263,8810f4612dfffff
17264,8810f60b15fffff
17265,8810a97405fffff
17266,8810f41acdfffff
17267,8810f6b049fffff
17268,8810f40487fffff
17269,8810f6b5c1fffff
17270,8810f01729fffff
17271,8810f5930dfffff
17272,8810f4a461fffff
17273,8810a92d63fffff
17274,8810f5d55bfffff
17275,8810f68823fffff
17276,8810f621cdfffff
17277,8810f455cbfffff
17278,8810f090e1fffff
17279,8810f66e37fffff
17280,8810a93b25fffff
17281,8810f0d937fffff
17282,8810f611ddfffff
17283,8810f6b19dfffff
17284,8810f0c4c1fffff
17285,8810f4ab03fffff
17286,8810f41869fffff
17287,88101b6225fffff
17288,88101b6687fffff
17289,8810f0d9c1fffff
17290,8810f01053fffff
17291,8810f692a5fffff
17292,8810f0d44dfffff
17293,8810f4c03bfffff
17294,8810f66cebfffff
17295,8810f6b90dfffff
17296,8810f511ddfffff
17297,8810f4a32dfffff
17298,8810f48d89fffff
17299,8810f48db9fffff
17300,8810f4771dfffff
17301,8810f4c04dfffff
17302,8810f4b565fffff
17303,8810f4b6a5fffff
17304,8810f43323fffff
17305,8810f6b003fffff
17306,88101b4aa7fffff
17307,8810f6b587fffff
17308,8810a92d0dfffff
17309,8810f29187fffff
17310,8810f429e5fffff
17311,8810f5c209fffff
17312,8810f585c7fffff
17313,8810f5d9b1fffff
17314,8810f59ae3fffff
17315,8810f0d8d9fffff
17316,8810f0b051fffff
17317,88101b4601fffff
17318,8810f2952dfffff
17319,8810f6b361fffff
17320,8810a96193fffff
17321,8810f08455fffff
17322,8810f6a76bfffff
17323,8810f5145bfffff
17324,8810f011c7fffff
17325,8810f58dadfffff
17326,8810f4cc89fffff
17327,8810f4583bfffff
17328,8810f43347fffff
17329,8810f55487fffff
17330,8810f42555fffff
17331,88101b7745fffff
17332,8810f66495fffff
17333,8810a92c27fffff
17334,88101b0d49fffff
17335,8810f4614dfffff
17336,8810f4ce9bfffff
17337,8810f54509fffff
17338,88101b0e0bfffff
17339,8810f002d9fffff
17340,88101b7a9bfffff
17341,8810f6d483fffff
17342,8810f4ad91fffff
17343,8810f0bb45fffff
17344,8810f6b423fffff
17345,88101b64d9fffff
17346,8810f66137fffff
17347,8810f014a9fffff
17348,8810f512c9fffff
17349,8810f690c3fffff
17350,8810f499c5fffff
17351,8810f5ca89fffff
17352,8810f6b6a5fffff
17353,8810f0ce6dfffff
17354,8810f454b7fffff
17355,8810f4b595fffff
17356,8810f5d05bfffff
17357,88101b79d9fffff
17358,88101b29b3fffff
17359,8810f08b09fffff
17360,8810f50b31fffff
17361,8810f29035fffff
17362,8810f6a2b1fffff
17363,8810f68957fffff
17364,8810f6d64bfffff
17365,8810f002a7fffff
17366,8810f638b1fffff
17367,8810f0d211fffff
17368,8810aba599fffff
17369,8810f4493bfffff
17370,8810f590c7fffff
17371,8810f5804dfffff
17372,8810f5984dfffff
17373,8810a92961fffff
17374,8810f058e1fffff
17375,8810f29867fffff
17376,8810f4ad19fffff
17377,8810f58a85fffff
17378,8810f462d3fffff
17379,8810f0ba69fffff
17380,8810f0d041fffff
17381,88101b78cdfffff
17382,8810f62a87fffff
17383,8810f0c255fffff
17384,8810f4c767fffff
17385,8810f548abfffff
17386,8810f09425fffff
17387,8810f409c5fffff
17388,8810f5505bfffff
17389,8810a92143fffff
17390,8810f0d185fffff
17391,8810f690b7fffff
17392,8810f5d367fffff
17393,88101b6531fffff
17394,8810f4d701fffff
17395,8810f58ec9fffff
17396,8810f695d7fffff
17397,8810f6d505fffff
17398,8810f45055fffff
17399,8810f432a3fffff
17400,88101a6d09fffff
17401,8810f6a059fffff
17402,8810f62031fffff
17403,8810f081bbfffff
17404,8810f61643fffff
17405,8810f4ae35fffff
17406,8810f5486dfffff
17407,8810f61339fffff
17408,8810f08a2bfffff
17409,8810f4b51dfffff
17410,8810f42c9dfffff
17411,8810f05923fffff
17412,8810f42aadfffff
17413,8810f42155fffff
17414,8810f4d53dfffff
17415,8810f54597fffff
17416,8810f58817fffff
17417,8810f4c5c5fffff
17418,8810a920bbfffff
17419,8810f5913dfffff
17420,8810f4db13fffff
17421,88101b7595fffff
17422,8810f0aa6dfffff
17423,8810f59165fffff
17424,8810f58ac1fffff
17425,8810f6d135fffff
17426,8810f01829fffff
17427,8810a922d1fffff
17428,88101a6ec3fffff
17429,8810f41a3dfffff
17430,8810f4b9e1fffff
17431,8810f6c35bfffff
17432,8810f456e1fffff
17433,8810f479e5fffff
17434,88101b7653fffff
17435,8810f0145dfffff
17436,8810f4c5e7fffff
17437,8810f0c987fffff
17438,8810f5c4c5fffff
17439,8810f5cab5fffff
17440,8810f400cbfffff
17441,8810f471b5fffff
17442,8810f4b4d9fffff
17443,8810f54751fffff
17444,8810f0b291fffff
17445,8810a92489fffff
17446,8810f42047fffff
17447,8810f5c565fffff
17448,8810f621d5fffff
17449,8810f42311fffff
17450,8810f47635fffff
17451,8810f6954bfffff
17452,8810f08b0dfffff
17453,8810a92a55fffff
17454,8810f55517fffff
17455,8810f50009fffff
17456,8810f4365bfffff
17457,8810f08189fffff
17458,8810f43b5bfffff
17459,8810f08d89fffff
17460,8810f6d56bfffff
17461,88101b7223fffff
17462,8810f4449bfffff
17463,88101b0b1dfffff
17464,8810a97417fffff
17465,88101b446bfffff
17466,8810f09923fffff
17467,8810f430b1fffff
17468,8810f420bdfffff
17469,8810f69495fffff
17470,8810f41429fffff
17471,88101a6e1dfffff
17472,8810f55583fffff
17473,8810f5c711fffff
17474,8810f6da19fffff
17475,8810f58735fffff
17476,8810f54aedfffff
17477,88101a6c25fffff
17478,8810f48acdfffff
17479,8810f6b357fffff
17480,8810f2958bfffff
17481,8810f50969fffff
17482,8810f4a087fffff
17483,8810f69163fffff
17484,8810f0ca97fffff
17485,8810f48f5dfffff
17486,8810f448edfffff
17487,88101b56b5fffff
17488,88101b65adfffff
17489,8810f08d63fffff
17490,8810f04a05fffff
17491,8810f6ba4dfffff
17492,8810f05569fffff
17493,8810f42aa7fffff
17494,8810f449bdfffff
17495,8810f08c39fffff
17496,8810f55323fffff
17497,8810f6af3dfffff
17498,88101b643bfffff
17499,8810f60eb3fffff
17500,8810f09587fffff
17501,8810f6311dfffff
17502,88101b751dfffff
17503,8810f43a4bfffff
17504,8810a92dc1fffff
17505,8810f4ba63fffff
17506,8810f5825bfffff
17507,8810a928d5fffff
17508,8810f69423fffff
17509,8810f5c065fffff
17510,8810f60cb3fffff
17511,8810f6963bfffff
17512,8810a960e5fffff
17513,8810f056c5fffff
17514,8810f410dbfffff
17515,8810f05969fffff
17516,8810f401edfffff
17517,8810f4a02dfffff
17518,8810f6375dfffff
17519,8810f49815fffff
17520,8810f61811fffff
17521,8810f0b041fffff
17522,8810f0d167fffff
17523,8810f6a667fffff
17524,8810f6c0b3fffff
17525,8810f2811dfffff
17526,88101a6c33fffff
17527,8810f0c2e9fffff
17528,88101b4e15fffff
17529,8810f4cddbfffff
17530,8810f432e3fffff
17531,8810f4248bfffff
17532,8810f476c1fffff
17533,8810f5caa9fffff
17534,8810f01905fffff
17535,8810f45907fffff
17536,8810a975dbfffff
17537,8810f68f07fffff
17538,8810a93a33fffff
17539,88101b68ddfffff
17540,8810f6188bfffff
17541,8810f6d6bbfffff
17542,8810f4409bfffff
17543,8810f4a621fffff
17544,8810f4275dfffff
17545,8810f010e7fffff
17546,8810f62639fffff
17547,8810f01ac7fffff
17548,8810f5d2c9fffff
17549,8810f05883fffff
17550,88101b01e1fffff
17551,8810f6b589fffff
17552,8810f45243fffff
17553,88101b7a29fffff
17554,8810f291cbfffff
17555,8810f4d599fffff
17556,8810f4a895fffff
17557,8810f0b9d1fffff
17558,8810f69815fffff
17559,8810f40187fffff
17560,8810f62dabfffff
17561,88101b61a3fffff
17562,8810f416cdfffff
17563,88101a6d43fffff
17564,8810f048ebfffff
17565,8810f66ed5fffff
17566,8810f01215fffff
17567,8810a93941fffff
17568,8810f47b49fffff
17569,8810f085d9fffff
17570,8810f048ddfffff
17571,8810f5cae7fffff
17572,8810f62eb5fffff
17573,88101b6845fffff
17574,88101b6417fffff
17575,8810f47403fffff
17576,8810f088cdfffff
17577,8810f0d60dfffff
17578,8810f51609fffff
17579,8810f58e63fffff
17580,8810f0c1b5fffff
17581,8810f6a2dbfffff
17582,8810f6ce55fffff
17583,8810f42c45fffff
17584,8810f4302dfffff
17585,8810f04a59fffff
17586,8810f01243fffff
17587,8810f0d357fffff
17588,8810f4dadbfffff
17589,88101b4665fffff
17590,8810f42ab7fffff
17591,8810f424e5fffff
17592,8810f665ddfffff
17593,8810f4ca11fffff
17594,8810f0b86dfffff
17595,88101b6ec1fffff
17596,8810f4c135fffff
17597,8810f63165fffff
17598,8810f40891fffff
17599,8810f4b627fffff
17600,8810f42c97fffff
17601,8810f00283fffff
17602,8810f45b25fffff
17603,8810f5558bfffff
17604,88101b7723fffff
17605,88101b6e3dfffff
17606,8810f5c693fffff
17607,8810f5d2ddfffff
17608,88101b4e57fffff
17609,8810f04b47fffff
17610,8810f08403fffff
17611,8810f43a87fffff
17612,8810f6816dfffff
17613,8810f58929fffff
17614,8810f5431bfffff
17615,8810f4a033fffff
17616,8810f604ebfffff
17617,8810f0919dfffff
17618,8810f43747fffff
17619,8810f682b1fffff
17620,88101b4721fffff
17621,8810f60145fffff
17622,8810f680a1fffff
17623,8810f01a87fffff
17624,8810a97509fffff
17625,8810f5c859fffff
17626,8810f68759fffff
17627,8810f43b39fffff
17628,8810f0c491fffff
17629,8810f48ac3fffff
17630,8810f0915dfffff
17631,8810f694edfffff
17632,8810f084b7fffff
17633,8810f510c3fffff
17634,8810f5986dfffff
17635,8810f00363fffff
17636,88101b469dfffff
17637,8810f0c427fffff
17638,88101b0ec3fffff
17639,8810f61a45fffff
17640,8810f5033bfffff
17641,8810f62cbdfffff
17642,8810f4b6a1fffff
17643,8810f54187fffff
17644,8810f416b7fffff
17645,8810f401e5fffff
17646,8810f68291fffff
17647,8810a962bbfffff
17648,8810f40cd3fffff
17649,8810f68e55fffff
17650,8810f6bb67fffff
17651,8810f0d043fffff
17652,8810f4c0edfffff
17653,8810f4ccd3fffff
17654,8810a964d1fffff
17655,8810f484b1fffff
17656,8810f28183fffff
17657,8810a90dbbfffff
17658,8810a96615fffff
17659,8810f69503fffff
17660,88101b6e87fffff
17661,8810f43343fffff
17662,8810f4a595fffff
17663,8810f63649fffff
17664,8810f6a0a9fffff
17665,8810f590b9fffff
17666,8810f58d1dfffff
17667,8810f6c685fffff
17668,8810f62dd3fffff
17669,8810aba5d3fffff
17670,8810f0d335fffff
17671,8810f4b757fffff
17672,8810f01083fffff
17673,8810f28a1bfffff
17674,8810f620b1fffff
17675,8810f4cdedfffff
17676,8810f0d85bfffff
17677,8810f5c645fffff
17678,8810f46eedfffff
17679,8810f6ab1bfffff
17680,8810f4718dfffff
17681,8810f0c6e5fffff
17682,8810f00289fffff
17683,88101b6c99fffff
17684,8810f4a5b5fffff
17685,8810f44cc3fffff
17686,8810a97483fffff
17687,8810f50ac3fffff
17688,8810f290e9fffff
17689,88101b1995fffff
17690,8810f58eebfffff
17691,88101b625bfffff
17692,8810f615e9fffff
17693,8810f4b1d9fffff
17694,8810f4336dfffff
17695,8810f44051fffff
17696,8810f69187fffff
17697,8810f68d2dfffff
17698,8810a9285dfffff
17699,8810f08dc1fffff
17700,8810f47881fffff
17701,88101b749dfffff
17702,8810f0590bfffff
17703,8810f5091bfffff
17704,8810f501d3fffff
17705,8810f6b04dfffff
17706,8810f69429fffff
17707,8810f6a4bdfffff
17708,8810a97401fffff
17709,8810a92085fffff
17710,8810a9668bfffff
17711,8810f08c47fffff
17712,8810f4b29bfffff
17713,8810f58e4dfffff
17714,8810f5466dfffff
17715,8810f5d699fffff
17716,8810f48585fffff
17717,8810f4b315fffff
17718,88101b40bdfffff
17719,8810f4d93bfffff
17720,8810f4c93dfffff
17721,8810f42493fffff
17722,8810f5cc2dfffff
17723,88101b0961fffff
17724,8810f54905fffff
17725,8810f50a27fffff
17726,8810f54b07fffff
17727,8810a92d9dfffff
17728,8810f4b647fffff
17729,8810f6ac4bfffff
17730,8810f58d59fffff
17731,8810f55603fffff
17732,8810f6b2c3fffff
17733,8810f4c60dfffff
17734,8810f46587fffff
17735,8810f28231fffff
17736,8810f0b111fffff
17737,8810f6b537fffff
17738,8810f08919fffff
17739,8810f474bdfffff
17740,8810a92251fffff
17741,8810f59b15fffff
17742,8810f0515dfffff
17743,8810f461a1fffff
17744,8810f59225fffff
17745,8810f4a1a9fffff
17746,8810f43a37fffff
17747,8810f6c401fffff
17748,8810f68c19fffff
17749,8810f40919fffff
17750,88101b2913fffff
17751,8810f412bdfffff
17752,8810a92313fffff
17753,8810f42e49fffff
17754,8810f5c181fffff
17755,8810f4c769fffff
17756,8810f509d5fffff
17757,8810f5cc21fffff
17758,8810a97595fffff
17759,88101b66a5fffff
17760,8810f6859bfffff
17761,8810f0848bfffff
17762,8810f686e1fffff
17763,8810f44835fffff
17764,8810f4a72bfffff
17765,8810f55881fffff
17766,8810f6b245fffff
17767,8810f420ebfffff
17768,8810f48b5dfffff
17769,8810f43583fffff
17770,8810f5d659fffff
17771,8810f45707fffff
17772,8810f0ab01fffff
17773,8810f4219bfffff
17774,8810f4a293fffff
17775,88101b6a01fffff
17776,8810f62a39fffff
17777,8810f0d005fffff
17778,8810f591cdfffff
17779,8810f40641fffff
17780,8810f40e93fffff
17781,8810f4305dfffff
17782,8810f052dbfffff
17783,8810f5094dfffff
17784,8810f5cc05fffff
17785,8810f598b9fffff
17786,8810f441dbfffff
17787,8810f68601fffff
17788,8810f4c4ebfffff
17789,8810f4c481fffff
17790,8810f461e9fffff
17791,8810f08059fffff
17792,8810f62145fffff
17793,8810f66c33fffff
17794,8810f6bb37fffff
17795,8810f51b43fffff
17796,8810f44713fffff
17797,8810a974e9fffff
17798,8810f08f6dfffff
17799,8810f44cd9fffff
17800,8810f63b11fffff
17801,8810f45035fffff
17802,8810f5493dfffff
17803,8810f546c7fffff
17804,8810f5d195fffff
17805,8810f0cf27fffff
17806,8810f54d41fffff
17807,8810f69327fffff
17808,8810f43881fffff
17809,8810f291d5fffff
17810,8810f604adfffff
17811,8810f4a6b7fffff
17812,8810f5d431fffff
17813,8810f6a113fffff
17814,8810f4d5c3fffff
17815,8810a922a9fffff
17816,8810f542d7fffff
17817,8810f6d099fffff
17818,88101b6d35fffff
17819,8810f63187fffff
17820,88101b2911fffff
17821,8810f5c6a7fffff
17822,8810f0d241fffff
17823,8810f5d759fffff
17824,8810f002a1fffff
17825,8810f6b26bfffff
17826,8810f44493fffff
17827,8810f4790bfffff
17828,8810f6254bfffff
17829,8810f68937fffff
17830,88101b6e59fffff
17831,8810f6b04bfffff
17832,8810f549b7fffff
17833,8810f601b7fffff
17834,8810f47a6bfffff
17835,8810f48111fffff
17836,8810a922b5fffff
17837,8810f4ac09fffff
17838,8810f54519fffff
17839,8810f51823fffff
17840,8810f4b5c5fffff
17841,8810a96589fffff
17842,8810f4048dfffff
17843,8810f54e03fffff
17844,8810f5446dfffff
17845,8810f4a355fffff
17846,8810f69a29fffff
17847,8810f05221fffff
17848,8810f04ac1fffff
17849,88101b714bfffff
17850,8810f57a5dfffff
17851,8810f0c243fffff
17852,8810f5c2ebfffff
17853,8810f5c903fffff
17854,8810f6ae43fffff
17855,88101b0093fffff
17856,8810f4b0a9fffff
17857,8810f46985fffff
17858,8810f42739fffff
17859,8810f4ae37fffff
17860,8810f5d6b1fffff
17861,8810f44949fffff
17862,8810f68065fffff
17863,8810a969a5fffff
17864,8810f6d885fffff
17865,8810f63163fffff
17866,8810f5c465fffff
17867,8810f6b533fffff
17868,8810f5080bfffff
17869,8810f630b9fffff
17870,8810f59543fffff
17871,8810f43861fffff
17872,8810f47149fffff
17873,8810f5c33bfffff
17874,8810f6b82dfffff
17875,8810f58297fffff
17876,8810f0ca2bfffff
17877,8810f54b49fffff
17878,88101b39adfffff
17879,8810f4440dfffff
17880,8810f6d601fffff
17881,8810f58c9bfffff
17882,8810f5931bfffff
17883,8810f498b7fffff
17884,8810a9216dfffff
17885,88101b0901fffff
17886,8810f44a59fffff
17887,8810f55b31fffff
17888,88101b4755fffff
17889,8810f6a1dbfffff
17890,8810f5cdd9fffff
17891,8810f4b533fffff
17892,8810f4b34bfffff
17893,8810f4d13bfffff
17894,8810f699abfffff
17895,8810f4ae17fffff
17896,88101b4411fffff
17897,8810f61a6dfffff
17898,8810f46727fffff
17899,8810f43b19fffff
17900,8810f0855bfffff
17901,8810f68dc7fffff
17902,8810f04a37fffff
17903,8810f5736bfffff
17904,8810f298ebfffff
17905,8810f686abfffff
17906,8810f45ab1fffff
17907,88101b6c1bfffff
17908,8810f09101fffff
17909,8810f4d42dfffff
17910,8810f61a37fffff
17911,8810f4212bfffff
17912,8810f5c30bfffff
17913,8810a92f47fffff
17914,8810f4162dfffff
17915,8810f42145fffff
17916,8810f61b0dfffff
17917,8810f4c841fffff
17918,8810f45861fffff
17919,8810f04b5dfffff
17920,8810f0b02bfffff
17921,8810f661e1fffff
17922,88101b6801fffff
17923,8810f69069fffff
17924,8810f46805fffff
17925,8810f58f61fffff
17926,8810f4592bfffff
17927,88101b0b41fffff
17928,8810a92c45fffff
17929,8810f5daedfffff
17930,8810f5414bfffff
17931,8810f6a8e5fffff
17932,8810f080a3fffff
17933,8810f60b5dfffff
17934,8810f0871dfffff
17935,8810f04d47fffff
17936,8810f6208bfffff
17937,8810f67455fffff
17938,8810f4add5fffff
17939,8810f62627fffff
17940,8810f415abfffff
17941,8810f0952dfffff
17942,8810f61a83fffff
17943,88101b6521fffff
17944,8810f4d9adfffff
17945,8810f5c1d7fffff
17946,8810f0d9e1fffff
17947,8810f48f33fffff
17948,8810f61a23fffff
17949,8810f58dc5fffff
17950,8810f6d6d3fffff
17951,8810a93b23fffff
17952,8810a969dbfffff
17953,8810f6ac37fffff
17954,8810f580c7fffff
17955,8810f47025fffff
17956,8810f68303fffff
17957,8810f5cc5bfffff
17958,8810f4715dfffff
17959,8810f5974dfffff
17960,8810f4a903fffff
17961,8810f479cbfffff
17962,8810f295a1fffff
17963,8810f694bdfffff
17964,8810f5901bfffff
17965,8810f0026dfffff
17966,8810f5c55bfffff
17967,8810f68ca1fffff
17968,88101b098dfffff
17969,8810f46155fffff
17970,8810f04135fffff
17971,8810f43a35fffff
17972,8810a93497fffff
17973,8810a9220bfffff
17974,8810f5c295fffff
17975,8810f66593fffff
17976,8810f01569fffff
17977,8810f6c053fffff
17978,8810f66f41fffff
17979,8810a92b2dfffff
17980,8810f5485dfffff
17981,8810f5d357fffff
17982,8810a921b1fffff
17983,8810f4c2cdfffff
17984,8810f450ebfffff
17985,8810f5d8abfffff
17986,88101b74a9fffff
17987,8810f55447fffff
17988,8810f6d251fffff
17989,8810a92a19fffff
17990,8810f6c157fffff
17991,88101b79ebfffff
17992,8810a92d07fffff
17993,8810f45365fffff
17994,8810a939b7fffff
17995,8810f474d1fffff
17996,8810f6818bfffff
17997,8810a92e5bfffff
17998,88101a65b5fffff
17999,8810f28019fffff
18000,8810f4da57fffff
18001,8810f4a15bfffff
18002,8810f44db5fffff
18003,8810f61653fffff
18004,88101b56b9fffff
18005,8810f5485bfffff
18006,8810f6d363fffff
18007,88101b6185fffff
18008,8810f42537fffff
18009,8810f46917fffff
18010,8810f6a1e9fffff
18011,8810f4ae6dfffff
18012,8810f4cd91fffff
18013,8810f284d5fffff
18014,8810f592e5fffff
18015,8810a92ce9fffff
18016,8810f4983dfffff
18017,8810f6125dfffff
18018,88101b7a2bfffff
18019,8810f5cc45fffff
18020,8810f55045fffff
18021,8810f5ccd1fffff
18022,8810f6a283fffff
18023,8810f095ddfffff
18024,8810f4182bfffff
18025,8810f47647fffff
18026,8810f0b94dfffff
18027,8810f46ee3fffff
18028,8810f6a75dfffff
18029,8810f0d61dfffff
18030,8810f0c641fffff
18031,8810a96dabfffff
18032,8810f47613fffff
18033,8810f691cbfffff
18034,8810f4d255fffff
18035,8810f60891fffff
18036,8810f66ab1fffff
18037,8810f46691fffff
18038,8810f69225fffff
18039,8810f51a4dfffff
18040,8810f45983fffff
18041,8810f46693fffff
18042,8810f5ce99fffff
18043,8810f611c3fffff
18044,8810f5db19fffff
18045,88101b2b0dfffff
18046,8810f6acb7fffff
18047,8810f58e2bfffff
18048,8810f01759fffff
18049,8810f45563fffff
18050,8810f44953fffff
18051,8810f4b6d7fffff
18052,8810f5d0a7fffff
18053,8810f5404bfffff
18054,8810f4165bfffff
18055,8810f50f2dfffff
18056,8810f454dbfffff
18057,8810f46961fffff
18058,8810f469d1fffff
18059,88101b66d9fffff
18060,8810f5444bfffff
18061,8810f4a59bfffff
18062,8810f01329fffff
18063,8810f0cb33fffff
18064,8810f4793bfffff
18065,8810f43165fffff
18066,8810f465adfffff
18067,8810a96eadfffff
18068,8810f5c2edfffff
18069,88101b05b7fffff
18070,8810f0cf13fffff
18071,8810f04231fffff
18072,8810f4ac85fffff
18073,88101b79e1fffff
18074,8810f4d517fffff
18075,8810f4ba8dfffff
18076,8810f43255fffff
18077,8810f40503fffff
18078,8810f68f43fffff
18079,8810f6b0e5fffff
18080,8810f430b5fffff
18081,8810f445a1fffff
18082,8810f4c747fffff
18083,8810f0c529fffff
18084,8810f62709fffff
18085,88101b61adfffff
18086,8810f499a9fffff
18087,8810f42e83fffff
18088,8810a96c5bfffff
18089,8810f4d1bbfffff
18090,8810f012c3fffff
18091,8810f634d7fffff
18092,8810f0d0d9fffff
18093,88101b6409fffff
18094,8810f68241fffff
18095,8810f6825dfffff
18096,8810f62251fffff
18097,8810f48d69fffff
18098,8810f05a69fffff
18099,8810f58765fffff
18100,8810f4ad39fffff
18101,8810a924adfffff
18102,8810f41303fffff
18103,8810f549c1fffff
18104,8810f5730dfffff
18105,8810f41821fffff
18106,8810a92c21fffff
18107,8810f296b3fffff
18108,8810f4653dfffff
18109,8810f5db21fffff
18110,8810f42cedfffff
18111,8810f09b05fffff
18112,8810f50299fffff
18113,8810f4b963fffff
18114,8810a92151fffff
18115,8810f6c8d7fffff
18116,8810f48ae1fffff
18117,8810f6c5e3fffff
18118,8810f08339fffff
18119,8810f4498bfffff
18120,8810f48101fffff
18121,8810f556b3fffff
18122,8810f625e7fffff
18123,8810f08419fffff
18124,8810f6d407fffff
18125,8810a921c3fffff
18126,8810f454c9fffff
18127,8810f5545bfffff
18128,8810f4113bfffff
18129,8810f0422bfffff
18130,8810f28687fffff
18131,8810f48f59fffff
18132,8810f42717fffff
18133,8810f40753fffff
18134,8810f68a65fffff
18135,8810f4acc3fffff
18136,8810f09111fffff
18137,8810f6ce63fffff
18138,8810f445b7fffff
18139,8810f622c5fffff
18140,8810f08e59fffff
18141,8810f41323fffff
18142,8810f435d3fffff
18143,8810f4b443fffff
18144,8810f28005fffff
18145,8810a96569fffff
18146,8810f50017fffff
18147,8810f6b463fffff
18148,8810f01919fffff
18149,8810f464d9fffff
18150,8810f61b61fffff
18151,8810f0d899fffff
18152,8810f612e9fffff
18153,8810f6372dfffff
18154,8810f480adfffff
18155,8810f674e5fffff
18156,8810f01841fffff
18157,8810f6ce83fffff
18158,8810f5099dfffff
18159,8810f6d2c7fffff
18160,8810f049b5fffff
18161,8810f09265fffff
18162,8810f6b2cdfffff
18163,8810f58b29fffff
18164,8810f55099fffff
18165,8810f286cbfffff
18166,8810f4d16bfffff
18167,8810f5bae5fffff
18168,8810f4aa19fffff
18169,8810f41681fffff
18170,88101b7003fffff
18171,8810f40549fffff
18172,8810f296b1fffff
18173,8810f0b125fffff
18174,8810f54e51fffff
18175,8810f08cb5fffff
18176,8810f446e7fffff
18177,8810f5b829fffff
18178,8810f0da17fffff
18179,8810f42d59fffff
18180,88101b4e69fffff
18181,8810f549e3fffff
18182,8810f63029fffff
18183,8810f28101fffff
18184,8810f05a3dfffff
18185,8810f4b541fffff
18186,8810f498bbfffff
18187,8810f501dbfffff
18188,8810f4c915fffff
18189,8810f59b05fffff
18190,8810a92739fffff
18191,8810f6a46bfffff
18192,8810f048bdfffff
18193,8810f518a1fffff
18194,8810f47b5bfffff
18195,8810f45ad1fffff
18196,8810f51a49fffff
18197,8810f45137fffff
18198,88101b6723fffff
18199,88101b6b55fffff
18200,8810f62ac5fffff
18201,8810f408e5fffff
18202,88101b441dfffff
18203,8810f0d733fffff
18204,8810f6c037fffff
18205,8810f5c833fffff
18206,8810f4b8e3fffff
18207,8810f4cd8dfffff
18208,8810f4b8b1fffff
18209,8810f4d89dfffff
18210,8810f0814bfffff
18211,8810f058b5fffff
18212,8810a925c1fffff
18213,88101a6529fffff
18214,8810f4b9b3fffff
18215,8810f632a5fffff
18216,8810f5b16bfffff
18217,8810f4364bfffff
18218,8810f4a723fffff
18219,8810f0b211fffff
18220,8810f6ac2dfffff
18221,8810f519d3fffff
18222,8810f4c161fffff
18223,8810f6d0d5fffff
18224,8810f47a15fffff
18225,88101b05c5fffff
18226,8810f04063fffff
18227,8810f6d539fffff
18228,8810f44435fffff
18229,8810f40051fffff
18230,8810f0918dfffff
18231,8810f01a29fffff
18232,8810f46ae5fffff
18233,8810f6221dfffff
18234,8810f42645fffff
18235,8810f59559fffff
18236,8810a96447fffff
18237,8810f51361fffff
18238,8810f6a143fffff
18239,8810f512d3fffff
18240,8810f5d6a7fffff
18241,8810f43217fffff
18242,8810f0112bfffff
18243,88101b4e3bfffff
18244,8810f4b213fffff
18245,8810f58145fffff
18246,8810f0da0dfffff
18247,8810a936b5fffff
18248,8810f6b9dbfffff
18249,8810f44665fffff
18250,8810f425e5fffff
18251,8810f631a1fffff
18252,8810f50915fffff
18253,8810f47883fffff
18254,8810f5890dfffff
18255,8810f09261fffff
18256,8810f62719fffff
18257,8810f6820dfffff
18258,8810a93859fffff
18259,8810a936abfffff
18260,8810f0056dfffff
18261,8810f4c70bfffff
18262,8810f54d23fffff
18263,8810f68561fffff
18264,8810f0ce69fffff
18265,8810f01683fffff
18266,88101b55b5fffff
18267,8810f08333fffff
18268,8810f082c9fffff
18269,8810f0b2adfffff
18270,8810f55049fffff
18271,8810f294e7fffff
18272,8810f08985fffff
18273,8810f48dadfffff
18274,8810f00093fffff
18275,8810f43887fffff
18276,8810f6b325fffff
18277,8810f50983fffff
18278,8810f41485fffff
18279,8810f0d033fffff
18280,8810a92593fffff
18281,8810a938e3fffff
18282,8810f625bbfffff
18283,8810f592ddfffff
18284,8810f4b6abfffff
18285,88101b549dfffff
18286,8810f5cb35fffff
18287,8810f4cea9fffff
18288,8810f4cad3fffff
18289,8810f606d9fffff
18290,8810f5cf63fffff
18291,8810f08509fffff
18292,8810f6265bfffff
18293,8810f57a41fffff
18294,8810f6115dfffff
18295,8810f0c5ebfffff
18296,8810f6304dfffff
18297,8810f440ddfffff
18298,8810a966c5fffff
18299,88101b2dc5fffff
18300,8810f448c9fffff
18301,8810f4c541fffff
18302,88101b733dfffff
18303,8810f68651fffff
18304,8810f09b19fffff
18305,8810f54f17fffff
18306,8810a96e35fffff
18307,8810f62551fffff
18308,8810a961cbfffff
18309,8810f6a403fffff
18310,8810f51767fffff
18311,8810f55589fffff
18312,8810f58405fffff
18313,8810f5c5a5fffff
18314,88101b4751fffff
18315,8810f556d3fffff
18316,88101b7a17fffff
18317,8810f0cb11fffff
18318,8810f62433fffff
18319,8810f4db33fffff
18320,88101a6d61fffff
18321,8810f6ab5dfffff
18322,88101b7031fffff
18323,8810f441cdfffff
18324,8810f0853bfffff
18325,8810f291ddfffff
18326,8810f62187fffff
18327,8810f68debfffff
18328,8810f0185bfffff
18329,88101b71cbfffff
18330,8810f40ebbfffff
18331,8810f62ee1fffff
18332,8810f43249fffff
18333,88101b4ab7fffff
18334,8810f6a45bfffff
18335,8810f60147fffff
18336,8810f51193fffff
18337,8810f096bdfffff
18338,8810f6d41bfffff
18339,8810f44adbfffff
18340,8810f6acd9fffff
18341,8810f42f33fffff
18342,8810f4d5cdfffff
18343,8810f44f15fffff
18344,8810f4b905fffff
18345,8810f0ca4dfffff
18346,8810f0b1dbfffff
18347,8810f0db11fffff
18348,8810f4aa3bfffff
18349,8810f4c189fffff
18350,8810f511adfffff
18351,8810f5d643fffff
18352,8810f0588dfffff
18353,8810f4ce07fffff
18354,88101b45b3fffff
18355,8810f54951fffff
18356,8810f588adfffff
18357,8810a92015fffff
18358,8810f5d027fffff
18359,8810f4b987fffff
18360,8810f01869fffff
18361,8810f6a517fffff
18362,8810f4bb25fffff
18363,8810f51039fffff
18364,8810a92537fffff
18365,8810f4ab13fffff
18366,8810f48b0dfffff
18367,8810f4409dfffff
18368,8810a961b3fffff
18369,8810f4c6c3fffff
18370,8810f4a351fffff
18371,8810f05a85fffff
18372,8810f4d883fffff
18373,8810f61743fffff
18374,8810f5cd8bfffff
18375,8810f68283fffff
18376,8810f511c5fffff
18377,8810f6ad09fffff
18378,8810f551bdfffff
18379,8810f43083fffff
18380,8810f6d439fffff
18381,88101a65e5fffff
18382,8810f55269fffff
18383,88101b6297fffff
18384,8810f5c603fffff
18385,8810f09a6bfffff
18386,8810f63755fffff
18387,8810f62b6dfffff
18388,8810f6a65bfffff
18389,8810f689dbfffff
18390,88101b74e5fffff
18391,88101b2c31fffff
18392,8810f6172bfffff
18393,8810f58ad3fffff
18394,8810f68329fffff
18395,8810f68407fffff
18396,8810f5d6c5fffff
18397,8810f0c711fffff
18398,8810f40767fffff
18399,8810f4c9cdfffff
18400,8810f55ad7fffff
18401,8810f63a1dfffff
18402,8810f42e95fffff
18403,8810f69193fffff
18404,8810f40009fffff
18405,8810f0ca89fffff
18406,88101b6b13fffff
18407,8810f46f1bfffff
18408,8810f4d505fffff
18409,8810f6d457fffff
18410,8810f40acbfffff
18411,8810f049cdfffff
18412,8810f69363fffff
18413,8810f4baadfffff
18414,88101b74a3fffff
18415,8810f664a9fffff
18416,8810f412e1fffff
18417,8810f51699fffff
18418,8810f28215fffff
18419,8810f43a5bfffff
18420,8810f6c0ddfffff
18421,8810f5c1c9fffff
18422,8810f62995fffff
18423,8810f099e5fffff
18424,8810f6a93bfffff
18425,88101b051bfffff
18426,8810f5ba63fffff
18427,88101b09a1fffff
18428,8810f4a93bfffff
18429,8810f29b53fffff
18430,88101b2927fffff
18431,8810f452bbfffff
18432,8810f5c4a5fffff
18433,8810f630e3fffff
18434,88101b7941fffff
18435,8810f0162dfffff
18436,8810f42d69fffff
18437,8810f6d299fffff
18438,8810f60119fffff
18439,8810f6983bfffff
18440,8810a93581fffff
18441,8810f0926dfffff
18442,8810f55959fffff
18443,8810f45597fffff
18444,8810f44e23fffff
18445,8810f5c6c7fffff
18446,8810f44a3dfffff
18447,8810f4ae8bfffff
18448,8810a966edfffff
18449,8810f489ebfffff
18450,8810f48921fffff
18451,8810f4d54dfffff
18452,8810f4213bfffff
18453,88101b7543fffff
18454,8810f0924bfffff
18455,8810f42927fffff
18456,8810f0c761fffff
18457,88101b08d5fffff
18458,8810f62f29fffff
18459,8810f05939fffff
18460,8810f61a3bfffff
18461,8810a96cbbfffff
18462,88101b7961fffff
18463,8810f68c91fffff
18464,8810f6d6d9fffff
18465,8810f4cf23fffff
18466,8810f0552dfffff
18467,8810f60a2dfffff
18468,8810f44a2dfffff
18469,8810f4c653fffff
18470,8810f09299fffff
18471,8810f6233bfffff
18472,8810a96283fffff
18473,8810f48ab3fffff
18474,8810f46cc9fffff
18475,8810f5175dfffff
18476,88101b76a5fffff
18477,8810f69897fffff
18478,8810f5c857fffff
18479,8810f604abfffff
18480,8810f48943fffff
18481,8810f4d5b5fffff
18482,8810f6d185fffff
18483,8810f058dbfffff
18484,8810f00309fffff
18485,8810a96497fffff
18486,8810f4b9c5fffff
18487,8810f550bdfffff
18488,8810f4ad99fffff
18489,8810f286ddfffff
18490,88101b56c7fffff
18491,8810f4b2a1fffff
18492,8810f688d1fffff
18493,8810a926a3fffff
18494,8810f4b411fffff
18495,8810f0cb55fffff
18496,8810f42f23fffff
18497,88101b4eddfffff
18498,8810f4dae5fffff
18499,8810f69851fffff
18500,8810f614a1fffff
18501,8810f5cda1fffff
18502,8810f54711fffff
18503,8810f6b2b9fffff
18504,8810f45245fffff
18505,8810f4a565fffff
18506,8810f685c1fffff
18507,8810f409d1fffff
18508,8810f4544bfffff
18509,8810f66ea1fffff
18510,8810f63aadfffff
18511,8810f4572bfffff
18512,8810f6833dfffff
18513,8810f4493dfffff
18514,8810f4a4d5fffff
18515,88101b670bfffff
18516,8810f0589dfffff
18517,8810f43137fffff
18518,8810f50811fffff
18519,8810f0924dfffff
18520,8810f6a845fffff
18521,8810f5d2e5fffff
18522,8810f41091fffff
18523,8810a9388bfffff
18524,8810f6a60dfffff
18525,8810f6b251fffff
18526,88101b75b3fffff
18527,8810f60841fffff
18528,8810f6949bfffff
18529,8810f59227fffff
18530,8810f6c321fffff
18531,88101b44bdfffff
18532,8810f08915fffff
18533,8810f59b1dfffff
18534,8810f09a5bfffff
18535,8810f45761fffff
18536,8810f61ae9fffff
18537,8810f47021fffff
18538,8810f29555fffff
18539,8810f65653fffff
18540,8810a93969fffff
18541,8810f0d92dfffff
18542,8810f081b9fffff
18543,8810f5cf59fffff
18544,8810f58447fffff
18545,8810f688b7fffff
18546,8810f499adfffff
18547,8810f44f11fffff
18548,8810f61509fffff
18549,8810f6102bfffff
18550,8810f599d5fffff
18551,8810f2b143fffff
18552,8810f6a293fffff
18553,8810f58055fffff
18554,8810f000d7fffff
18555,8810a92b53fffff
18556,88101b2933fffff
18557,8810f46e39fffff
18558,8810f62893fffff
18559,8810f04999fffff
18560,8810f464b3fffff
18561,8810f0c553fffff
18562,8810f621edfffff
18563,88101b6239fffff
18564,8810f08a87fffff
18565,8810f44b0dfffff
18566,8810a97561fffff
18567,8810f46c2dfffff
18568,8810f4686dfffff
18569,8810a92653fffff
18570,8810aba407fffff
18571,8810f6c32dfffff
18572,8810f08d6dfffff
18573,8810f4816dfffff
18574,8810f6ccdbfffff
18575,8810f282bbfffff
18576,8810f4649dfffff
18577,8810f0c43dfffff
18578,8810f63945fffff
18579,8810f6860dfffff
18580,8810f6b8e3fffff
18581,8810f685b7fffff
18582,8810f012b1fffff
18583,8810f016adfffff
18584,8810f5595bfffff
18585,8810f5d049fffff
18586,8810f40ccdfffff
18587,8810f48a35fffff
18588,8810f6c6a3fffff
18589,8810f6ac91fffff
18590,8810f519d7fffff
18591,8810f0c493fffff
18592,8810f51b59fffff
18593,8810f43853fffff
18594,8810f0ab47fffff
18595,8810a9276bfffff
18596,8810f502c7fffff
18597,8810f63013fffff
18598,8810f2835dfffff
18599,8810f5d321fffff
18600,8810f0bac9fffff
18601,8810f62511fffff
18602,8810f6d12dfffff
18603,8810f44921fffff
18604,8810f545abfffff
18605,8810f09831fffff
18606,8810f680cdfffff
18607,8810f45451fffff
18608,8810f422c7fffff
18609,8810f45683fffff
18610,8810f66a91fffff
18611,8810f634b1fffff
18612,8810f5d713fffff
18613,8810f01349fffff
18614,8810f0d99bfffff
18615,8810f0555dfffff
18616,8810f0186bfffff
18617,8810a93b13fffff
18618,8810f4110bfffff
18619,8810f6180dfffff
18620,8810f42223fffff
18621,8810f0c765fffff
18622,8810f422b3fffff
18623,8810f62c59fffff
18624,8810f4aebbfffff
18625,8810f54099fffff
18626,8810f0b209fffff
18627,8810f62a8bfffff
18628,88101b0e85fffff
18629,8810f085d1fffff
18630,8810f29739fffff
18631,8810f47305fffff
18632,8810f4a415fffff
18633,8810f5c41bfffff
18634,8810f60c9bfffff
18635,8810f44ca3fffff
18636,8810f6aa13fffff
18637,8810f08361fffff
18638,8810f66abdfffff
18639,8810f68b05fffff
18640,8810f28369fffff
18641,8810f422dbfffff
18642,8810f2969bfffff
18643,8810f4b88bfffff
18644,8810f675b1fffff
18645,88101b0817fffff
18646,8810f5c03bfffff
18647,8810f46007fffff
18648,8810f6d367fffff
18649,8810f63503fffff
18650,88101b08c1fffff
18651,88101b6487fffff
18652,8810f40e09fffff
18653,88101b6d87fffff
18654,8810f43593fffff
18655,8810f6b34bfffff
18656,8810f6929dfffff
18657,88101b19b3fffff
18658,8810f08cd5fffff
18659,8810f6d443fffff
18660,8810f50b17fffff
18661,88101b2de5fffff
18662,88101a6cd9fffff
18663,8810f4aaa9fffff
18664,88101b48b3fffff
18665,8810f5c187fffff
18666,8810f0b215fffff
18667,8810f04a69fffff
18668,8810f688e9fffff
18669,8810f51721fffff
18670,8810f5529bfffff
18671,88101b771dfffff
18672,8810f4b351fffff
18673,8810f4490bfffff
18674,8810f6648bfffff
18675,8810f6b24dfffff
18676,88101b0a33fffff
18677,8810f401ddfffff
18678,8810f69235fffff
18679,8810f599e9fffff
18680,8810f6c607fffff
18681,8810f686e3fffff
18682,8810f012d7fffff
18683,8810f4a131fffff
18684,8810f0d897fffff
18685,8810f695c5fffff
18686,8810f4a6cbfffff
18687,8810f4482bfffff
18688,8810f44485fffff
18689,8810f4b817fffff
18690,88101b0153fffff
18691,8810f09a39fffff
18692,8810f089a3fffff
18693,88101b799bfffff
18694,8810f68e8bfffff
18695,8810f296a3fffff
18696,8810a96c9bfffff
18697,8810a92215fffff
18698,8810f5c1cdfffff
18699,8810f41625fffff
18700,8810f6adddfffff
18701,8810f47a55fffff
18702,8810f5ced1fffff
18703,8810f46425fffff
18704,8810f44a43fffff
18705,8810a96f37fffff
18706,8810f470b7fffff
18707,8810f419edfffff
18708,8810f48d4bfffff
18709,8810f4016dfffff
18710,8810f5451bfffff
18711,8810f0d837fffff
18712,8810f4a705fffff
18713,8810f60135fffff
18714,88101a6993fffff
18715,8810f67633fffff
18716,8810f51913fffff
18717,88101b01a1fffff
18718,88101b64e3fffff
18719,8810f6af27fffff
18720,88101b29cdfffff
18721,8810f5c717fffff
18722,88101b60bbfffff
18723,8810f622a1fffff
18724,8810f62107fffff
18725,8810f58565fffff
18726,8810f08747fffff
18727,8810a96523fffff
18728,8810f4bb4bfffff
18729,8810f55a0dfffff
18730,8810f69727fffff
18731,8810f0996bfffff
18732,8810f599e1fffff
18733,8810f5c083fffff
18734,8810f44931fffff
18735,8810f5459bfffff
18736,8810f592b5fffff
18737,8810f66ca9fffff
18738,8810f6b345fffff
18739,88101b56bdfffff
18740,8810f4ccb7fffff
18741,8810f48dc1fffff
18742,8810f0d363fffff
18743,8810aba6a7fffff
18744,8810f43757fffff
18745,8810f5d325fffff
18746,8810f2b20bfffff
18747,8810f4dad5fffff
18748,8810f0ba25fffff
18749,8810f4caa5fffff
18750,8810f0b82bfffff
18751,8810f4b027fffff
18752,8810f63119fffff
18753,8810f50a5dfffff
18754,8810f676b7fffff
18755,8810f66427fffff
18756,8810f05165fffff
18757,8810f478b1fffff
18758,8810f4b2d5fffff
18759,8810f5b9e5fffff
18760,8810f6bb17fffff
18761,8810f0496dfffff
18762,8810f0bb69fffff
18763,8810f47161fffff
18764,8810f67639fffff
18765,8810f58e03fffff
18766,8810f08965fffff
18767,8810f4d2c5fffff
18768,8810f00263fffff
18769,8810f0b825fffff
18770,8810a92c49fffff
18771,8810f626abfffff
18772,8810f41917fffff
18773,8810f088b9fffff
18774,8810f0896bfffff
18775,8810f55529fffff
18776,8810f43413fffff
18777,8810f51515fffff
18778,8810f4d669fffff
18779,8810f46d97fffff
18780,8810a962dbfffff
18781,8810a92097fffff
18782,8810f51b69fffff
18783,8810f5c8a7fffff
18784,8810f488e1fffff
18785,8810f63825fffff
18786,88101b6a0bfffff
18787,8810f4286dfffff
18788,8810f68369fffff
18789,88101b6d2bfffff
18790,8810f459c5fffff
18791,8810f4d353fffff
18792,8810f6b099fffff
18793,8810f42713fffff
18794,8810f4265bfffff
18795,8810f4c14bfffff
18796,8810f4d1ebfffff
18797,8810f45b3dfffff
18798,8810f290b1fffff
18799,8810f4d4c9fffff
18800,8810f41739fffff
18801,8810f4bae3fffff
18802,8810f40063fffff
18803,8810f098b3fffff
18804,8810f42409fffff
18805,8810f6816bfffff
18806,8810f0d905fffff
18807,8810f58513fffff
18808,8810f0d451fffff
18809,8810f4208bfffff
18810,8810f0118bfffff
18811,8810f5c11bfffff
18812,8810f41ad1fffff
18813,8810f0c631fffff
18814,8810f5d53dfffff
18815,8810f5cf37fffff
18816,8810f5566dfffff
18817,8810f0074dfffff
18818,88101b00ddfffff
18819,8810a90ddbfffff
18820,8810f55607fffff
18821,88101b2d31fffff
18822,8810a92443fffff
18823,8810a96cedfffff
18824,8810f47b37fffff
18825,88101b68e9fffff
18826,8810f01937fffff
18827,8810f4314dfffff
18828,8810a926abfffff
18829,8810f4b299fffff
18830,88101a6f53fffff
18831,8810f058edfffff
18832,8810f624a7fffff
18833,8810f4c1e3fffff
18834,8810f5c10bfffff
18835,8810f5c161fffff
18836,8810f01a31fffff
18837,88101b4619fffff
18838,8810f0c6b7fffff
18839,8810f295c7fffff
18840,8810f414e1fffff
18841,8810f59099fffff
18842,88101b6597fffff
18843,8810f5cc0bfffff
18844,8810f48a07fffff
18845,8810f6c53dfffff
18846,8810f62eb3fffff
18847,8810f54643fffff
18848,8810f4b237fffff
18849,8810f510adfffff
18850,8810f5496bfffff
18851,8810f0c143fffff
18852,8810f44f21fffff
18853,8810f489c3fffff
18854,8810f46e65fffff
18855,8810a92c05fffff
18856,8810f546c5fffff
18857,8810f08f39fffff
18858,8810f0c817fffff
18859,88101b3b0bfffff
18860,8810f63513fffff
18861,8810f08e9dfffff
18862,8810f052d1fffff
18863,8810f4d6d3fffff
18864,8810f5bb45fffff
18865,8810f40523fffff
18866,8810f08899fffff
18867,8810f675a3fffff
18868,88101b0ccbfffff
18869,8810f09633fffff
18870,88101b6217fffff
18871,8810a93125fffff
18872,8810f48e21fffff
18873,88101b6539fffff
18874,8810f5d0a3fffff
18875,88101b0b3bfffff
18876,8810f6b32dfffff
18877,8810f666e3fffff
18878,8810a96617fffff
18879,8810f582e3fffff
18880,8810f488cdfffff
18881,8810f5d91bfffff
18882,88101b0b25fffff
18883,8810f4a5e5fffff
18884,8810a920ddfffff
18885,8810f0036dfffff
18886,8810a92805fffff
18887,8810f69119fffff
18888,8810f5891dfffff
18889,88101b7953fffff
18890,8810f4aae9fffff
18891,8810f6af4dfffff
18892,8810f6c199fffff
18893,8810f60a5dfffff
18894,8810f46d59fffff
18895,8810a9395dfffff
18896,88101b7639fffff
18897,8810f429adfffff
18898,8810f5ce63fffff
18899,8810f5da31fffff
18900,88101b01cbfffff
18901,88101b05c3fffff
18902,8810f40001fffff
18903,8810f09433fffff
18904,88101b65bdfffff
18905,8810f40dc3fffff
18906,8810f6b001fffff
18907,8810f59a5bfffff
18908,8810f0c6cdfffff
18909,8810f58259fffff
18910,8810a92455fffff
18911,8810f29b39fffff
18912,8810aba4b5fffff
18913,88101b68edfffff
18914,8810f4393bfffff
18915,8810f5d00bfffff
18916,8810f632cbfffff
18917,8810f5b9edfffff
18918,8810f09b01fffff
18919,8810f292b5fffff
18920,8810f6daa3fffff
18921,8810f4c8ebfffff
18922,8810f4a847fffff
18923,8810f61ad1fffff
18924,8810f4da07fffff
18925,8810f46485fffff
18926,8810f6ba83fffff
18927,88101b70dbfffff
18928,8810f4b103fffff
18929,88101b02a5fffff
18930,8810a96aebfffff
18931,88101b0e91fffff
18932,8810f40f1bfffff
18933,8810f47969fffff
18934,8810f42cbbfffff
18935,8810f0d213fffff
18936,8810f00215fffff
18937,88101b7197fffff
18938,8810f6b4d1fffff
18939,8810f6b4edfffff
18940,8810f0d697fffff
18941,8810f42149fffff
18942,8810f059b3fffff
18943,88101b6d4bfffff
18944,8810f558e9fffff
18945,8810f40d3dfffff
18946,8810f54c65fffff
18947,8810f5090bfffff
18948,8810f4853dfffff
18949,8810f42533fffff
18950,8810f411ddfffff
18951,8810f4a283fffff
18952,8810f509c7fffff
18953,88101b083dfffff
18954,8810f44647fffff
18955,8810f28091fffff
18956,8810f411e9fffff
18957,8810f50101fffff
18958,8810f4240bfffff
18959,8810f45013fffff
18960,8810f6ba3dfffff
18961,8810f61a31fffff
18962,8810f55897fffff
18963,8810f510a7fffff
18964,8810f664bbfffff
18965,8810f5c189fffff
18966,8810f45b0bfffff
18967,8810f48589fffff
18968,8810f69759fffff
18969,88101b7991fffff
18970,8810f05b31fffff
18971,8810f5d667fffff
18972,8810f09201fffff
18973,8810f049c1fffff
18974,8810f2984dfffff
18975,8810f58d19fffff
18976,8810f6a2adfffff
18977,8810f634a7fffff
18978,8810f5cf51fffff
18979,8810f09a2dfffff
18980,8810f6895bfffff
18981,8810f674e1fffff
18982,8810f692dbfffff
18983,8810f4a6b9fffff
18984,8810f68e27fffff
18985,8810f6a5c5fffff
18986,8810f0b333fffff
18987,8810f54467fffff
18988,8810f404b5fffff
18989,8810f4a76dfffff
18990,8810f4c601fffff
18991,8810f4516bfffff
18992,8810f6c617fffff
18993,8810f6b261fffff
18994,8810f5d723fffff
18995,8810f4c6ddfffff
18996,8810f58d93fffff
18997,8810f0d05bfffff
18998,8810f6a145fffff
18999,8810f081c5fffff
19000,8810f6aa19fffff
19001,8810f40c53fffff
19002,8810f0bb43fffff
19003,8810f4c669fffff
19004,8810f6a59dfffff
19005,8810f01401fffff
19006,8810f472d3fffff
19007,8810f47845fffff
19008,8810f42b09fffff
19009,8810f60cd9fffff
19010,8810f63351fffff
19011,8810f40893fffff
19012,8810f05a83fffff
19013,8810f418d3fffff
19014,8810f512c7fffff
19015,8810f09b61fffff
19016,8810f4d53bfffff
19017,88101a6e85fffff
19018,8810f42d2dfffff
19019,8810f4486bfffff
19020,8810f424a7fffff
19021,8810f552abfffff
19022,8810f47249fffff
19023,8810f6b8b1fffff
19024,8810f675b3fffff
19025,88101b0943fffff
19026,8810f42917fffff
19027,8810f62eb9fffff
19028,8810f54501fffff
19029,8810f63409fffff
19030,8810f61417fffff
19031,8810f5c9b1fffff
19032,8810f684a5fffff
19033,8810f0136bfffff
19034,8810f4608bfffff
19035,8810f5026dfffff
19036,8810f55351fffff
19037,88101b70adfffff
19038,8810a92407fffff
19039,8810f6a9c9fffff
19040,8810f2845dfffff
19041,8810f69b17fffff
19042,8810f548c7fffff
19043,8810f4a2c7fffff
19044,8810f4b607fffff
19045,88101b0e93fffff
19046,8810f2951bfffff
19047,8810f51205fffff
19048,8810f6a54bfffff
19049,8810f4d467fffff
19050,8810f44ca9fffff
19051,8810f09569fffff
19052,8810f456edfffff
19053,8810f0c969fffff
19054,8810f675d3fffff
19055,8810f6b347fffff
19056,8810f450c9fffff
19057,8810a9259dfffff
19058,8810f6b055fffff
19059,8810f660b1fffff
19060,88101b68e7fffff
19061,88101b7901fffff
19062,8810f4b4cdfffff
19063,8810f476a1fffff
19064,8810a97445fffff
19065,8810f45695fffff
19066,8810a96d61fffff
19067,8810f6b625fffff
19068,8810f4c8cdfffff
19069,8810f48187fffff
19070,8810f0529dfffff
19071,8810f5ce5bfffff
19072,8810f4b543fffff
19073,88101b65e1fffff
19074,8810f618a3fffff
19075,8810f4d719fffff
19076,8810f4b0cbfffff
19077,8810f68b19fffff
19078,8810f4c1c3fffff
19079,8810f68db5fffff
19080,8810f599edfffff
19081,8810f44a85fffff
19082,8810f414a3fffff
19083,8810f05a57fffff
19084,8810f46659fffff
19085,8810f4049dfffff
19086,8810f5cf53fffff
19087,8810f0d139fffff
19088,8810a92723fffff
19089,8810f47867fffff
19090,88101b6a0dfffff
19091,8810f6c0b7fffff
19092,8810f4085dfffff
19093,8810f05b0bfffff
19094,8810f63b29fffff
19095,8810a92c9dfffff
19096,8810f6d5a9fffff
19097,8810a920b7fffff
19098,8810f41591fffff
19099,8810a97533fffff
19100,8810f50b67fffff
19101,8810f5cc5dfffff
19102,8810f6b591fffff
19103,8810f454ddfffff
19104,8810a92801fffff
19105,8810f66083fffff
19106,8810f59919fffff
19107,8810f55457fffff
19108,88101b0185fffff
19109,8810f4b561fffff
19110,8810f0d85dfffff
19111,8810f66487fffff
19112,8810f61737fffff
19113,8810a9769dfffff
19114,8810f42e5dfffff
19115,8810f4d9c5fffff
19116,8810f010a7fffff
19117,8810f6a6c7fffff
19118,8810f68461fffff
19119,8810f6c249fffff
19120,8810f4af17fffff
19121,8810f4c4c3fffff
19122,8810f57a4dfffff
19123,8810f58aa7fffff
19124,8810f54223fffff
19125,88101b0c23fffff
19126,8810f59361fffff
19127,8810f6824dfffff
19128,8810f4bb53fffff
19129,8810f0cb59fffff
19130,8810f5d25dfffff
19131,8810f4baebfffff
19132,8810f50f4dfffff
19133,8810f470bbfffff
19134,8810f4255dfffff
19135,88101b7367fffff
19136,8810a96217fffff
19137,8810f410b9fffff
19138,8810f43645fffff
19139,8810f6add7fffff
19140,8810f420e7fffff
19141,8810f40eadfffff
19142,8810f47699fffff
19143,8810f4b24dfffff
19144,8810f6289bfffff
19145,8810a90c95fffff
19146,8810f6b269fffff
19147,8810f58983fffff
19148,8810f4cf57fffff
19149,8810f6102dfffff
19150,8810f460d1fffff
19151,8810f5ca0bfffff
19152,8810f41b0dfffff
19153,8810f664c9fffff
19154,8810f01853fffff
19155,8810f60e93fffff
19156,8810f6940dfffff
19157,8810f00245fffff
19158,8810f6c525fffff
19159,88101b641bfffff
19160,8810f0d92bfffff
19161,8810f67485fffff
19162,8810f5c967fffff
19163,8810f50b27fffff
19164,8810f6a2d9fffff
19165,8810f2b32bfffff
19166,8810f45187fffff
19167,8810a925d9fffff
19168,8810f45521fffff
19169,88101b4885fffff
19170,8810f6ac3dfffff
19171,8810f5cc39fffff
19172,8810f61603fffff
19173,88101b6eb1fffff
19174,8810f545d3fffff
19175,8810f62737fffff
19176,8810f48d85fffff
19177,8810f42c85fffff
19178,8810f598bbfffff
19179,8810f48e15fffff
19180,8810f46c9dfffff
19181,8810a93495fffff
19182,8810f28491fffff
19183,8810f6a053fffff
19184,8810f44a55fffff
19185,8810f42ebbfffff
19186,8810f5d34bfffff
19187,88101b6d15fffff
19188,8810f6608dfffff
19189,88101b7a5dfffff
19190,8810f4cb4dfffff
19191,8810f4071dfffff
19192,8810f5c921fffff
19193,8810f45205fffff
19194,8810f42a47fffff
19195,8810f4ca55fffff
19196,8810f68a17fffff
19197,8810f6c661fffff
19198,8810f0c201fffff
19199,8810a935a7fffff
19200,8810f098b1fffff
19201,8810f5c221fffff
19202,8810f61aa3fffff
19203,88101b6623fffff
19204,8810f40cc5fffff
19205,8810f6b4c3fffff
19206,8810f6994bfffff
19207,8810f4651bfffff
19208,88101b6e3bfffff
19209,8810f68045fffff
19210,88101b4e33fffff
19211,8810f4208dfffff
19212,88101b72bbfffff
19213,8810a96c27fffff
19214,8810f6babbfffff
19215,8810f6c1d3fffff
19216,8810f59a6bfffff
19217,8810a96767fffff
19218,8810f0d151fffff
19219,8810f45a01fffff
19220,8810f6a625fffff
19221,8810f4019dfffff
19222,88101b6967fffff
19223,8810f44809fffff
19224,8810f04049fffff
19225,8810f5d985fffff
19226,8810f60a11fffff
19227,8810f010c3fffff
19228,8810f4a46bfffff
19229,8810f50f35fffff
19230,8810f4d595fffff
19231,8810f284e1fffff
19232,8810a92c8bfffff
19233,8810f41729fffff
19234,8810f5d0abfffff
19235,8810f47ad7fffff
19236,8810f55121fffff
19237,8810f6346dfffff
19238,8810f4271bfffff
19239,8810f09b5dfffff
19240,8810f59297fffff
19241,8810f0c1d1fffff
19242,8810f621e3fffff
19243,8810f60497fffff
19244,8810f0cc6dfffff
19245,8810f60cb7fffff
19246,8810f09715fffff
19247,8810f5cc35fffff
19248,8810f54e85fffff
19249,8810f29485fffff
19250,8810a936b7fffff
19251,88101b0c91fffff
19252,8810f28715fffff
19253,8810f68365fffff
19254,8810f47983fffff
19255,8810f45221fffff
19256,8810f4d0b3fffff
19257,8810f6c6b1fffff
19258,8810f0c20dfffff
19259,8810f01509fffff
19260,8810f60ad7fffff
19261,8810a92c93fffff
19262,8810f47a83fffff
19263,8810f4b03dfffff
19264,8810f601e9fffff
19265,8810a93aabfffff
19266,8810f4118bfffff
19267,8810f4c827fffff
19268,8810f41897fffff
19269,8810aba4a5fffff
19270,88101b0037fffff
19271,8810f5d4b7fffff
19272,8810f44881fffff
19273,8810f40963fffff
19274,8810f59721fffff
19275,8810f0c915fffff
19276,8810f29303fffff
19277,8810f6c6a5fffff
19278,8810f55095fffff
19279,8810f0160bfffff
19280,8810f624ebfffff
19281,8810f092d3fffff
19282,8810f41a4dfffff
19283,8810f4a13dfffff
19284,8810f62f53fffff
19285,8810f4d999fffff
19286,8810f55145fffff
19287,88101b0c31fffff
19288,8810f54231fffff
19289,8810f4476dfffff
19290,8810f0cf29fffff
19291,8810f45b49fffff
19292,8810f69889fffff
19293,8810f4c0a7fffff
19294,8810f0b81bfffff
19295,8810a90db7fffff
19296,8810f08f17fffff
19297,8810f6d5cbfffff
19298,8810f51513fffff
19299,8810f469b5fffff
19300,8810f4a1dbfffff
19301,8810f45aa1fffff
19302,8810f4d207fffff
19303,8810f4ab3dfffff
19304,8810f42235fffff
19305,88101b0e59fffff
19306,8810f09125fffff
19307,8810f0daddfffff
19308,8810f682edfffff
19309,8810f5d143fffff
19310,88101b48d9fffff
19311,8810f08b37fffff
19312,88101b6761fffff
19313,8810f4d2adfffff
19314,8810f4c55dfffff
19315,8810f4d49dfffff
19316,8810f4d09bfffff
19317,88101b70cbfffff
19318,8810f42129fffff
19319,8810f286a5fffff
19320,8810f46de3fffff
19321,8810f0cec9fffff
19322,8810f622e5fffff
19323,8810f04b6dfffff
19324,8810f08299fffff
19325,8810f61621fffff
19326,8810a92dddfffff
19327,88101b08ddfffff
19328,8810f46c25fffff
19329,8810f29557fffff
19330,8810f6a0cdfffff
19331,8810f42b29fffff
19332,8810f5ce9bfffff
19333,8810f5555dfffff
19334,8810f58f0dfffff
19335,8810f4c53bfffff
19336,8810f6995bfffff
19337,8810f4d9e7fffff
19338,8810a92c13fffff
19339,8810f08589fffff
19340,8810f04239fffff
19341,8810f6983dfffff
19342,8810f694adfffff
19343,8810f0db3dfffff
19344,8810a96437fffff
19345,8810f6962bfffff
19346,8810f624b5fffff
19347,8810a96605fffff
19348,8810f55153fffff
19349,8810f6a343fffff
19350,8810f54125fffff
19351,8810f01605fffff
19352,8810f4654dfffff
19353,8810f510e5fffff
19354,8810f61657fffff
19355,8810f04b01fffff
19356,8810f2922bfffff
19357,88101b016dfffff
19358,8810f605e7fffff
19359,8810f4a151fffff
19360,8810f09243fffff
19361,8810f48883fffff
19362,8810f5189bfffff
19363,8810f05813fffff
19364,8810f660b9fffff
19365,8810f449b1fffff
19366,8810f599b7fffff
19367,8810f4b6e3fffff
19368,88101b4485fffff
19369,8810f62e47fffff
19370,8810f6a8c1fffff
19371,8810f664a1fffff
19372,8810f048a7fffff
19373,8810f6a909fffff
19374,8810f632d3fffff
19375,8810f092b7fffff
19376,8810f0ceddfffff
19377,8810f6b195fffff
19378,8810f4a90bfffff
19379,8810f69803fffff
19380,8810f54263fffff
19381,8810f44517fffff
19382,8810f460ebfffff
19383,8810f68863fffff
19384,8810f554bdfffff
19385,8810f40f6dfffff
19386,88101b60abfffff
19387,8810a92aebfffff
19388,8810f5116dfffff
19389,8810f46ad5fffff
19390,8810f50253fffff
19391,8810f298cbfffff
19392,8810f5d9bdfffff
19393,8810f29841fffff
19394,8810f54697fffff
19395,8810f439ebfffff
19396,8810f61221fffff
19397,8810f4aab3fffff
19398,8810a976b1fffff
19399,8810f61ad5fffff
19400,8810f51281fffff
19401,8810f0d413fffff
19402,8810a93aa1fffff
19403,8810f4206bfffff
19404,8810f660edfffff
19405,8810f435bdfffff
19406,8810f598c9fffff
19407,8810f08221fffff
19408,8810f42415fffff
19409,8810f680b7fffff
19410,8810f47715fffff
19411,8810f66ea3fffff
19412,8810f5d131fffff
19413,8810f0d1b5fffff
19414,8810f0b94bfffff
19415,8810f5cdcdfffff
19416,8810f68d4dfffff
19417,88101b4e6dfffff
19418,88101b2989fffff
19419,8810f6ce3bfffff
19420,8810f63ab3fffff
19421,8810f5c6cbfffff
19422,8810f5ca5bfffff
19423,8810f4a629fffff
19424,8810f6192dfffff
19425,8810f095cdfffff
19426,88101b19bdfffff
19427,8810f42a31fffff
19428,8810f44a91fffff
19429,8810f541a3fffff
19430,8810f2b257fffff
19431,8810f0cc39fffff
19432,8810f5d531fffff
19433,8810f6ac43fffff
19434,8810f4ca8bfffff
19435,8810f0992dfffff
19436,8810f46c51fffff
19437,8810f6af63fffff
19438,8810f44217fffff
19439,8810f5cda9fffff
19440,8810f291a1fffff
19441,8810f04113fffff
19442,88101b6d37fffff
19443,8810f435bbfffff
19444,8810f0899dfffff
19445,8810a90cd5fffff
19446,8810f4363dfffff
19447,8810f508d9fffff
19448,8810a92e67fffff
19449,8810f01767fffff
19450,8810a97545fffff
19451,8810f016bbfffff
19452,8810f0db57fffff
19453,8810f63085fffff
19454,8810f05367fffff
19455,8810f68c69fffff
19456,8810f4aa39fffff
19457,8810f4a983fffff
19458,8810f6d5bbfffff
19459,8810f092c1fffff
19460,8810f44543fffff
19461,8810f46cebfffff
19462,8810f4b9c3fffff
19463,8810f28257fffff
19464,8810f5c41dfffff
19465,8810f554d1fffff
19466,88101b45dbfffff
19467,8810f42dd5fffff
19468,8810f5c185fffff
19469,8810f40dd5fffff
19470,8810f4b6d3fffff
19471,8810f47729fffff
19472,8810f418e3fffff
19473,8810f6caa5fffff
19474,8810a92ee9fffff
19475,8810f6b5a9fffff
19476,8810f0074bfffff
19477,8810f000e1fffff
19478,8810f099b5fffff
19479,8810f49915fffff
19480,88101b2865fffff
19481,8810f48817fffff
19482,8810f00239fffff
19483,8810f62aa5fffff
19484,88101b442dfffff
19485,8810f40f35fffff
19486,8810f61119fffff
19487,8810f69ad3fffff
19488,8810f5d0d7fffff
19489,8810f475d3fffff
19490,8810f4a961fffff
19491,8810f4a9e7fffff
19492,8810f4b855fffff
19493,8810f59a45fffff
19494,8810f08611fffff
19495,88101b6221fffff
19496,8810f481d5fffff
19497,8810f4072bfffff
19498,8810f610e9fffff
19499,8810f621bbfffff
19500,8810a934c3fffff
19501,8810f6af03fffff
19502,8810f42725fffff
19503,8810a93911fffff
19504,8810f40b49fffff
19505,8810f6b543fffff
19506,8810f5823bfffff
19507,8810f69a81fffff
19508,88101b7043fffff
19509,8810a936bbfffff
19510,8810f5890bfffff
19511,88101a652bfffff
19512,8810f6a347fffff
19513,8810f4c85bfffff
19514,8810f47889fffff
19515,8810f60aedfffff
19516,88101b6751fffff
19517,8810f63447fffff
19518,8810f692c9fffff
19519,8810f440bbfffff
19520,8810f0da15fffff
19521,8810f68c1bfffff
19522,8810f46953fffff
19523,8810f0bb67fffff
19524,8810f66acdfffff
19525,8810f08e83fffff
19526,8810f0c349fffff
19527,8810f5d14bfffff
19528,8810f54cc1fffff
19529,8810f5534bfffff
19530,88101a6f63fffff
19531,8810f69b45fffff
19532,8810f5925bfffff
19533,8810f54719fffff
19534,8810f4cca9fffff
19535,8810f68509fffff
19536,8810f5c05bfffff
19537,8810f59303fffff
19538,8810f44c87fffff
19539,8810f4c819fffff
19540,88101a68b9fffff
19541,8810f46149fffff
19542,8810f42aa3fffff
19543,8810f44c23fffff
19544,8810f448b9fffff
19545,8810f014a3fffff
19546,8810f05acbfffff
19547,8810f04abdfffff
19548,8810f4a489fffff
19549,8810f4128bfffff
19550,8810f6c6b9fffff
19551,8810f0504dfffff
19552,8810f46b27fffff
19553,8810f61627fffff
19554,8810f295b9fffff
19555,8810f489d9fffff
19556,8810f4213dfffff
19557,8810f4a619fffff
19558,8810f6a6a9fffff
19559,8810f08ed9fffff
19560,8810f5583dfffff
19561,8810f58a1bfffff
19562,88101b54bdfffff
19563,8810f4b9d1fffff
19564,8810f4b8a5fffff
19565,8810f69113fffff
19566,8810f4cc0dfffff
19567,88101b0119fffff
19568,8810f434b3fffff
19569,8810f28705fffff
19570,88101b0de1fffff
19571,88101b086bfffff
19572,88101b6ec5fffff
19573,8810f4b863fffff
19574,8810f48c6dfffff
19575,8810f60131fffff
19576,8810f47a6dfffff
19577,8810f094cbfffff
19578,8810a92e85fffff
19579,8810f460abfffff
19580,8810f0b1c1fffff
19581,8810f0c5e1fffff
19582,88101b0951fffff
19583,8810f4632dfffff
19584,8810a92a37fffff
19585,8810f4aa89fffff
19586,8810f5d663fffff
19587,8810f41a8bfffff
19588,8810f40829fffff
19589,8810f63289fffff
19590,8810f6d50bfffff
19591,8810f555abfffff
19592,8810f5d625fffff
19593,8810f0c4d5fffff
19594,88101b4a85fffff
19595,8810f09033fffff
19596,8810f464e7fffff
19597,8810f5b855fffff
19598,8810f4c685fffff
19599,8810f5c961fffff
19600,8810f0d23dfffff
19601,8810f556e3fffff
19602,8810f4cf11fffff
19603,8810f636b5fffff
19604,8810f430e7fffff
19605,8810f4b185fffff
19606,8810f4c9d3fffff
19607,8810a925c7fffff
19608,8810f69555fffff
19609,88101b3909fffff
19610,8810f611c5fffff
19611,8810f5cd5dfffff
19612,8810f40d29fffff
19613,8810f54a6bfffff
19614,8810f2820dfffff
19615,8810a92cd5fffff
19616,8810f094ebfffff
19617,8810f54547fffff
19618,8810f4a9dbfffff
19619,8810f0b1e9fffff
19620,8810f69641fffff
19621,8810f6a0e5fffff
19622,8810f0b037fffff
19623,8810f55087fffff
19624,8810f48b4dfffff
19625,8810f46ac5fffff
19626,8810f01681fffff
19627,88101b4427fffff
19628,8810f440a7fffff
19629,8810f6d163fffff
19630,8810f46f2bfffff
19631,8810f44eabfffff
19632,8810f49905fffff
19633,8810f5c759fffff
19634,8810f0d281fffff
19635,8810a92665fffff
19636,8810f01705fffff
19637,8810f68853fffff
19638,8810f44801fffff
19639,8810f41633fffff
19640,8810f6c029fffff
19641,88101a6f01fffff
19642,8810f6d8bbfffff
19643,8810f4444dfffff
19644,8810f6dad7fffff
19645,88101b76a9fffff
19646,8810f09911fffff
19647,8810f5d12dfffff
19648,8810f46491fffff
19649,8810f4a9c5fffff
19650,8810f424b1fffff
19651,8810f4210bfffff
19652,8810f5523bfffff
19653,8810f40e15fffff
19654,8810f44a63fffff
19655,8810f51533fffff
19656,8810a9608bfffff
19657,8810f0b9bbfffff
19658,8810f51267fffff
19659,88101b39e3fffff
19660,8810f4683bfffff
19661,88101b62b7fffff
19662,8810f6b6d5fffff
19663,8810f5560bfffff
19664,8810f63493fffff
19665,8810f480b5fffff
19666,8810f68545fffff
19667,8810f661d5fffff
19668,8810f42db3fffff
19669,8810f62a11fffff
19670,8810a97635fffff
19671,8810f4359bfffff
19672,8810f4d557fffff
19673,88101b7147fffff
19674,8810f6b329fffff
19675,8810f5c8ddfffff
19676,8810f69221fffff
19677,8810f69955fffff
19678,8810f51467fffff
19679,88101b0d8dfffff
19680,8810f424abfffff
19681,8810f4b9c9fffff
19682,8810f5c84dfffff
19683,8810f4892dfffff
19684,8810f4a563fffff
19685,8810f01b59fffff
19686,88101b39bdfffff
19687,8810a9241dfffff
19688,8810f61321fffff
19689,8810f63a59fffff
19690,8810f6b921fffff
19691,8810f5583bfffff
19692,8810f58091fffff
19693,8810a92e35fffff
19694,8810f6b86dfffff
19695,8810f01aa1fffff
19696,8810f62c27fffff
19697,8810f54e05fffff
19698,8810f63a47fffff
19699,8810f09a2bfffff
19700,8810f6659dfffff
19701,8810f54687fffff
19702,8810f059bbfffff
19703,8810f059bdfffff
19704,8810f4ad8bfffff
19705,8810f458a1fffff
19706,8810f0d563fffff
19707,8810f6ce17fffff
19708,8810f0c22bfffff
19709,8810f4068dfffff
19710,8810f0c321fffff
19711,8810f05a1bfffff
19712,8810f58dbdfffff
19713,8810f5173bfffff
19714,8810f41a57fffff
19715,88101b6da5fffff
19716,8810f012e1fffff
19717,8810f096edfffff
19718,8810f6a0b9fffff
19719,8810f42b33fffff
19720,8810f05087fffff
19721,8810f40355fffff
19722,8810f4d163fffff
19723,8810f4a9c1fffff
19724,8810f5155dfffff
19725,8810f6b0b1fffff
19726,8810f43a45fffff
19727,8810f4b72bfffff
19728,8810f50281fffff
19729,88101b0e37fffff
19730,8810f5d30bfffff
19731,8810f4da89fffff
19732,88101b40d7fffff
19733,8810f4080bfffff
19734,8810f4b121fffff
19735,8810f6c587fffff
19736,8810f4a349fffff
19737,8810f45a83fffff
19738,8810f624d7fffff
19739,8810f6d091fffff
19740,8810f518bdfffff
19741,8810f674e3fffff
19742,8810f04ae3fffff
19743,8810f0cb2dfffff
19744,8810f51117fffff
19745,8810f08a5bfffff
19746,8810f5732dfffff
19747,88101b669dfffff
19748,8810f58891fffff
19749,8810a96663fffff
19750,8810f48c5dfffff
19751,8810f46261fffff
19752,8810f5c517fffff
19753,8810f635e1fffff
19754,8810a92d39fffff
19755,88101b42b3fffff
19756,8810f61045fffff
19757,8810aba605fffff
19758,8810f41353fffff
19759,8810f436b9fffff
19760,8810f69695fffff
19761,8810f6d72bfffff
19762,8810f6a85dfffff
19763,8810f62707fffff
19764,8810f08dbdfffff
19765,8810f6d51bfffff
19766,8810f54899fffff
19767,8810f4c8e3fffff
19768,88101b2dd3fffff
19769,8810f5004dfffff
19770,8810f508bdfffff
19771,8810f05119fffff
19772,8810f05297fffff
19773,88101b54dbfffff
19774,8810f6c1c9fffff
19775,8810f08f01fffff
19776,8810f58d39fffff
19777,8810f599bdfffff
19778,8810f481c3fffff
19779,8810f29423fffff
19780,8810f29803fffff
19781,8810f5568bfffff
19782,8810f54ad3fffff
19783,88101b7949fffff
19784,8810f09935fffff
19785,8810f4891dfffff
19786,8810f46abdfffff
19787,88101b6137fffff
19788,8810f41631fffff
19789,8810f404d5fffff
19790,8810f08dcdfffff
19791,8810f5d441fffff
19792,8810f611e1fffff
19793,8810f5c337fffff
19794,88101b4543fffff
19795,8810f09895fffff
19796,8810f43a57fffff
19797,8810f49a21fffff
19798,8810f01653fffff
19799,88101b60b5fffff
19800,8810f0b369fffff
19801,8810f49b29fffff
19802,8810aba413fffff
19803,8810f542c5fffff
19804,88101b0511fffff
19805,8810f40b41fffff
19806,88101b6361fffff
19807,88101b7207fffff
19808,8810f5c2d5fffff
19809,8810f44cb5fffff
19810,8810f46363fffff
19811,8810f58855fffff
19812,8810f59b41fffff
19813,8810f08657fffff
19814,88101a68d3fffff
19815,8810f048d9fffff
19816,8810f28163fffff
19817,8810f44885fffff
19818,8810f6ba31fffff
19819,8810f43715fffff
19820,8810f4da39fffff
19821,8810f0c8a5fffff
19822,8810f44525fffff
19823,8810f42265fffff
19824,8810f639ebfffff
19825,88101b6139fffff
19826,8810f47457fffff
19827,8810f4bb15fffff
19828,8810f01ad3fffff
19829,8810f58893fffff
19830,88101b6cc7fffff
19831,8810f68701fffff
19832,8810f40443fffff
19833,88101b64e1fffff
19834,8810f282b9fffff
19835,8810f4c159fffff
19836,8810f6c59dfffff
19837,88101b0da7fffff
19838,8810f63809fffff
19839,8810f4a995fffff
19840,88101b6a49fffff
19841,8810f6a5cbfffff
19842,8810f59a91fffff
19843,8810f6b10dfffff
19844,8810f4adcdfffff
19845,8810f44ac3fffff
19846,88101a6e03fffff
19847,8810f5c897fffff
19848,8810f6b2a5fffff
19849,8810f44199fffff
19850,8810f28449fffff
19851,8810f46603fffff
19852,8810f68723fffff
19853,88101b4e6bfffff
19854,8810f452cbfffff
19855,8810f6815dfffff
19856,8810f4690dfffff
19857,8810f0c0a9fffff
19858,8810f6ab63fffff
19859,8810f2825dfffff
19860,8810f40cc9fffff
19861,8810f4b8cbfffff
19862,8810f63ae1fffff
19863,8810f6d23dfffff
19864,8810f5cad1fffff
19865,8810f28335fffff
19866,8810f01109fffff
19867,8810f638e5fffff
19868,8810f0b8adfffff
19869,8810f40d65fffff
19870,8810f5104bfffff
19871,8810f5d45bfffff
19872,8810f590b7fffff
19873,8810f695edfffff
19874,8810f61415fffff
19875,8810f55609fffff
19876,8810f638cdfffff
19877,8810f69637fffff
19878,8810f44f09fffff
19879,8810f6c893fffff
19880,8810f41833fffff
19881,8810f28033fffff
19882,8810f62aa1fffff
19883,8810f6b4b3fffff
19884,8810f66ce3fffff
19885,8810a92b6dfffff
19886,8810f282cbfffff
19887,8810f6360dfffff
19888,8810f46739fffff
19889,8810f636cdfffff
19890,8810f09451fffff
19891,8810a96db3fffff
19892,8810f5449bfffff
19893,8810f55249fffff
19894,8810f4a735fffff
19895,8810f559d5fffff
19896,8810f66525fffff
19897,8810f60a0bfffff
19898,88101b6805fffff
19899,8810a9289dfffff
19900,8810f49b23fffff
19901,8810a96e07fffff
19902,88101b5599fffff
19903,8810f05a95fffff
19904,8810f51aedfffff
19905,8810f408cdfffff
19906,8810f60a45fffff
19907,8810f43189fffff
19908,8810f0d32bfffff
19909,8810f6832dfffff
19910,8810f2804bfffff
19911,8810f66f1dfffff
19912,8810f4a63dfffff
19913,8810f4a0e9fffff
19914,8810f68ae9fffff
19915,8810f409e9fffff
19916,8810a97587fffff
19917,8810f08dabfffff
19918,8810f0b9ddfffff
19919,8810f69b53fffff
19920,8810f4a117fffff
19921,8810f4a0c7fffff
19922,8810f0d66bfffff
19923,8810f45893fffff
19924,8810f58317fffff
19925,8810a964e5fffff
19926,8810f44e5bfffff
19927,8810f4d831fffff
19928,88101b0ad5fffff
19929,8810f6049dfffff
19930,8810f440d3fffff
19931,8810f4d1d5fffff
19932,8810f6c1e7fffff
19933,8810f6aa6dfffff
19934,8810a939e3fffff
19935,8810f5d0cdfffff
19936,8810f69733fffff
19937,8810f09423fffff
19938,8810f4373dfffff
19939,8810f00219fffff
19940,8810f6a8c3fffff
19941,8810f454cdfffff
19942,8810f40ab3fffff
19943,8810f08cc9fffff
19944,8810f5da81fffff
19945,8810f46addfffff
19946,88101b6c8dfffff
19947,8810f68a57fffff
19948,8810f6d2a5fffff
19949,8810f50927fffff
19950,8810a97517fffff
19951,8810f5bb01fffff
19952,8810f051d5fffff
19953,8810f6ab0dfffff
19954,8810f42743fffff
19955,8810f6235bfffff
19956,8810f29a53fffff
19957,8810f485b7fffff
19958,8810f4cf3dfffff
19959,88101b60e3fffff
19960,8810f6d24dfffff
19961,8810f6a621fffff
19962,8810f4b233fffff
19963,8810f51133fffff
19964,8810f4a1b7fffff
19965,8810f04957fffff
19966,8810f546b9fffff
19967,8810f54e43fffff
19968,8810f0431dfffff
19969,8810f4ab5dfffff
19970,8810f44b3bfffff
19971,8810f46b0dfffff
19972,8810f69111fffff
19973,8810f55835fffff
19974,8810f62191fffff
19975,8810f6b337fffff
19976,8810a96e1dfffff
19977,8810f5842bfffff
19978,8810f4c537fffff
19979,8810f0961bfffff
19980,8810f445cbfffff
19981,8810f404b3fffff
19982,8810f29727fffff
19983,8810f081b1fffff
19984,8810f46451fffff
19985,8810f0ba29fffff
19986,8810f5115dfffff
19987,8810f4249dfffff
19988,8810f54743fffff
19989,8810f69aa1fffff
19990,8810f450c3fffff
19991,8810a921e3fffff
19992,8810f43729fffff
19993,8810a92c69fffff
19994,8810f41223fffff
19995,8810f44451fffff
19996,8810f6108dfffff
19997,8810f60ab9fffff
19998,8810f5c18dfffff
19999,8810f58a0dfffff
20000,8810f452a3fffff
20001,8810f4c763fffff
20002,8810f54997fffff
20003,8810f548b3fffff
20004,8810f09745fffff
20005,8810f4ccddfffff
20006,8810f4121dfffff
20007,8810f622c3fffff
20008,8810f42d07fffff
20009,8810f59517fffff
20010,8810f29647fffff
20011,88101b08a1fffff
20012,8810f62e31fffff
20013,8810f44843fffff
20014,8810f59815fffff
20015,8810f011a3fffff
20016,8810f43017fffff
20017,8810f44225fffff
20018,8810f54f61fffff
20019,8810f6ab4dfffff
20020,8810f0593bfffff
20021,8810f0b9edfffff
20022,8810f444d1fffff
20023,8810f085a7fffff
20024,8810f099c3fffff
20025,8810f40117fffff
20026,8810f29ae1fffff
20027,8810f6c189fffff
20028,8810f4133bfffff
20029,8810f04153fffff
20030,8810f62885fffff
20031,8810f60a09fffff
20032,8810f6884bfffff
20033,8810f05339fffff
20034,8810f68d19fffff
20035,88101a6f2dfffff
20036,8810a92529fffff
20037,8810f62325fffff
20038,8810f624a1fffff
20039,88101b29c5fffff
20040,88101b198dfffff
20041,8810f4c249fffff
20042,8810f62f37fffff
20043,8810f4d619fffff
20044,8810f68e59fffff
20045,8810f6d137fffff
20046,8810f481d7fffff
20047,8810f4c737fffff
20048,8810f69045fffff
20049,8810f42f15fffff
20050,8810f090c9fffff
20051,8810f4c107fffff
20052,8810f48337fffff
20053,8810f05a89fffff
20054,8810f55631fffff
20055,8810f28055fffff
20056,88101b7a33fffff
20057,8810f4559bfffff
20058,8810f41a6dfffff
20059,8810f0d087fffff
20060,8810f47a2dfffff
20061,8810a92a2dfffff
20062,8810f6768bfffff
20063,8810f5c0b3fffff
20064,8810a92955fffff
20065,8810f0b0a3fffff
20066,8810f4b6c9fffff
20067,88101b0c09fffff
20068,8810f42881fffff
20069,8810f6bb21fffff
20070,8810f0d6c3fffff
20071,8810f451abfffff
20072,8810f54a69fffff
20073,8810f4a4a3fffff
20074,8810f58e1bfffff
20075,8810f4088bfffff
20076,88101b7a81fffff
20077,8810f5c917fffff
20078,88101b6357fffff
20079,8810f46a85fffff
20080,8810f4498dfffff
20081,8810f458cdfffff
20082,8810f5588bfffff
20083,88101b709dfffff
20084,88101b64ddfffff
20085,88101b0d53fffff
20086,8810f4a967fffff
20087,8810f08151fffff
20088,8810f6b71dfffff
20089,8810a921cbfffff
20090,8810f42a21fffff
20091,8810f04d41fffff
20092,8810f4c691fffff
20093,8810f4d657fffff
20094,8810f4a809fffff
20095,8810f29229fffff
20096,8810f6a995fffff
20097,8810f695e9fffff
20098,8810f44a3bfffff
20099,8810f471c1fffff
20100,88101b0113fffff
20101,8810f68ce3fffff
20102,8810f4b283fffff
20103,8810f28123fffff
20104,8810f6ada9fffff
20105,8810f44a1bfffff
20106,8810f0b84bfffff
20107,8810f509abfffff
20108,8810a93493fffff
20109,8810f0c12bfffff
20110,8810a92eb9fffff
20111,8810f54a99fffff
20112,88101b2c37fffff
20113,88101b7749fffff
20114,8810f48c67fffff
20115,8810f6b4d7fffff
20116,8810f62531fffff
20117,8810f4b339fffff
20118,8810f01a63fffff
20119,8810f62aabfffff
20120,8810f09b07fffff
20121,8810f54a31fffff
20122,8810f4d513fffff
20123,8810f4b8c1fffff
20124,8810f47633fffff
20125,8810f41b65fffff
20126,8810f40de7fffff
20127,8810f48ad9fffff
20128,8810f6a0e7fffff
20129,8810a939cbfffff
20130,8810f291b7fffff
20131,8810f5db1dfffff
20132,8810f51501fffff
20133,8810f0ca11fffff
20134,8810a92963fffff
20135,8810a96641fffff
20136,8810f4d061fffff
20137,8810f601cbfffff
20138,8810f09149fffff
20139,8810f466e9fffff
20140,88101b29edfffff
20141,8810f43597fffff
20142,8810f690d7fffff
20143,88101b0da1fffff
20144,8810f66141fffff
20145,8810f6932bfffff
20146,8810f55a33fffff
20147,8810f4b947fffff
20148,8810f41363fffff
20149,8810f5d1e3fffff
20150,8810f541b5fffff
20151,8810f08743fffff
20152,8810a9645bfffff
20153,8810f4b419fffff
20154,8810a92649fffff
20155,8810f09883fffff
20156,8810f29695fffff
20157,8810f40d1bfffff
20158,8810f59a53fffff
20159,8810a9604bfffff
20160,8810f4c225fffff
20161,88101b40bbfffff
20162,8810a9274bfffff
20163,8810f58acdfffff
20164,8810f0190bfffff
20165,8810f51895fffff
20166,8810f60a81fffff
20167,8810f63907fffff
20168,8810f61033fffff
20169,8810f68011fffff
20170,8810f47035fffff
20171,88101b0d45fffff
20172,8810a92631fffff
20173,8810f6a00bfffff
20174,8810f69ac5fffff
20175,8810f55501fffff
20176,8810f0b24bfffff
20177,8810f5cc23fffff
20178,8810f46685fffff
20179,8810f68e5dfffff
20180,8810f429b7fffff
20181,8810f6cee1fffff
20182,8810f6d309fffff
20183,8810f51b03fffff
20184,8810f6d2d1fffff
20185,8810f41b6dfffff
20186,8810f0c847fffff
20187,8810f541e3fffff
20188,8810f5973dfffff
20189,8810f62a85fffff
20190,8810f542a9fffff
20191,8810f049e1fffff
20192,8810f4ac6bfffff
20193,88101b0e1bfffff
20194,8810f6c1a7fffff
20195,8810f0c949fffff
20196,8810f665b5fffff
20197,8810f4a1c1fffff
20198,8810f44123fffff
20199,8810f48e47fffff
20200,8810f66ec7fffff
20201,8810f62423fffff
20202,88101b665dfffff
20203,8810f6c015fffff
20204,8810f42657fffff
20205,8810f54ac7fffff
20206,8810f468b9fffff
20207,8810f5c5e3fffff
20208,8810f5c6b5fffff
20209,88101b6de3fffff
20210,8810f54addfffff
20211,8810f0d72dfffff
20212,88101b6737fffff
20213,8810f0863bfffff
20214,8810f0bb09fffff
20215,88101b0b27fffff
20216,8810f445e3fffff
20217,8810f4511bfffff
20218,8810f6c407fffff
20219,8810f5cc2bfffff
20220,8810f0c533fffff
20221,8810f44a13fffff
20222,8810f54893fffff
20223,8810f461d7fffff
20224,88101b6595fffff
20225,8810f0d01dfffff
20226,8810f6a5dbfffff
20227,8810f04ac3fffff
20228,8810aba609fffff
20229,88101b40b1fffff
20230,8810f28237fffff
20231,8810f4058bfffff
20232,8810f46e97fffff
20233,8810f5d553fffff
20234,8810f43891fffff
20235,8810f08659fffff
20236,8810f45945fffff
20237,8810f41907fffff
20238,8810f4b819fffff
20239,8810f54913fffff
20240,8810f4a5b3fffff
20241,8810f58123fffff
20242,88101b4e35fffff
20243,8810f475cdfffff
20244,8810f29721fffff
20245,8810f05a35fffff
20246,8810f290b9fffff
20247,8810f598dbfffff
20248,8810f49909fffff
20249,8810f4a28bfffff
20250,8810f4153dfffff
20251,88101b6e2dfffff
20252,8810f0d25dfffff
20253,8810f58a4dfffff
20254,8810f5c71dfffff
20255,8810f412edfffff
20256,8810f5d2e7fffff
20257,8810f63097fffff
20258,8810f559e1fffff
20259,8810f691b5fffff
20260,8810f4b9ddfffff
20261,8810f4b881fffff
20262,8810f4c40bfffff
20263,8810f40c3bfffff
20264,8810f58107fffff
20265,88101a6d57fffff
20266,8810f508a5fffff
20267,8810f401a5fffff
20268,8810f09369fffff
20269,8810f0c245fffff
20270,8810f42631fffff
20271,8810f4a865fffff
20272,8810f68403fffff
20273,8810f4acedfffff
20274,8810f42a53fffff
20275,8810f489c5fffff
20276,8810f095e1fffff
20277,8810f45829fffff
20278,8810f54619fffff
20279,8810f052e5fffff
20280,8810f5d929fffff
20281,8810f04045fffff
20282,8810f6b127fffff
20283,8810f54f51fffff
20284,8810f0ab69fffff
20285,8810f58221fffff
20286,8810f4c863fffff
20287,8810f4a24bfffff
20288,8810f445cdfffff
20289,8810f698b5fffff
20290,8810f6c2d5fffff
20291,8810f454b3fffff
20292,8810f5d21dfffff
20293,8810f01417fffff
20294,8810f4a9adfffff
20295,8810f42d17fffff
20296,8810f00053fffff
20297,8810f424b9fffff
20298,8810f54903fffff
20299,8810f28541fffff
20300,8810f61b37fffff
20301,88101b440bfffff
20302,8810f68611fffff
20303,8810f280dbfffff
20304,8810f405b1fffff
20305,8810f4b4e9fffff
20306,8810f69913fffff
20307,8810f29807fffff
20308,8810f51459fffff
20309,88101b798dfffff
20310,8810f4b007fffff
20311,8810f0c5b3fffff
20312,8810f61311fffff
20313,8810f04157fffff
20314,8810aba469fffff
20315,8810f44e41fffff
20316,8810f0d251fffff
20317,8810f619c7fffff
20318,8810f6a2bbfffff
20319,8810a96581fffff
20320,8810f519a5fffff
20321,8810f0ba17fffff
20322,8810f48a09fffff
20323,8810f44d2dfffff
20324,8810f50207fffff
20325,88101a6567fffff
20326,8810f6a489fffff
20327,8810f40261fffff
20328,8810f458abfffff
20329,8810f411a3fffff
20330,8810f4a845fffff
20331,8810f2b203fffff
20332,8810f608d1fffff
20333,8810f62065fffff
20334,8810f6d5d9fffff
20335,8810f6b8cbfffff
20336,8810f4b58dfffff
20337,8810f541c5fffff
20338,8810a93a0bfffff
20339,8810f0d967fffff
20340,8810f4cf2dfffff
20341,8810f0d5adfffff
20342,8810f6b0cbfffff
20343,8810f45703fffff
20344,8810f6c719fffff
20345,8810f45469fffff
20346,8810f61829fffff
20347,8810a92311fffff
20348,8810f63015fffff
20349,8810f0b045fffff
20350,8810f0d8b9fffff
20351,8810f62661fffff
20352,8810f0b969fffff
20353,8810f554d5fffff
20354,8810f46e31fffff
20355,8810f010b1fffff
20356,8810f0981bfffff
20357,8810f46a55fffff
20358,8810f5c5e9fffff
20359,8810f4a25bfffff
20360,8810f6caa3fffff
20361,8810f05a51fffff
20362,8810f5c24bfffff
20363,8810f63647fffff
20364,88101b08c9fffff
20365,8810f5d355fffff
20366,8810f04d61fffff
20367,8810f08127fffff
20368,8810a9396bfffff
20369,8810f46853fffff
20370,8810f6396dfffff
20371,8810f58c4bfffff
20372,8810f0db3bfffff
20373,8810f29ae3fffff
20374,8810f6c4b1fffff
20375,8810f4c4a1fffff
20376,8810f05019fffff
20377,8810f0b913fffff
20378,8810f54d49fffff
20379,8810f6305dfffff
20380,8810f29a3dfffff
20381,8810f408b1fffff
20382,8810a92d19fffff
20383,8810f5188bfffff
20384,88101a6eb1fffff
20385,8810f59425fffff
20386,8810f04827fffff
20387,8810f4c867fffff
20388,8810f5d727fffff
20389,8810f40527fffff
20390,8810f41707fffff
20391,8810f41007fffff
20392,8810f0c943fffff
20393,8810f4c317fffff
20394,8810f6d145fffff
20395,8810f45413fffff
20396,8810f69405fffff
20397,8810f4bab3fffff
20398,8810f62c4dfffff
20399,8810a9654bfffff
20400,8810f68913fffff
20401,8810f4c73dfffff
20402,8810f4049bfffff
20403,8810f519a3fffff
20404,8810f01a17fffff
20405,8810f60a39fffff
20406,8810f5815dfffff
20407,88101b64c3fffff
20408,8810f4382bfffff
20409,8810f4449dfffff
20410,8810f62ab3fffff
20411,8810f011d5fffff
20412,8810f411d1fffff
20413,8810f4c4dbfffff
20414,8810f6a821fffff
20415,8810f60e9dfffff
20416,8810f60041fffff
20417,8810f4a8d7fffff
20418,88101b6a23fffff
20419,88101b0561fffff
20420,8810f4d065fffff
20421,8810f09967fffff
20422,8810f6c733fffff
20423,88101b79a3fffff
20424,8810f44157fffff
20425,8810f49839fffff
20426,8810f04301fffff
20427,8810f68085fffff
20428,8810f6aacdfffff
20429,88101b093bfffff
20430,8810f55647fffff
20431,8810f5c2b7fffff
20432,8810f61315fffff
20433,8810f44e95fffff
20434,8810f46299fffff
20435,8810f68349fffff
20436,88101b481bfffff
20437,8810f61299fffff
20438,8810f614e5fffff
20439,8810f616abfffff
20440,8810f09109fffff
20441,8810f47245fffff
20442,8810f43319fffff
20443,8810f67695fffff
20444,88101b46cdfffff
20445,8810aba663fffff
20446,8810f4b545fffff
20447,8810f4cb17fffff
20448,8810f41509fffff
20449,8810f0975dfffff
20450,8810f6a907fffff
20451,8810f6a303fffff
20452,8810f47735fffff
20453,8810f59aa3fffff
20454,8810f28743fffff
20455,8810f61a03fffff
20456,8810a966a9fffff
20457,8810f0c213fffff
20458,8810f4a22bfffff
20459,8810f0c4a5fffff
20460,88101b7b51fffff
20461,8810f59623fffff
20462,8810f6603bfffff
20463,8810f0c2cdfffff
20464,8810f5b965fffff
20465,8810f540b7fffff
20466,8810f58285fffff
20467,8810f4cf05fffff
20468,8810f0db4dfffff
20469,8810f431e5fffff
20470,8810f6d4edfffff
20471,8810f096a5fffff
20472,8810a92b23fffff
20473,8810f4386bfffff
20474,8810f43959fffff
20475,8810f5c889fffff
20476,8810f69741fffff
20477,8810f09161fffff
20478,8810f611c9fffff
20479,8810f5cc95fffff
20480,8810f29367fffff
20481,8810f4a945fffff
20482,8810f44b49fffff
20483,8810a93919fffff
20484,8810f6b74dfffff
20485,8810f699c5fffff
20486,8810f408d5fffff
20487,8810f51883fffff
20488,88101b7923fffff
20489,8810f4c14dfffff
20490,88101a6d47fffff
20491,8810f61aa1fffff
20492,8810f51553fffff
20493,8810f442b9fffff
20494,8810f46a95fffff
20495,8810a969a1fffff
20496,8810f59161fffff
20497,8810f5808dfffff
20498,8810f01755fffff
20499,8810f5c8dbfffff
20500,8810f592a5fffff
20501,88101b4643fffff
20502,8810f60a59fffff
20503,8810f680e3fffff
20504,8810f0c55bfffff
20505,8810f4b663fffff
20506,8810f00305fffff
20507,88101b011dfffff
20508,88101b19b5fffff
20509,8810f50219fffff
20510,88101b09a7fffff
20511,8810f58495fffff
20512,8810f45a49fffff
20513,8810f08b33fffff
20514,8810f60a93fffff
20515,8810f08e61fffff
20516,88101b4f0dfffff
20517,88101b793bfffff
20518,88101b0021fffff
20519,8810f6b8d1fffff
20520,8810f0d919fffff
20521,88101b4899fffff
20522,8810f685c9fffff
20523,8810f0d99dfffff
20524,8810f0daebfffff
20525,8810f5572bfffff
20526,8810a92d55fffff
20527,88101b78c5fffff
20528,8810aba417fffff
20529,8810f280bdfffff
20530,8810f40d19fffff
20531,8810f6ce23fffff
20532,8810f51a19fffff
20533,8810f6d093fffff
20534,8810f54861fffff
20535,8810f6c187fffff
20536,8810f451dbfffff
20537,8810f4c2adfffff
20538,8810f4141bfffff
20539,8810f6a63dfffff
20540,8810f6d0c9fffff
20541,8810f29a47fffff
20542,8810f2954dfffff
20543,8810f6d21dfffff
20544,8810f43425fffff
20545,88101b4a83fffff
20546,8810f59197fffff
20547,88101b2ca1fffff
20548,8810f44dd1fffff
20549,8810f0da25fffff
20550,8810f5c683fffff
20551,8810f29031fffff
20552,8810a96a91fffff
20553,8810f290adfffff
20554,8810f5d627fffff
20555,8810f6b0bdfffff
20556,8810f08513fffff
20557,8810f4cf6dfffff
20558,8810f6948bfffff
20559,8810f5b969fffff
20560,88101b48c1fffff
20561,8810f63153fffff
20562,8810f6761bfffff
20563,8810f48e63fffff
20564,8810f66cb1fffff
20565,8810f57a49fffff
20566,8810f68c29fffff
20567,8810f6a563fffff
20568,8810f62593fffff
20569,88101b4435fffff
20570,8810f68941fffff
20571,8810f295b5fffff
20572,8810f51463fffff
20573,8810f46907fffff
20574,8810f444b1fffff
20575,88101b69d9fffff
20576,8810f41539fffff
20577,8810f4ab09fffff
20578,8810a9349dfffff
20579,8810a97495fffff
20580,8810f590ebfffff
20581,8810f0c4abfffff
20582,8810f41765fffff
20583,8810f0c899fffff
20584,8810f43151fffff
20585,8810a96ca7fffff
20586,8810f09a23fffff
20587,8810f0c883fffff
20588,8810a96cb3fffff
20589,8810f08d65fffff
20590,8810f4b585fffff
20591,8810f08a8dfffff
20592,8810f00011fffff
20593,8810f44e01fffff
20594,8810f5596dfffff
20595,8810f55867fffff
20596,8810f47a61fffff
20597,8810f438b9fffff
20598,8810f541d1fffff
20599,8810f460d3fffff
20600,8810f61521fffff
20601,8810f4ae51fffff
20602,8810f46e8bfffff
20603,8810f54cc5fffff
20604,8810f48167fffff
20605,8810f0c82bfffff
20606,8810f484cbfffff
20607,8810f5541dfffff
20608,8810f66c91fffff
20609,8810f6b291fffff
20610,8810f541d9fffff
20611,8810f0cad7fffff
20612,8810f698a3fffff
20613,8810f59637fffff
20614,8810f096cbfffff
20615,8810f4356dfffff
20616,8810f5c667fffff
20617,88101b6da3fffff
20618,88101b0c5bfffff
20619,8810f470abfffff
20620,8810f420b7fffff
20621,8810f6d53dfffff
20622,8810f01833fffff
20623,8810f0484bfffff
20624,8810f4d19bfffff
20625,8810f62ecbfffff
20626,8810f4c957fffff
20627,8810f44703fffff
20628,8810f0b315fffff
20629,8810f5985dfffff
20630,8810f6a117fffff
20631,8810f63acbfffff
20632,8810f63ad7fffff
20633,8810f62481fffff
20634,8810f441b7fffff
20635,88101b6e07fffff
20636,8810f4d50bfffff
20637,8810a97623fffff
20638,8810f47341fffff
20639,8810f0b149fffff
20640,88101b3949fffff
20641,8810f62e99fffff
20642,8810f43605fffff
20643,8810f68647fffff
20644,8810f62c91fffff
20645,88101b0e3bfffff
20646,8810f0c815fffff
20647,8810a96e15fffff
20648,8810f4c90bfffff
20649,8810f59869fffff
20650,8810f6acd1fffff
20651,8810f61acdfffff
20652,8810f5180bfffff
20653,8810f406d3fffff
20654,8810f580e7fffff
20655,8810f54957fffff
20656,8810f6b515fffff
20657,8810f631c5fffff
20658,8810f6dab5fffff
20659,88101b4987fffff
20660,8810f290b5fffff
20661,8810f44d05fffff
20662,8810f4719dfffff
20663,8810f45881fffff
20664,8810f5989dfffff
20665,8810a92a8bfffff
20666,8810f611d3fffff
20667,8810f6ac41fffff
20668,8810f05b1dfffff
20669,8810f01b3dfffff
20670,88101b6769fffff
20671,8810f46353fffff
20672,8810f46e01fffff
20673,8810f45537fffff
20674,88101b4767fffff
20675,8810f6cc93fffff
20676,8810f6ba81fffff
20677,8810f58de9fffff
20678,8810f55847fffff
20679,8810f54c43fffff
20680,8810f466c1fffff
20681,88101b0f65fffff
20682,88101b6db5fffff
20683,8810f08015fffff
20684,8810f40cbdfffff
20685,8810a90cd7fffff
20686,8810f55257fffff
20687,8810f51abdfffff
20688,8810f48e41fffff
20689,88101b4759fffff
20690,8810f0b847fffff
20691,8810a93885fffff
20692,88101b7b59fffff
20693,8810f69b05fffff
20694,8810f094c9fffff
20695,8810f59667fffff
20696,8810f28069fffff
20697,8810f42919fffff
20698,8810f4b293fffff
20699,8810f4519bfffff
20700,8810f0d2d7fffff
20701,8810f4af55fffff
20702,88101b6d33fffff
20703,8810f5c607fffff
20704,8810f5c459fffff
20705,8810f686dbfffff
20706,88101b54adfffff
20707,8810f47015fffff
20708,8810f61439fffff
20709,8810f63053fffff
20710,8810f5c26bfffff
20711,8810f4552dfffff
20712,8810f4880bfffff
20713,8810f45281fffff
20714,8810f0aa01fffff
20715,8810a92f45fffff
20716,8810f08e97fffff
20717,8810f54a85fffff
20718,8810f62ac3fffff
20719,8810f29561fffff
20720,8810f09347fffff
20721,8810f46147fffff
20722,8810f6cf3dfffff
20723,8810f555d3fffff
20724,8810f55491fffff
20725,8810f0b91dfffff
20726,8810f4b401fffff
20727,8810f43315fffff
20728,8810f4b62dfffff
20729,8810f290a9fffff
20730,88101a6cc1fffff
20731,8810f4635bfffff
20732,8810f410e1fffff
20733,8810f46517fffff
20734,8810f6b759fffff
20735,8810f42497fffff
20736,8810f08a0bfffff
20737,8810f4d415fffff
20738,8810f46a4bfffff
20739,88101b4e21fffff
20740,8810f481bbfffff
20741,8810f48593fffff
20742,8810f50007fffff
20743,88101b72e3fffff
20744,8810f0ce85fffff
20745,8810f0c2b5fffff
20746,8810f4adc1fffff
20747,8810f555e3fffff
20748,8810f09b69fffff
20749,8810f6b363fffff
20750,8810f04107fffff
20751,8810f0b183fffff
20752,8810f44e0bfffff
20753,8810f08c29fffff
20754,8810f4271dfffff
20755,8810f4b5ebfffff
20756,8810f59995fffff
20757,8810f6ae01fffff
20758,8810f5d869fffff
20759,8810f418b7fffff
20760,8810f54985fffff
20761,8810f460a3fffff
20762,8810f0d081fffff
20763,8810f4b681fffff
20764,8810f54e87fffff
20765,8810a96693fffff
20766,8810f6861dfffff
20767,8810f61695fffff
20768,8810f5cf19fffff
20769,8810f4c8b9fffff
20770,88101b0947fffff
20771,8810f6b313fffff
20772,8810f55ad1fffff
20773,8810f5c191fffff
20774,8810f61489fffff
20775,8810f4058dfffff
20776,8810f0888dfffff
20777,8810f086cdfffff
20778,8810f60b13fffff
20779,8810f0cf09fffff
20780,8810f4b98bfffff
20781,8810f0d30bfffff
20782,8810f0d69bfffff
20783,8810f4c2c9fffff
20784,8810f40f69fffff
20785,8810f29acdfffff
20786,8810f55021fffff
20787,8810f29a99fffff
20788,8810f471edfffff
20789,88101a6d3dfffff
20790,8810f66023fffff
20791,8810f40e57fffff
20792,8810f0d291fffff
20793,8810f5571bfffff
20794,8810f62eedfffff
20795,8810f619e9fffff
20796,8810a976d7fffff
20797,8810f42d23fffff
20798,8810f6c653fffff
20799,8810f446adfffff
20800,8810f68713fffff
20801,8810f55747fffff
20802,8810f48931fffff
20803,8810f0c8a3fffff
20804,8810f44ee9fffff
20805,8810a966c3fffff
20806,8810f48b57fffff
20807,8810f4758bfffff
20808,8810f46f5bfffff
20809,8810f4272bfffff
20810,8810f58d9bfffff
20811,88101b6f43fffff
20812,88101b4c09fffff
20813,88101b29a7fffff
20814,8810f5002dfffff
20815,8810f5836dfffff
20816,8810f0cc67fffff
20817,8810f01851fffff
20818,8810f69519fffff
20819,8810f6741bfffff
20820,8810f2813bfffff
20821,8810f42a93fffff
20822,8810f0dae9fffff
20823,8810f62f15fffff
20824,8810f6b943fffff
20825,8810a974d7fffff
20826,8810f43449fffff
20827,8810f48f11fffff
20828,8810f44cb1fffff
20829,8810f6830bfffff
20830,8810f6895dfffff
20831,8810f46a03fffff
20832,8810f67445fffff
20833,8810f68355fffff
20834,8810f68f55fffff
20835,8810f4358dfffff
20836,8810f04acbfffff
20837,8810f6b1abfffff
20838,8810f5c619fffff
20839,8810f0d0e5fffff
20840,8810f4ca9dfffff
20841,8810f478d5fffff
20842,8810f4334dfffff
20843,8810f42967fffff
20844,88101b6e83fffff
20845,8810f6266dfffff
20846,88101b74b9fffff
20847,8810f5d5abfffff
20848,8810a92d57fffff
20849,8810f6b18dfffff
20850,8810f00345fffff
20851,8810a96dd1fffff
20852,8810f40db7fffff
20853,8810f4c91bfffff
20854,8810f04d45fffff
20855,8810f46ae1fffff
20856,8810f5d2b7fffff
20857,8810f6341bfffff
20858,8810f6bb69fffff
20859,8810f55219fffff
20860,88101b09d7fffff
20861,8810f49921fffff
20862,8810f5d9d9fffff
20863,8810a966cdfffff
20864,8810f08939fffff
20865,8810f59147fffff
20866,8810f5c0d7fffff
20867,8810f55997fffff
20868,8810f5cc17fffff
20869,8810f44309fffff
20870,8810f618a5fffff
20871,8810a92b67fffff
20872,8810a92195fffff
20873,8810f29403fffff
20874,8810a92213fffff
20875,8810f6b5e7fffff
20876,88101b7721fffff
20877,8810f43949fffff
20878,8810f6aa4dfffff
20879,8810f68ac9fffff
20880,8810f43917fffff
20881,8810a96c19fffff
20882,8810f61715fffff
20883,88101b7a11fffff
20884,8810a92ab9fffff
20885,8810f5980dfffff
20886,8810f6a433fffff
20887,8810f615c5fffff
20888,8810f5ca47fffff
20889,8810f41b5bfffff
20890,8810f43a03fffff
20891,8810f60303fffff
20892,8810f58127fffff
20893,8810f0ced9fffff
20894,8810f48a4dfffff
20895,8810f43365fffff
20896,8810a9231dfffff
20897,8810f544abfffff
20898,8810f4c1b7fffff
20899,8810f6ce45fffff
20900,8810f0c961fffff
20901,8810f5c1a3fffff
20902,8810f45343fffff
20903,8810f50337fffff
20904,8810f4d749fffff
20905,8810f452b3fffff
20906,8810f58ac7fffff
20907,8810f08309fffff
20908,8810f42ed7fffff
20909,8810f449c3fffff
20910,8810f4d037fffff
20911,8810f5d6ddfffff
20912,8810f47711fffff
20913,8810f444e5fffff
20914,8810f44dd9fffff
20915,88101b3915fffff
20916,8810f00327fffff
20917,8810f46939fffff
20918,8810f0b1e1fffff
20919,88101b630dfffff
20920,8810f4aacbfffff
20921,8810f5c199fffff
20922,8810f6a4b5fffff
20923,8810f444e1fffff
20924,8810f09547fffff
20925,8810f05535fffff
20926,8810f0dae3fffff
20927,8810a96e9dfffff
20928,88101b49b9fffff
20929,8810f4af59fffff
20930,8810f0ce3bfffff
20931,8810a96567fffff
20932,8810f6c2cbfffff
20933,8810f6a687fffff
20934,8810f0d59dfffff
20935,8810f69ad9fffff
20936,8810f635ddfffff
20937,8810f4a105fffff
20938,8810f40d61fffff
20939,8810a92565fffff
20940,8810f08f1dfffff
20941,8810f4b0dbfffff
20942,8810f69941fffff
20943,8810f0d4c7fffff
20944,8810f43955fffff
20945,8810f4455bfffff
20946,8810f54ee9fffff
20947,8810f6d623fffff
20948,8810f092abfffff
20949,8810f4cf0dfffff
20950,8810f4ad4dfffff
20951,8810f430e5fffff
20952,8810f0803bfffff
20953,8810f4d8edfffff
20954,8810f51263fffff
20955,8810f4acb9fffff
20956,8810f438e7fffff
20957,8810f292c3fffff
20958,8810f47907fffff
20959,8810f5da09fffff
20960,8810f41115fffff
20961,8810f51269fffff
20962,8810f01093fffff
20963,8810f000d1fffff
20964,8810f601b1fffff
20965,8810f05247fffff
20966,8810f61803fffff
20967,8810f559a3fffff
20968,8810f51113fffff
20969,8810f431d3fffff
20970,8810f6990bfffff
20971,8810f0d519fffff
20972,8810f4d1c1fffff
20973,8810f550c1fffff
20974,8810f66f09fffff
20975,8810f511a1fffff
20976,8810f08705fffff
20977,8810f41193fffff
20978,8810f0192bfffff
20979,8810f46d05fffff
20980,8810f540e7fffff
20981,8810f54299fffff
20982,8810a965c3fffff
20983,8810f0d859fffff
20984,88101b088bfffff
20985,88101b6939fffff
20986,8810f50b01fffff
20987,8810f0c8d9fffff
20988,8810f42ae1fffff
20989,8810f4baa9fffff
20990,8810f61705fffff
20991,8810f0d331fffff
20992,8810f47927fffff
20993,8810f4d491fffff
20994,88101b0e65fffff
20995,8810f54e39fffff
20996,8810f4aa45fffff
20997,8810f6af1bfffff
20998,8810f5460bfffff
20999,8810f46a9dfffff
21000,8810f55a4dfffff
21001,8810f6b4d3fffff
21002,8810f40e89fffff
21003,88101b2b43fffff
21004,88101b44c3fffff
21005,8810f4b191fffff
21006,88101b5637fffff
21007,8810f4c73bfffff
21008,8810f402e1fffff
21009,8810a96debfffff
21010,8810f40483fffff
21011,8810f0c6b3fffff
21012,8810f6d615fffff
21013,8810f0d843fffff
21014,8810a96813fffff
21015,8810f60167fffff
21016,88101b2d95fffff
21017,8810a96059fffff
21018,88101a6eadfffff
21019,8810f42985fffff
21020,88101b29bdfffff
21021,8810f08e17fffff
21022,8810f4ad49fffff
21023,8810f55a17fffff
21024,8810f5474dfffff
21025,88101a6cb3fffff
21026,8810f01703fffff
21027,8810f28701fffff
21028,8810f4599bfffff
21029,88101b7265fffff
21030,8810f4aae7fffff
21031,8810f43709fffff
21032,8810f09b4dfffff
21033,8810f55b13fffff
21034,8810f6c145fffff
21035,8810f6b9a7fffff
21036,8810a929e1fffff
21037,8810f5cddbfffff
21038,8810f4a247fffff
21039,8810f40b09fffff
21040,8810f41807fffff
21041,88101b62a7fffff
21042,8810f55319fffff
21043,8810f29095fffff
21044,8810f44a95fffff
21045,8810f4a439fffff
21046,8810f5d265fffff
21047,8810f4b75bfffff
21048,8810f28041fffff
21049,8810f0c0ebfffff
21050,8810a92513fffff
21051,8810f2976bfffff
21052,88101a6dcdfffff
21053,8810f636dbfffff
21054,8810f45ae3fffff
21055,8810f4a1bbfffff
21056,8810f0da05fffff
21057,8810f4a717fffff
21058,8810f431e9fffff
21059,8810f59b09fffff
21060,8810f5502dfffff
21061,8810f41551fffff
21062,8810f511bbfffff
21063,8810f05a03fffff
21064,8810f4b1c1fffff
21065,8810f6aa09fffff
21066,8810f6c087fffff
21067,8810f420e3fffff
21068,8810f2854dfffff
21069,8810a92539fffff
21070,88101b6995fffff
21071,8810f48cc9fffff
21072,8810f62317fffff
21073,88101b662dfffff
21074,88101b2b13fffff
21075,8810f088a1fffff
21076,8810f438a5fffff
21077,8810a96ecdfffff
21078,8810f58ebbfffff
21079,8810f450edfffff
21080,8810a939d1fffff
21081,8810f01753fffff
21082,8810f6b6b9fffff
21083,8810f6cf51fffff
21084,8810f44e4dfffff
21085,8810f4a2e1fffff
21086,8810f61917fffff
21087,8810f43963fffff
21088,8810f51551fffff
21089,8810f4ca13fffff
21090,8810f415ddfffff
21091,8810f0dab1fffff
21092,8810f68289fffff
21093,8810f5132dfffff
21094,8810f5cdc1fffff
21095,8810f546d5fffff
21096,8810f41063fffff
21097,8810f518c5fffff
21098,8810f6c447fffff
21099,8810f41b49fffff
21100,8810f58c01fffff
21101,8810f699adfffff
21102,8810a96103fffff
21103,8810f42505fffff
21104,8810f6a9d1fffff
21105,8810f5d2a3fffff
21106,8810f69293fffff
21107,88101b4c4bfffff
21108,8810f29a43fffff
21109,8810f6c33dfffff
21110,8810f61217fffff
21111,8810f47b57fffff
21112,8810f54647fffff
21113,8810f68a61fffff
21114,8810f48417fffff
21115,8810f0b13dfffff
21116,8810f61663fffff
21117,8810f5965bfffff
21118,8810a960d7fffff
21119,8810f625e1fffff
21120,8810f2974bfffff
21121,8810f0c9bbfffff
21122,8810f62165fffff
21123,8810f63aa7fffff
21124,88101b6ea5fffff
21125,8810f4bab1fffff
21126,8810f54ab3fffff
21127,8810f47b01fffff
21128,8810f2b365fffff
21129,8810f085a5fffff
21130,8810f519abfffff
21131,8810f5c135fffff
21132,8810f6b689fffff
21133,8810f42081fffff
21134,8810f632c1fffff
21135,8810f51a6dfffff
21136,8810f582cbfffff
21137,88101b41a9fffff
21138,8810f5561dfffff
21139,8810a92da3fffff
21140,8810f5015dfffff
21141,8810f49957fffff
21142,8810f6b683fffff
21143,8810f41755fffff
21144,8810f60007fffff
21145,8810f50127fffff
21146,8810f09127fffff
21147,8810f63883fffff
21148,8810f40617fffff
21149,8810f69651fffff
21150,88101b7b55fffff
21151,8810f6c439fffff
21152,8810f590bbfffff
21153,8810f59a59fffff
21154,8810f5d82bfffff
21155,8810f04b65fffff
21156,8810f4d521fffff
21157,8810f6b9c1fffff
21158,8810f46655fffff
21159,8810f40035fffff
21160,8810f0124bfffff
21161,8810f5453dfffff
21162,8810f445abfffff
21163,8810f46e27fffff
21164,8810f61995fffff
21165,8810aba63bfffff
21166,88101a6eabfffff
21167,8810f459b7fffff
21168,8810f4b013fffff
21169,8810f04869fffff
21170,8810f42693fffff
21171,8810f484edfffff
21172,8810f6a327fffff
21173,8810f518b3fffff
21174,8810a960adfffff
21175,88101b7ad9fffff
21176,8810f58a35fffff
21177,8810f4b633fffff
21178,88101b7607fffff
21179,8810f09627fffff
21180,8810f69007fffff
21181,8810f50f07fffff
21182,8810f502a1fffff
21183,88101b6ca1fffff
21184,8810f438abfffff
21185,8810f43b51fffff
21186,8810a9608dfffff
21187,8810f698cbfffff
21188,8810f082e1fffff
21189,8810f604a9fffff
21190,8810f6ad4bfffff
21191,88101a6c65fffff
21192,8810f0840dfffff
21193,8810f6203bfffff
21194,8810f5cc53fffff
21195,8810f68227fffff
21196,8810f55407fffff
21197,88101b6843fffff
21198,8810f0cee3fffff
21199,8810f0c9bdfffff
21200,8810f48117fffff
21201,88101b563bfffff
21202,8810f472c7fffff
21203,8810f54517fffff
21204,8810f5846bfffff
21205,8810f091cbfffff
21206,8810f50b23fffff
21207,8810f5c1a1fffff
21208,88101b7113fffff
21209,8810f5d06bfffff
21210,88101b70d1fffff
21211,8810f5db31fffff
21212,8810f40749fffff
21213,8810f4646dfffff
21214,8810a96d9bfffff
21215,8810f68699fffff
21216,8810f0d5e7fffff
21217,8810f29859fffff
21218,8810f66cd7fffff
21219,8810f59a49fffff
21220,8810f59047fffff
21221,8810f40665fffff
21222,8810f59029fffff
21223,88101b6b69fffff
21224,8810f5c513fffff
21225,8810f4da29fffff
21226,8810f4344dfffff
21227,8810f62d25fffff
21228,88101b4a97fffff
21229,8810f5ccc1fffff
21230,8810a9283bfffff
21231,8810f44093fffff
21232,88101b0e4bfffff
21233,8810f04ac7fffff
21234,8810f50f1dfffff
21235,8810f4c241fffff
21236,8810f4c86dfffff
21237,8810f05261fffff
21238,8810f410abfffff
21239,8810f4b527fffff
21240,8810f0d6abfffff
21241,8810f4d995fffff
21242,8810a966d5fffff
21243,8810f6b093fffff
21244,8810f09803fffff
21245,8810f4242dfffff
21246,8810f04001fffff
21247,8810f676dbfffff
21248,8810a921ddfffff
21249,8810f29715fffff
21250,8810f0834dfffff
21251,8810f4a6dbfffff
21252,8810f41039fffff
21253,8810f68485fffff
21254,8810f0b25bfffff
21255,8810f04b3bfffff
21256,8810f44401fffff
21257,8810f6003dfffff
21258,8810f0cf07fffff
21259,8810f6ac33fffff
21260,8810a92b21fffff
21261,8810f0505dfffff
21262,88101b48a7fffff
21263,8810f61237fffff
21264,8810f58205fffff
21265,8810f44497fffff
21266,8810f4cd93fffff
21267,8810f46d89fffff
21268,8810f48951fffff
21269,8810f588c3fffff
21270,88101a6ecdfffff
21271,8810f6b137fffff
21272,8810f610d3fffff
21273,8810f286d5fffff
21274,8810f554e3fffff
21275,8810f0d283fffff
21276,8810f50831fffff
21277,8810f0868dfffff
21278,8810f6b6c3fffff
21279,8810f692e9fffff
21280,8810f0990dfffff
21281,88101b39a9fffff
21282,8810f610b3fffff
21283,8810f4c629fffff
21284,8810f4b4dbfffff
21285,8810f6b159fffff
21286,8810f5d95bfffff
21287,8810f28629fffff
21288,8810f282a5fffff
21289,8810f434c1fffff
21290,8810a92235fffff
21291,88101b0a9dfffff
21292,8810f4699bfffff
21293,8810f424c1fffff
21294,8810f0d4a3fffff
21295,8810f43311fffff
21296,8810f011d7fffff
21297,8810f60a67fffff
21298,88101a6f21fffff
21299,8810f46889fffff
21300,8810f5d36bfffff
21301,8810f29213fffff
21302,8810f6161bfffff
21303,8810f60861fffff
21304,8810a92011fffff
21305,8810f5db09fffff
21306,8810f68001fffff
21307,8810f6d06dfffff
21308,8810f5da0dfffff
21309,8810f43939fffff
21310,8810f056c9fffff
21311,8810f588b9fffff
21312,8810f5c0e9fffff
21313,8810f694c9fffff
21314,8810f40329fffff
21315,8810f55b53fffff
21316,8810f0c4e1fffff
21317,8810f09511fffff
21318,8810f66a81fffff
21319,8810f5cea9fffff
21320,88101b65cbfffff
21321,8810f6c0cdfffff
21322,8810f4849bfffff
21323,8810f51747fffff
21324,8810f6af21fffff
21325,88101b7637fffff
21326,8810f4d901fffff
21327,8810f61043fffff
21328,8810f4b917fffff
21329,8810f05935fffff
21330,8810f51095fffff
21331,8810f4b41dfffff
21332,8810f286c1fffff
21333,8810f4995bfffff
21334,8810a9649dfffff
21335,8810f486e7fffff
21336,8810f585c3fffff
21337,8810f6760dfffff
21338,8810f4c5b5fffff
21339,8810f69b27fffff
21340,8810f05505fffff
21341,8810f2903dfffff
21342,8810f018adfffff
21343,8810f08137fffff
21344,8810f6ce09fffff
21345,8810f62607fffff
21346,8810f6d09bfffff
21347,8810f0c6abfffff
21348,8810f63423fffff
21349,8810f5ba57fffff
21350,8810f5c525fffff
21351,8810f28653fffff
21352,8810f6c13dfffff
21353,88101a6d35fffff
21354,8810f4d007fffff
21355,8810f084a5fffff
21356,8810f439e9fffff
21357,8810a92d8dfffff
21358,8810f4254dfffff
21359,8810f62049fffff
21360,8810f5d339fffff
21361,8810a92913fffff
21362,8810f0d6cbfffff
21363,8810f4642bfffff
21364,8810f5d147fffff
21365,8810f43493fffff
21366,8810f50859fffff
21367,8810f468c1fffff
21368,8810f0d145fffff
21369,8810f48f6bfffff
21370,8810f4c54bfffff
21371,8810f499b7fffff
21372,8810f44b0bfffff
21373,88101b6b2bfffff
21374,8810f6c6abfffff
21375,8810f58e93fffff
21376,8810f695a5fffff
21377,88101b09a5fffff
21378,8810f4ae93fffff
21379,88101b784bfffff
21380,8810f4cc51fffff
21381,8810f2b309fffff
21382,8810f430a3fffff
21383,8810f5473bfffff
21384,8810f62ab7fffff
21385,8810f68ca3fffff
21386,8810f6ba43fffff
21387,8810f44555fffff
21388,8810f68e51fffff
21389,8810f58c17fffff
21390,8810f54053fffff
21391,8810f688b1fffff
21392,8810f54369fffff
21393,8810f43035fffff
21394,8810f41283fffff
21395,8810f6a811fffff
21396,8810f6d2b7fffff
21397,8810f629b9fffff
21398,8810f6a289fffff
21399,8810f0985bfffff
21400,8810f0d76bfffff
21401,8810f41129fffff
21402,88101b7889fffff
21403,8810f5c19dfffff
21404,8810f5d601fffff
21405,8810f48dcdfffff
21406,8810f01345fffff
21407,8810f6c413fffff
21408,8810f5cf45fffff
21409,8810f4b90dfffff
21410,88101b01ddfffff
21411,8810f0cf01fffff
21412,8810f41719fffff
21413,8810f49947fffff
21414,8810f6b083fffff
21415,8810f4a525fffff
21416,8810f46707fffff
21417,88101b621dfffff
21418,88101b0e61fffff
21419,8810a9758bfffff
21420,88101b7935fffff
21421,8810f411e5fffff
21422,88101b0db1fffff
21423,8810f41a11fffff
21424,8810f41921fffff
21425,8810f638e9fffff
21426,8810f4192dfffff
21427,8810f01313fffff
21428,8810f69451fffff
21429,88101b48bdfffff
21430,8810f62063fffff
21431,8810a965cdfffff
21432,8810f42dadfffff
21433,8810f62367fffff
21434,8810f474b5fffff
21435,8810f4b321fffff
21436,8810f55083fffff
21437,8810f0cdcdfffff
21438,8810f44125fffff
21439,8810f6a19dfffff
21440,8810f4520bfffff
21441,8810f4b0a7fffff
21442,8810f6ab2bfffff
21443,8810f6a689fffff
21444,8810f456c5fffff
21445,8810a96591fffff
21446,8810f59819fffff
21447,8810f6a615fffff
21448,8810f0d535fffff
21449,8810f0986dfffff
21450,8810f46765fffff
21451,8810f44d89fffff
21452,8810f6a9ebfffff
21453,8810f4a957fffff
21454,8810f4152dfffff
21455,8810f665c9fffff
21456,8810f2919dfffff
21457,8810f54b15fffff
21458,8810f5cd53fffff
21459,8810a92a53fffff
21460,8810f41705fffff
21461,8810f0b9b3fffff
21462,8810f5d563fffff
21463,8810f6872bfffff
21464,8810f40925fffff
21465,88101b2c5dfffff
21466,8810f63859fffff
21467,8810f51365fffff
21468,8810f68105fffff
21469,8810f47023fffff
21470,88101b0505fffff
21471,8810aba753fffff
21472,8810a96ea3fffff
21473,8810f6132bfffff
21474,8810f6ba6bfffff
21475,8810f62e45fffff
21476,88101b79b7fffff
21477,8810f4d1cdfffff
21478,8810f58aa5fffff
21479,8810f448cbfffff
21480,8810f664d1fffff
21481,8810f59987fffff
21482,8810f459a7fffff
21483,8810f624dbfffff
21484,8810f0ba1bfffff
21485,8810f6a027fffff
21486,8810f49b4bfffff
21487,8810f686b3fffff
21488,8810f688a1fffff
21489,88101b0c47fffff
21490,8810f419ddfffff
21491,8810a92859fffff
21492,8810f4b41bfffff
21493,8810f4c689fffff
21494,8810f6a53bfffff
21495,8810f4a969fffff
21496,8810f4d5ebfffff
21497,8810f6d401fffff
21498,8810f5b82dfffff
21499,8810f05805fffff
21500,8810f54867fffff
21501,8810f0532bfffff
21502,88101a6507fffff
21503,8810f0896dfffff
21504,8810f6b5a7fffff
21505,8810f42e59fffff
21506,8810a92e55fffff
21507,8810f456cdfffff
21508,8810f6110bfffff
21509,8810f69a33fffff
21510,8810f426a1fffff
21511,8810f6cab3fffff
21512,8810a96e53fffff
21513,8810f68dcdfffff
21514,8810a96253fffff
21515,8810f41037fffff
21516,8810f28733fffff
21517,8810f0c141fffff
21518,8810f28363fffff
21519,8810a97759fffff
21520,8810f5552bfffff
21521,8810f09859fffff
21522,8810f5d235fffff
21523,88101a6d29fffff
21524,8810f540bbfffff
21525,8810f29551fffff
21526,8810f4a5a3fffff
21527,8810f62dadfffff
21528,8810f46b67fffff
21529,8810f69627fffff
21530,8810f4d6e3fffff
21531,8810f5b859fffff
21532,8810f4a9edfffff
21533,8810f0c123fffff
21534,8810f50055fffff
21535,8810f5c2b1fffff
21536,8810f002e5fffff
21537,8810f46f31fffff
21538,8810f45095fffff
21539,8810f58eb3fffff
21540,8810f48d0bfffff
21541,8810f29121fffff
21542,8810f40047fffff
21543,8810f5ce25fffff
21544,8810f6da1bfffff
21545,8810f545a7fffff
21546,88101b0321fffff
21547,8810f08c49fffff
21548,8810f425a5fffff
21549,8810f6d1c1fffff
21550,8810f2975bfffff
21551,88101b71b3fffff
21552,8810f44e59fffff
21553,8810f4042dfffff
21554,8810f2943bfffff
21555,8810f42e8dfffff
21556,8810f63721fffff
21557,8810f468e7fffff
21558,8810f0cb17fffff
21559,8810f6b9cdfffff
21560,8810f4689bfffff
21561,88101b6ac9fffff
21562,88101b66c9fffff
21563,8810f44e61fffff
21564,88101b663bfffff
21565,8810a92693fffff
21566,8810f0cb63fffff
21567,8810f5d705fffff
21568,8810f58e3dfffff
21569,8810f4693bfffff
21570,8810f4b563fffff
21571,8810f486e3fffff
21572,8810f42a29fffff
21573,88101b42b7fffff
21574,8810f041c1fffff
21575,8810f29227fffff
21576,8810f4a001fffff
21577,8810a90cc3fffff
21578,8810f4814bfffff
21579,8810f63609fffff
21580,8810f62c31fffff
21581,88101b4c83fffff
21582,8810f43301fffff
21583,8810f51863fffff
21584,8810f42eebfffff
21585,8810f511e3fffff
21586,8810f0d263fffff
21587,8810f588d5fffff
21588,8810f5ca27fffff
21589,8810f5cad9fffff
21590,8810a92135fffff
21591,8810f62f45fffff
21592,88101b4e93fffff
21593,88101b55b3fffff
21594,8810f5d6adfffff
21595,8810f61813fffff
21596,8810f09649fffff
21597,8810f4d235fffff
21598,8810f6d54bfffff
21599,8810f5d0b3fffff
21600,8810f5448bfffff
21601,8810f294e1fffff
21602,8810a92e61fffff
21603,88101b0b69fffff
21604,88101b0509fffff
21605,8810f01889fffff
21606,8810f68a3bfffff
21607,88101b441bfffff
21608,8810f45853fffff
21609,8810f60f6dfffff
21610,8810f42da7fffff
21611,8810f61335fffff
21612,8810f44545fffff
21613,8810f55a93fffff
21614,8810f0d2a9fffff
21615,8810f42e57fffff
21616,8810f5c061fffff
21617,8810f40241fffff
21618,8810f589d7fffff
21619,8810f42233fffff
21620,8810f6c669fffff
21621,8810f66ac1fffff
21622,8810f4c467fffff
21623,8810f4b52bfffff
21624,8810f42d39fffff
21625,8810f6d8b9fffff
21626,8810f5d859fffff
21627,8810f4a11dfffff
21628,8810f5d019fffff
21629,8810f69353fffff
21630,8810f6c645fffff
21631,88101a6f33fffff
21632,8810f42cabfffff
21633,88101b690dfffff
21634,8810a97667fffff
21635,8810f29111fffff
21636,88101b66cbfffff
21637,8810f08a05fffff
21638,8810f61651fffff
21639,8810f63723fffff
21640,8810f6da63fffff
21641,8810f48aa1fffff
21642,8810f05343fffff
21643,8810f015a1fffff
21644,8810aba71dfffff
21645,8810f4b33dfffff
21646,8810f0c037fffff
21647,8810f0825bfffff
21648,8810f4b099fffff
21649,8810f4522dfffff
21650,8810f4c5b1fffff
21651,8810f6276bfffff
21652,8810f509c1fffff
21653,8810f6b82bfffff
21654,8810f40043fffff
21655,88101b4509fffff
21656,8810f6d193fffff
21657,8810f699ebfffff
21658,8810f09067fffff
21659,8810f4a93dfffff
21660,8810f41121fffff
21661,8810f6a543fffff
21662,8810f40333fffff
21663,8810f6a1edfffff
21664,8810f04323fffff
21665,8810f00765fffff
21666,8810f54c41fffff
21667,88101b4597fffff
21668,8810f6896bfffff
21669,8810f66e43fffff
21670,8810f544c7fffff
21671,8810f080d9fffff
21672,88101b6915fffff
21673,88101b78bbfffff
21674,8810f589a3fffff
21675,8810f428edfffff
21676,8810f5494dfffff
21677,8810f548bbfffff
21678,8810f6399bfffff
21679,8810f086a9fffff
21680,88101b6197fffff
21681,8810f48aa3fffff
21682,8810f290b7fffff
21683,8810f6a723fffff
21684,8810f0d09bfffff
21685,8810f4110dfffff
21686,8810f61659fffff
21687,88101b7493fffff
21688,8810f0b9cbfffff
21689,8810f4ceb3fffff
21690,88101b618bfffff
21691,8810f049e5fffff
21692,8810f4c64dfffff
21693,8810f439cbfffff
21694,8810f58511fffff
21695,8810f54e5dfffff
21696,8810f66e01fffff
21697,8810f08c13fffff
21698,8810f016dbfffff
21699,8810f6a665fffff
21700,8810f4da99fffff
21701,8810f63717fffff
21702,8810a92613fffff
21703,8810f45117fffff
21704,8810f48ed7fffff
21705,8810f05037fffff
21706,88101b3937fffff
21707,8810f6a349fffff
21708,8810f096c3fffff
21709,8810f419b9fffff
21710,8810f44019fffff
21711,8810f0c423fffff
21712,8810a9749bfffff
21713,8810f4c483fffff
21714,88101b4657fffff
21715,8810f050a9fffff
21716,8810f54143fffff
21717,88101b6c67fffff
21718,8810f6a4d9fffff
21719,8810f4060dfffff
21720,88101b6013fffff
21721,8810f04313fffff
21722,8810f462bbfffff
21723,8810f478dbfffff
21724,8810a92763fffff
21725,8810f62d57fffff
21726,8810f5b90bfffff
21727,8810f40a59fffff
21728,8810f09313fffff
21729,8810f424b5fffff
21730,8810f4b8ebfffff
21731,8810f59201fffff
21732,8810f54ed7fffff
21733,8810f01111fffff
21734,8810f09195fffff
21735,8810f4159dfffff
21736,88101b4649fffff
21737,8810f46c55fffff
21738,88101b56a3fffff
21739,8810f44cd3fffff
21740,8810f4993bfffff
21741,88101b0a83fffff
21742,88101b6a37fffff
21743,8810f4da13fffff
21744,8810f47865fffff
21745,8810f012adfffff
21746,8810f43487fffff
21747,8810f048b5fffff
21748,8810f5c901fffff
21749,8810a96da7fffff
21750,8810f51057fffff
21751,8810f0151dfffff
21752,88101b7559fffff
21753,8810f5cca5fffff
21754,8810f4acadfffff
21755,8810f46f05fffff
21756,8810f048abfffff
21757,8810a93a8dfffff
21758,88101a6e33fffff
21759,8810a96801fffff
21760,8810f59067fffff
21761,8810f6242bfffff
21762,8810f5c6dbfffff
21763,8810f41453fffff
21764,8810f4a09bfffff
21765,8810f01a9bfffff
21766,8810f0183bfffff
21767,8810f6ce61fffff
21768,8810f43b63fffff
21769,8810f450abfffff
21770,8810f4c58bfffff
21771,8810a968b3fffff
21772,8810f6d8c1fffff
21773,8810f0c8b9fffff
21774,8810f54b23fffff
21775,8810f04069fffff
21776,8810f40463fffff
21777,8810f4c951fffff
21778,8810f6bb65fffff
21779,8810f4b589fffff
21780,8810f411c5fffff
21781,8810f40c59fffff
21782,8810f6d919fffff
21783,8810f68eb7fffff
21784,8810f50e6dfffff
21785,8810f59635fffff
21786,88101b6aadfffff
21787,8810f54499fffff
21788,8810f01719fffff
21789,88101b199bfffff
21790,8810f499abfffff
21791,8810f6858bfffff
21792,8810f4c18dfffff
21793,8810f55983fffff
21794,8810f4b943fffff
21795,8810f6976bfffff
21796,8810f62d49fffff
21797,8810f4a60bfffff
21798,8810a93b61fffff
21799,8810f4a2a3fffff
21800,8810f435e3fffff
21801,8810f6613bfffff
21802,8810f61895fffff
21803,8810f0561dfffff
21804,8810f6d6e7fffff
21805,8810f449c1fffff
21806,8810f5189dfffff
21807,8810aba6c7fffff
21808,8810f419a3fffff
21809,8810f48a25fffff
21810,8810f086c5fffff
21811,8810f40c23fffff
21812,8810a962a3fffff
21813,8810f58c93fffff
21814,8810a965a5fffff
21815,88101b7119fffff
21816,8810f5d891fffff
21817,88101b0debfffff
21818,8810f0cc4bfffff
21819,88101b0f35fffff
21820,88101b0127fffff
21821,8810f625b7fffff
21822,8810f60e99fffff
21823,8810f0aa6bfffff
21824,8810f4631bfffff
21825,8810f4190dfffff
21826,8810f28a57fffff
21827,88101b7313fffff
21828,8810f6a191fffff
21829,8810a92e3bfffff
21830,8810f62c97fffff
21831,8810f4c035fffff
21832,8810f6a925fffff
21833,8810f5894bfffff
21834,8810f4caabfffff
21835,8810f6ac93fffff
21836,8810f4d935fffff
21837,8810f58a8bfffff
21838,8810f63495fffff
21839,8810f05157fffff
21840,8810f472a9fffff
21841,8810f691adfffff
21842,8810f69367fffff
21843,8810f6d629fffff
21844,88101b6045fffff
21845,8810f58761fffff
21846,8810f512a3fffff
21847,8810f55559fffff
21848,8810f4b887fffff
21849,8810f63003fffff
21850,88101b6043fffff
21851,8810f6b9e5fffff
21852,8810f4d849fffff
21853,8810f5cf39fffff
21854,8810f690b3fffff
21855,8810f40a29fffff
21856,88101b695dfffff
21857,8810f48ec3fffff
21858,8810f54901fffff
21859,8810f5c985fffff
21860,8810f61a63fffff
21861,8810f51151fffff
21862,8810f68eabfffff
21863,8810f6b6e5fffff
21864,8810f4446dfffff
21865,8810f081d5fffff
21866,8810f49b09fffff
21867,8810f08437fffff
21868,8810f08097fffff
21869,88101b5691fffff
21870,8810f51b15fffff
21871,8810f5c159fffff
21872,8810f47943fffff
21873,8810f41937fffff
21874,88101b54a1fffff
21875,8810a925c9fffff
21876,8810f40f59fffff
21877,8810f5d757fffff
21878,8810f6c721fffff
21879,8810f002c9fffff
21880,8810f4c921fffff
21881,8810f0ba49fffff
21882,8810f54e0dfffff
21883,8810f62f67fffff
21884,8810f0ab43fffff
21885,8810f402c1fffff
21886,88101b5403fffff
21887,8810f584a7fffff
21888,88101b3943fffff
21889,88101b3947fffff
21890,8810a93839fffff
21891,8810f6b2bbfffff
21892,8810f66423fffff
21893,8810f40ac3fffff
21894,88101b6d0bfffff
21895,88101b0f11fffff
21896,8810f0d111fffff
21897,8810a97627fffff
21898,8810f478d9fffff
21899,8810f4a259fffff
21900,8810f42d3dfffff
21901,8810f4d8e9fffff
21902,8810f4c163fffff
21903,8810f51653fffff
21904,8810f4a323fffff
21905,8810f634adfffff
21906,8810f0d9dbfffff
21907,8810f46401fffff
21908,8810f6c40bfffff
21909,8810f49927fffff
21910,8810f6b631fffff
21911,8810f589ddfffff
21912,8810f0983bfffff
21913,8810f59983fffff
21914,8810f04aebfffff
21915,8810f62533fffff
21916,8810f48563fffff
21917,8810f01655fffff
21918,8810f636b9fffff
21919,8810f47095fffff
21920,8810f62cebfffff
21921,8810f44257fffff
21922,8810f42543fffff
21923,8810f47253fffff
21924,8810f57263fffff
21925,8810a93a39fffff
21926,8810a92531fffff
21927,8810f40435fffff
21928,8810f6c419fffff
21929,8810f461a9fffff
21930,8810f469a3fffff
21931,88101b6e8dfffff
21932,8810a92081fffff
21933,8810f4c46dfffff
21934,8810f5cd23fffff
21935,8810f485e7fffff
21936,8810f6973dfffff
21937,8810f6d231fffff
21938,8810f4a645fffff
21939,8810f4892bfffff
21940,8810f0072dfffff
21941,8810f4494bfffff
21942,8810a975c3fffff
21943,8810a96417fffff
21944,8810f480b9fffff
21945,8810f55889fffff
21946,8810f0d62dfffff
21947,8810f604b3fffff
21948,8810f6268bfffff
21949,8810f5ccc3fffff
21950,8810f4672bfffff
21951,8810f51853fffff
21952,8810f61889fffff
21953,8810f4414bfffff
21954,8810f46585fffff
21955,8810f5c95dfffff
21956,8810f4a667fffff
21957,8810f4232bfffff
21958,8810f0804dfffff
21959,8810f08b6bfffff
21960,8810f4b8a1fffff
21961,8810f0d4b7fffff
21962,8810f4a255fffff
21963,8810f4b167fffff
21964,8810f0c48dfffff
21965,8810f54aa5fffff
21966,8810f01343fffff
21967,8810f62ea1fffff
21968,8810f54e61fffff
21969,8810f59031fffff
21970,8810f08dc9fffff
21971,8810f08143fffff
21972,8810f47099fffff
21973,88101b5453fffff
21974,8810f45263fffff
21975,8810f45541fffff
21976,8810f080e9fffff
21977,8810f69285fffff
21978,8810f62047fffff
21979,8810f542a5fffff
21980,8810f63adbfffff
21981,8810f68581fffff
21982,8810f460a1fffff
21983,8810f68c85fffff
21984,8810f04005fffff
21985,8810f4a133fffff
21986,8810f28711fffff
21987,8810f69615fffff
21988,8810f41885fffff
21989,8810f059a5fffff
21990,8810f0530dfffff
21991,8810f0994bfffff
21992,8810f48e6dfffff
21993,8810f486adfffff
21994,8810f59b0bfffff
21995,88101b71bbfffff
21996,8810f694b5fffff
21997,8810f5000bfffff
21998,88101b46e7fffff
21999,8810f0ceadfffff
22000,8810f54821fffff
22001,8810f6256dfffff
22002,8810f0c5a1fffff
22003,8810f011ebfffff
22004,8810f689b3fffff
22005,8810f6b349fffff
22006,8810f0c0d1fffff
22007,8810f48991fffff
22008,8810a966e9fffff
22009,8810f67615fffff
22010,8810f540e9fffff
22011,8810f54521fffff
22012,8810f62331fffff
22013,8810a92f31fffff
22014,8810f682a9fffff
22015,8810a92225fffff
22016,8810f282d1fffff
22017,8810f59b69fffff
22018,8810f5c0c1fffff
22019,8810f605d7fffff
22020,8810f411edfffff
22021,8810f0ba51fffff
22022,8810f4396bfffff
22023,8810a97615fffff
22024,8810f08ed1fffff
22025,8810f58f6bfffff
22026,8810f51941fffff
22027,88101a6cc3fffff
22028,8810a92745fffff
22029,8810f63693fffff
22030,88101b0d21fffff
22031,8810f49997fffff
22032,8810f45addfffff
22033,8810f29129fffff
22034,8810f48925fffff
22035,8810f63ac7fffff
22036,8810f01299fffff
22037,8810f58a5dfffff
22038,8810f0c307fffff
22039,8810f61b1dfffff
22040,8810f286d9fffff
22041,8810f635d5fffff
22042,8810f44a03fffff
22043,8810f69619fffff
22044,8810f68841fffff
22045,8810f5d24dfffff
22046,8810f66087fffff
22047,8810f6b4cdfffff
22048,8810f6a1e5fffff
22049,8810f46159fffff
22050,8810f48813fffff
22051,8810f5d74bfffff
22052,8810f46b15fffff
22053,8810f0a241fffff
22054,8810f54a19fffff
22055,8810f0d463fffff
22056,8810f47343fffff
22057,8810f5cc6dfffff
22058,8810f676e5fffff
22059,8810f590d1fffff
22060,8810f4d43dfffff
22061,88101b6921fffff
22062,8810f5dae1fffff
22063,8810f60907fffff
22064,8810f4033bfffff
22065,8810f4185bfffff
22066,88101b0e29fffff
22067,8810f0b839fffff
22068,8810f6b659fffff
22069,8810f2b361fffff
22070,8810f43257fffff
22071,8810f45a8bfffff
22072,8810f41281fffff
22073,8810f43013fffff
22074,8810f296abfffff
22075,88101b68bdfffff
22076,8810f6a685fffff
22077,8810f40ee7fffff
22078,8810f5c12bfffff
22079,8810f4c961fffff
22080,8810f45a39fffff
22081,8810f442d1fffff
22082,8810f0cd13fffff
22083,8810f6ad85fffff
22084,88101b61d9fffff
22085,8810f099a5fffff
22086,8810f62227fffff
22087,8810f436d9fffff
22088,8810f46d17fffff
22089,88101b2b61fffff
22090,8810f5166dfffff
22091,8810f4c659fffff
22092,8810f5c8d9fffff
22093,8810f54831fffff
22094,8810f0db41fffff
22095,8810f5c5cdfffff
22096,8810f4164dfffff
22097,8810f42157fffff
22098,8810f4ca49fffff
22099,8810f54f23fffff
22100,8810f61497fffff
22101,8810a9750bfffff
22102,88101b6dc9fffff
22103,8810f0829bfffff
22104,8810f44c25fffff
22105,8810f54f03fffff
22106,8810f5898dfffff
22107,8810f0842dfffff
22108,88101b6167fffff
22109,8810f0baadfffff
22110,8810f47047fffff
22111,8810a96181fffff
22112,8810f43895fffff
22113,8810f50a1bfffff
22114,8810f42569fffff
22115,8810f4b4d1fffff
22116,8810f0943bfffff
22117,8810f0b311fffff
22118,88101b6913fffff
22119,8810a92dadfffff
22120,8810f0561bfffff
22121,8810a9752dfffff
22122,8810f4b845fffff
22123,8810f0d6b9fffff
22124,8810a92cb9fffff
22125,8810a92aa1fffff
22126,8810f6a449fffff
22127,8810f4b0c7fffff
22128,8810f6b65dfffff
22129,8810f4c369fffff
22130,8810f6a105fffff
22131,8810f29269fffff
22132,8810f48507fffff
22133,8810f61085fffff
22134,8810f6c5e9fffff
22135,8810f28107fffff
22136,8810f4b74dfffff
22137,8810f61209fffff
22138,88101b6a11fffff
22139,88101b0ce1fffff
22140,8810f012d5fffff
22141,8810f44e67fffff
22142,8810f46867fffff
22143,8810f67419fffff
22144,8810f689d9fffff
22145,8810f63819fffff
22146,8810f42f29fffff
22147,8810f63709fffff
22148,8810f4284dfffff
22149,8810f0d06bfffff
22150,8810f51059fffff
22151,8810f43353fffff
22152,8810f0406bfffff
22153,8810f2834bfffff
22154,8810f544a3fffff
22155,8810f4ca6dfffff
22156,8810f55739fffff
22157,8810f4228bfffff
22158,8810f04103fffff
22159,8810f696edfffff
22160,8810f08e63fffff
22161,8810f46947fffff
22162,88101b72dbfffff
22163,88101b473dfffff
22164,8810a926a1fffff
22165,8810f54d69fffff
22166,8810f6ccd9fffff
22167,8810f5cb51fffff
22168,8810f58191fffff
22169,8810f0580dfffff
22170,8810f6d593fffff
22171,88101b776dfffff
22172,8810f42457fffff
22173,8810a96c55fffff
22174,8810f6a69bfffff
22175,8810f0cb39fffff
22176,88101b0e83fffff
22177,8810f4003bfffff
22178,8810f0c5a9fffff
22179,8810f54f25fffff
22180,8810f0d4dbfffff
22181,8810a96eedfffff
22182,8810f5ba8dfffff
22183,8810f6ca81fffff
22184,88101b4537fffff
22185,8810f41099fffff
22186,8810f05563fffff
22187,8810f58d35fffff
22188,8810f692e1fffff
22189,8810f4cc03fffff
22190,88101b7a55fffff
22191,8810f29887fffff
22192,8810f41a37fffff
22193,8810f625c5fffff
22194,8810f45309fffff
22195,88101b7765fffff
22196,8810f295a3fffff
22197,8810f0008dfffff
22198,8810f0d015fffff
22199,8810f45567fffff
22200,8810f0b809fffff
22201,8810a90ca7fffff
22202,88101b694bfffff
22203,8810f5cab7fffff
22204,8810f291ebfffff
22205,8810f6b225fffff
22206,8810f011b5fffff
22207,8810f08f45fffff
22208,8810f61a69fffff
22209,8810f69211fffff
22210,88101b6a05fffff
22211,8810f5456dfffff
22212,8810f4c1cbfffff
22213,8810f6934dfffff
22214,8810f29149fffff
22215,8810f29751fffff
22216,8810f68d45fffff
22217,8810f4c4bbfffff
22218,8810f501ebfffff
22219,8810f059b1fffff
22220,8810f6d647fffff
22221,8810f60597fffff
22222,8810f6c591fffff
22223,8810f50367fffff
22224,8810f469d9fffff
22225,8810f61b45fffff
22226,8810f4c729fffff
22227,8810f626d1fffff
22228,8810f08847fffff
22229,8810f09ac7fffff
22230,8810f518a7fffff
22231,8810f5c56dfffff
22232,8810f01b09fffff
22233,8810f465c1fffff
22234,8810f4980dfffff
22235,8810f4a557fffff
22236,8810f55331fffff
22237,8810f69843fffff
22238,8810f68215fffff
22239,88101b66edfffff
22240,8810f502bdfffff
22241,8810f6b605fffff
22242,8810f45a9bfffff
22243,8810f54009fffff
22244,8810f438c5fffff
22245,8810f5160bfffff
22246,8810f68b67fffff
22247,8810f62e49fffff
22248,8810f58ccdfffff
22249,88101b2861fffff
22250,88101b4c29fffff
22251,88101b7297fffff
22252,8810a92c4dfffff
22253,8810f0c419fffff
22254,8810f5446bfffff
22255,8810f434e1fffff
22256,8810f441b5fffff
22257,8810a96a9bfffff
22258,8810a97501fffff
22259,8810f696d5fffff
22260,88101b6b51fffff
22261,8810f4b9bbfffff
22262,8810f09a05fffff
22263,8810f6ba8bfffff
22264,8810f0b12dfffff
22265,8810f4c5d1fffff
22266,8810f406e5fffff
22267,8810f54013fffff
22268,8810f615cdfffff
22269,8810f435a7fffff
22270,8810f5499dfffff
22271,8810a964abfffff
22272,88101b0005fffff
22273,8810f58ce5fffff
22274,8810f47a2bfffff
22275,8810f550a3fffff
22276,8810f5c503fffff
22277,8810f50a41fffff
22278,8810f55061fffff
22279,8810f0c5cdfffff
22280,8810f47451fffff
22281,8810f42367fffff
22282,8810f68845fffff
22283,8810f46f1dfffff
22284,8810f456adfffff
22285,8810f62ed1fffff
22286,8810f54a21fffff
22287,8810f5d303fffff
22288,88101b0a65fffff
22289,8810f4b4e1fffff
22290,8810a96685fffff
22291,8810f04923fffff
22292,8810f4a4b7fffff
22293,8810f48c97fffff
22294,8810f63b67fffff
22295,8810f085e9fffff
22296,8810f29643fffff
22297,8810f40e5dfffff
22298,8810f0c049fffff
22299,8810a97521fffff
22300,8810f0536bfffff
22301,8810f469d3fffff
22302,8810f4895bfffff
22303,8810f05181fffff
22304,8810f55945fffff
22305,8810f4205dfffff
22306,8810f4dacbfffff
22307,8810a97527fffff
22308,8810f5d63bfffff
22309,8810f09a07fffff
22310,8810f59293fffff
22311,8810f680c7fffff
22312,88101b4dd3fffff
22313,8810f51a61fffff
22314,8810f0cc0bfffff
22315,8810f45665fffff
22316,8810f5da65fffff
22317,8810f5109bfffff
22318,8810f406abfffff
22319,8810f5c047fffff
22320,8810f466ebfffff
22321,8810f6ca9bfffff
22322,8810f01b21fffff
22323,8810f5ce3bfffff
22324,8810f63b5bfffff
22325,8810f4a4cdfffff
22326,8810f58041fffff
22327,8810f55a5dfffff
22328,8810f08707fffff
22329,8810f43087fffff
22330,8810a96d67fffff
22331,8810f43635fffff
22332,8810f47ac3fffff
22333,8810f0cb69fffff
22334,8810a96f09fffff
22335,8810f4ac89fffff
22336,8810f0b217fffff
22337,8810f512d5fffff
22338,8810f58845fffff
22339,8810f08995fffff
22340,8810f04983fffff
22341,8810f00763fffff
22342,8810f0c01dfffff
22343,8810f68867fffff
22344,8810a96427fffff
22345,8810f40823fffff
22346,88101b46b1fffff
22347,8810f48d4dfffff
22348,8810a9381dfffff
22349,8810f50987fffff
22350,8810f42567fffff
22351,88101b4a93fffff
22352,8810f44735fffff
22353,8810f45863fffff
22354,8810f610abfffff
22355,8810f08305fffff
22356,8810a968c1fffff
22357,8810f44149fffff
22358,8810f66c65fffff
22359,8810f66a89fffff
22360,8810f50a69fffff
22361,8810f60a21fffff
22362,8810f6d017fffff
22363,8810f62da9fffff
22364,8810f58089fffff
22365,8810f5d481fffff
22366,88101b6e1bfffff
22367,8810f58117fffff
22368,8810f55125fffff
22369,8810f6d51dfffff
22370,88101b4191fffff
22371,88101b6a4dfffff
22372,8810f58167fffff
22373,8810f5ca53fffff
22374,8810f4cb67fffff
22375,8810f04267fffff
22376,8810f4c119fffff
22377,8810f58b27fffff
22378,8810f42053fffff
22379,88101b7717fffff
22380,8810f4d0a1fffff
22381,8810f68eb5fffff
22382,8810a965d3fffff
22383,88101b2b4dfffff
22384,8810f5cce1fffff
22385,8810f44c65fffff
22386,88101b7407fffff
22387,8810f4d30dfffff
22388,8810f55937fffff
22389,8810f0b20dfffff
22390,8810f6d2b9fffff
22391,8810f5895bfffff
22392,8810a924bbfffff
22393,8810a96da3fffff
22394,8810f60901fffff
22395,8810f5096bfffff
22396,8810f094ddfffff
22397,8810f4b893fffff
22398,8810f4a8c7fffff
22399,8810f0d1b7fffff
22400,8810f44f27fffff
22401,8810f42da1fffff
22402,8810f47b45fffff
22403,8810f42109fffff
22404,8810f4c4e7fffff
22405,8810f0cf11fffff
22406,8810f46ce7fffff
22407,8810f512d7fffff
22408,8810f6d36bfffff
22409,88101b54abfffff
22410,8810f5560dfffff
22411,8810f459a9fffff
22412,88101b429bfffff
22413,8810f50ad3fffff
22414,8810f091c9fffff
22415,8810a92d2dfffff
22416,8810f4b439fffff
22417,8810f59009fffff
22418,8810f41103fffff
22419,88101b46c9fffff
22420,8810f62f27fffff
22421,8810f58cddfffff
22422,8810f69593fffff
22423,8810f47a41fffff
22424,8810f63661fffff
22425,8810f696c7fffff
22426,8810f6121dfffff
22427,8810f29337fffff
22428,8810f6080bfffff
22429,8810f051d7fffff
22430,8810f51017fffff
22431,8810f55133fffff
22432,88101b6511fffff
22433,8810f05185fffff
22434,8810f094e1fffff
22435,8810f61801fffff
22436,8810f468ebfffff
22437,8810a93691fffff
22438,8810f05949fffff
22439,8810f41293fffff
22440,8810a92a63fffff
22441,8810f5c043fffff
22442,8810f69b37fffff
22443,8810f2801bfffff
22444,88101b0b0bfffff
22445,8810f49861fffff
22446,8810f0d157fffff
22447,8810f42d6bfffff
22448,8810f44e49fffff
22449,8810f55a19fffff
22450,8810f05567fffff
22451,8810f450e1fffff
22452,8810f0d82bfffff
22453,8810f0d8c1fffff
22454,8810f4108dfffff
22455,8810f62537fffff
22456,8810f4884dfffff
22457,8810f4babdfffff
22458,88101a6f37fffff
22459,8810f28601fffff
22460,8810f4a631fffff
22461,8810f4c9dbfffff
22462,8810f448ebfffff
22463,88101b7209fffff
22464,8810f62255fffff
22465,8810f68b4dfffff
22466,8810f54925fffff
22467,8810a96f53fffff
22468,8810f46709fffff
22469,8810f5d055fffff
22470,8810f6cf2bfffff
22471,8810f5c909fffff
22472,8810f4b5c7fffff
22473,8810f4041dfffff
22474,8810f550a9fffff
22475,8810a962a5fffff
22476,8810f4a9bdfffff
22477,8810f480abfffff
22478,88101b012dfffff
22479,8810f28ad5fffff
22480,8810f69499fffff
22481,8810f4881dfffff
22482,8810f019d7fffff
22483,8810f40f17fffff
22484,8810a92e19fffff
22485,8810f6b44dfffff
22486,88101b76b5fffff
22487,8810f2966dfffff
22488,8810f6d187fffff
22489,8810f0c1c5fffff
22490,88101b6957fffff
22491,8810f47109fffff
22492,88101b6331fffff
22493,8810f47207fffff
22494,8810f4b56bfffff
22495,8810f59881fffff
22496,88101b6109fffff
22497,8810f29b41fffff
22498,8810f41935fffff
22499,8810f5d4ddfffff
22500,88101b4651fffff
22501,8810f449b5fffff
22502,8810f0d4c9fffff
22503,8810f46db1fffff
22504,8810f6cad5fffff
22505,8810f475a5fffff
22506,8810f6135dfffff
22507,8810f55465fffff
22508,8810f4d729fffff
22509,8810f48d33fffff
22510,8810f08c15fffff
22511,8810f62d19fffff
22512,8810f0ca09fffff
22513,8810f4062bfffff
22514,88101b6693fffff
22515,8810f4a20dfffff
22516,8810f28099fffff
22517,8810f4d733fffff
22518,8810f405bbfffff
22519,8810f40e51fffff
22520,8810f05ac7fffff
22521,8810f5ccb5fffff
22522,88101b05ebfffff
22523,8810f411e7fffff
22524,8810a93697fffff
22525,8810f088c1fffff
22526,8810f091c5fffff
22527,8810f0c90dfffff
22528,8810f5c1b9fffff
22529,8810f6645dfffff
22530,8810f0075dfffff
22531,8810f42613fffff
22532,8810a939b5fffff
22533,8810f28555fffff
22534,8810f6199bfffff
22535,8810f444ebfffff
22536,8810f4b1c7fffff
22537,88101b6f53fffff
22538,8810f60b43fffff
22539,8810f49869fffff
22540,8810f092ddfffff
22541,8810f0885bfffff
22542,8810f58087fffff
22543,8810f6c22dfffff
22544,8810f452b7fffff
22545,8810f09739fffff
22546,8810f4c239fffff
22547,8810f414b5fffff
22548,8810f4c881fffff
22549,8810f28347fffff
22550,8810f4b9a9fffff
22551,8810f6b905fffff
22552,8810f5d0dbfffff
22553,8810f088edfffff
22554,8810a93851fffff
22555,8810f4b431fffff
22556,8810f6385dfffff
22557,8810f42ab1fffff
22558,8810f4a45bfffff
22559,8810f58f25fffff
22560,8810f4d833fffff
22561,8810f0969dfffff
22562,8810f62009fffff
22563,8810f47251fffff
22564,8810f58c91fffff
22565,8810f29b19fffff
22566,8810f4ca67fffff
22567,8810f0d52dfffff
22568,8810f0c851fffff
22569,8810f095a9fffff
22570,8810f4cc09fffff
22571,8810f6acddfffff
22572,8810f55017fffff
22573,88101b6347fffff
22574,8810f6b13dfffff
22575,88101b7725fffff
22576,8810f099abfffff
22577,8810f4aae5fffff
22578,8810f44a81fffff
22579,8810f000abfffff
22580,88101b6829fffff
22581,88101a6563fffff
22582,8810f486edfffff
22583,88101b4997fffff
22584,8810f5b95dfffff
22585,88101b2d6bfffff
22586,8810f45815fffff
22587,8810f5d509fffff
22588,8810f6234dfffff
22589,88101b39a3fffff
22590,8810f58ccbfffff
22591,8810f4b405fffff
22592,8810f0c9e3fffff
22593,8810f051a9fffff
22594,8810f63953fffff
22595,8810f08625fffff
22596,8810f00091fffff
22597,8810f4b9e7fffff
22598,8810f41623fffff
22599,8810f69a4dfffff
22600,8810f55691fffff
22601,8810f6364dfffff
22602,8810f42519fffff
22603,8810f4cb05fffff
22604,8810f44631fffff
22605,8810f40a17fffff
22606,88101b098bfffff
22607,8810f4baedfffff
22608,8810f6d029fffff
22609,8810f05b33fffff
22610,8810f585b7fffff
22611,8810a92b45fffff
22612,8810f59a07fffff
22613,8810f4a5ebfffff
22614,8810f0bb11fffff
22615,8810f47241fffff
22616,88101b2909fffff
22617,88101a6c19fffff
22618,8810f4ad61fffff
22619,88101b4529fffff
22620,8810f4b1dbfffff
22621,8810a9273bfffff
22622,8810f680b9fffff
22623,8810f4100bfffff
22624,8810f0434bfffff
22625,8810f46c0bfffff
22626,8810f6b4a9fffff
22627,8810f60a17fffff
22628,8810f5d101fffff
22629,8810f57311fffff
22630,8810f40531fffff
22631,8810f08ce9fffff
22632,8810f05981fffff
22633,8810f584b7fffff
22634,8810f6c153fffff
22635,8810f44ad7fffff
22636,8810f08ae3fffff
22637,8810a96c5dfffff
22638,8810f68145fffff
22639,8810f405d3fffff
22640,8810f6146dfffff
22641,8810f545a1fffff
22642,8810f43141fffff
22643,8810f0d219fffff
22644,8810f4c891fffff
22645,8810f63337fffff
22646,8810f28267fffff
22647,8810f54f6dfffff
22648,8810f4a9abfffff
22649,8810f516d5fffff
22650,8810f0d505fffff
22651,8810f42885fffff
22652,8810f4c633fffff
22653,8810f48105fffff
22654,8810f59761fffff
22655,8810f04ad3fffff
22656,8810f0cd49fffff
22657,8810f4ce23fffff
22658,8810f51339fffff
22659,8810f48737fffff
22660,8810f48551fffff
22661,8810f55851fffff
22662,8810f54aabfffff
22663,8810f5c931fffff
22664,8810f48123fffff
22665,8810f6da5dfffff
22666,8810f0c6adfffff
22667,8810a93803fffff
22668,8810f5491bfffff
22669,8810a92457fffff
22670,8810f5572dfffff
22671,8810f41951fffff
22672,8810f4c567fffff
22673,8810f49923fffff
22674,8810f4566dfffff
22675,8810f40a99fffff
22676,8810f58cb1fffff
22677,8810f46631fffff
22678,8810f4613dfffff
22679,8810a96f03fffff
22680,8810f440e7fffff
22681,8810f48c53fffff
22682,8810f475abfffff
22683,88101b0d3bfffff
22684,88101b78adfffff
22685,8810f625c9fffff
22686,8810f5ce87fffff
22687,8810f66ad5fffff
22688,8810f42589fffff
22689,8810f45b37fffff
22690,8810f62093fffff
22691,8810f04941fffff
22692,8810f4adbbfffff
22693,8810f4c2a1fffff
22694,8810f0c129fffff
22695,8810f29515fffff
22696,8810f0d313fffff
22697,8810f6bab9fffff
22698,8810f6a767fffff
22699,8810f5562bfffff
22700,8810f0822bfffff
22701,8810f41199fffff
22702,8810f01b39fffff
22703,8810f46139fffff
22704,8810f0da81fffff
22705,8810f6b02bfffff
22706,8810f44153fffff
22707,8810f29565fffff
22708,8810f6a5a3fffff
22709,8810f295cbfffff
22710,8810f50a63fffff
22711,8810f68cc5fffff
22712,8810f694dbfffff
22713,8810f09717fffff
22714,8810f6c2cdfffff
22715,8810f46a6dfffff
22716,8810f591abfffff
22717,8810f4893dfffff
22718,88101b456dfffff
22719,8810f42dedfffff
22720,8810f0b053fffff
22721,8810f08881fffff
22722,8810f6c217fffff
22723,8810f6c631fffff
22724,8810f094c1fffff
22725,8810f5812bfffff
22726,88101b0f6dfffff
22727,8810f05a5dfffff
22728,8810f0c543fffff
22729,88101b729bfffff
22730,8810f28043fffff
22731,8810f01b4dfffff
22732,8810f05a4dfffff
22733,8810f0cb35fffff
22734,8810f51319fffff
22735,8810f41131fffff
22736,8810f05b5bfffff
22737,8810f0bacbfffff
22738,8810f28097fffff
22739,8810f4a4dbfffff
22740,8810f43711fffff
22741,8810f05b09fffff
22742,8810f4103bfffff
22743,8810f581b9fffff
22744,8810f460e3fffff
22745,8810f636d5fffff
22746,8810f6b85dfffff
22747,8810f42297fffff
22748,8810f464a9fffff
22749,8810f08dd1fffff
22750,8810f580e5fffff
22751,8810f42ed5fffff
22752,8810f5992bfffff
22753,8810f68433fffff
22754,8810f60b4bfffff
22755,8810f45341fffff
22756,8810f05315fffff
22757,8810f29319fffff
22758,8810f40703fffff
22759,8810f48d53fffff
22760,8810f5cd61fffff
22761,8810f6dac5fffff
22762,8810f6da11fffff
22763,8810f43069fffff
22764,8810f6af41fffff
22765,8810f43585fffff
22766,8810f0d435fffff
22767,8810f43641fffff
22768,8810f4d2edfffff
22769,8810f631edfffff
22770,8810f4a463fffff
22771,8810f614c3fffff
22772,8810f4b8bbfffff
22773,8810a9653bfffff
22774,8810f439b9fffff
22775,8810a921e1fffff
22776,88101a6c59fffff
22777,8810a92cd1fffff
22778,88101b6ee1fffff
22779,8810f42e4dfffff
22780,8810f4641bfffff
22781,8810f472cbfffff
22782,8810f5c6e3fffff
22783,88101b4eedfffff
22784,8810f616d5fffff
22785,8810f6add5fffff
22786,8810a96e17fffff
22787,8810f05281fffff
22788,8810f0c4e3fffff
22789,8810f618a1fffff
22790,8810f0c139fffff
22791,8810f40959fffff
22792,8810f08495fffff
22793,8810f63b01fffff
22794,8810f4644bfffff
22795,8810f0b26dfffff
22796,8810f69215fffff
22797,88101b29d5fffff
22798,8810f08019fffff
22799,8810f54c5bfffff
22800,8810f0d4abfffff
22801,8810f69993fffff
22802,8810f6b8a1fffff
22803,8810f5d18bfffff
22804,8810f0c72bfffff
22805,8810f05827fffff
22806,8810f5cca9fffff
22807,8810f6a189fffff
22808,8810aba433fffff
22809,8810f55843fffff
22810,8810f6875bfffff
22811,8810f45661fffff
22812,8810f4180bfffff
22813,8810f6c629fffff
22814,88101b4cc9fffff
22815,8810f5cac7fffff
22816,8810f68333fffff
22817,8810f50199fffff
22818,8810f68ac1fffff
22819,8810f621c9fffff
22820,8810f4228dfffff
22821,88101b7addfffff
22822,8810a92b05fffff
22823,88101b4981fffff
22824,8810f6894bfffff
22825,8810f4350dfffff
22826,8810f4728bfffff
22827,8810f67645fffff
22828,8810f0d4b5fffff
22829,8810f4b093fffff
22830,8810f420a3fffff
22831,8810f6d255fffff
22832,8810f42441fffff
22833,8810f68811fffff
22834,8810a93ac7fffff
22835,8810f094e3fffff
22836,8810f448c7fffff
22837,8810f47465fffff
22838,8810f00365fffff
22839,8810f5903dfffff
22840,8810f47125fffff
22841,8810f464abfffff
22842,8810f41b6bfffff
22843,8810f0b043fffff
22844,8810f5532dfffff
22845,8810f0c297fffff
22846,8810f61881fffff
22847,8810f45031fffff
22848,8810f09123fffff
22849,8810f4d509fffff
22850,8810f63a95fffff
22851,8810f43345fffff
22852,88101b2d3dfffff
22853,8810f6aa97fffff
22854,8810f5cb27fffff
22855,8810f48de7fffff
22856,8810f4a66bfffff
22857,8810a9255dfffff
22858,8810f0a207fffff
22859,8810f582e9fffff
22860,8810f6ba57fffff
22861,8810f54767fffff
22862,88101b7a31fffff
22863,8810f08ea3fffff
22864,8810f4b525fffff
22865,8810f286bbfffff
22866,8810f60343fffff
22867,8810a92419fffff
22868,8810f0989dfffff
22869,8810f6c691fffff
22870,8810f601a7fffff
22871,8810f29143fffff
22872,8810f0db63fffff
22873,8810f69a67fffff
22874,8810f62eb7fffff
22875,8810f46e07fffff
22876,8810a96239fffff
22877,8810f44d4dfffff
22878,8810f51159fffff
22879,8810f45025fffff
22880,8810f416a3fffff
22881,8810f470cdfffff
22882,8810f44999fffff
22883,8810f50349fffff
22884,8810f42731fffff
22885,8810f4c9c7fffff
22886,88101a6cb9fffff
22887,8810f63b13fffff
22888,8810f29a39fffff
22889,8810f5c639fffff
22890,8810f6da43fffff
22891,8810f4b4e3fffff
22892,8810f66cedfffff
22893,8810f592b3fffff
22894,8810f60c8bfffff
22895,88101b643dfffff
22896,8810f51ac5fffff
22897,8810f4d5c1fffff
22898,8810f475c7fffff
22899,8810f42c51fffff
22900,8810f0db25fffff
22901,8810f0cf3dfffff
22902,8810f450a3fffff
22903,8810f66cc5fffff
22904,8810f6c5c3fffff
22905,8810a93991fffff
22906,8810f556e9fffff
22907,8810f43965fffff
22908,8810f42a2bfffff
22909,8810f44eedfffff
22910,8810f54ad5fffff
22911,8810f50b0dfffff
22912,8810f04867fffff
22913,8810f44a67fffff
22914,8810f4d2b7fffff
22915,88101b0a21fffff
22916,8810f4ccadfffff
22917,8810f052e1fffff
22918,8810f40f4dfffff
22919,8810f48d83fffff
22920,8810aba449fffff
22921,8810a97655fffff
22922,88101b2d19fffff
22923,88101b4a91fffff
22924,8810f5896bfffff
22925,8810f66ae9fffff
22926,8810f5d0d3fffff
22927,8810f4b09bfffff
22928,8810aba699fffff
22929,8810f6d6a5fffff
22930,88101b6757fffff
22931,8810f4ae1bfffff
22932,8810f44d33fffff
22933,8810a966c9fffff
22934,8810f0d831fffff
22935,8810a97443fffff
22936,8810f54857fffff
22937,8810f0b813fffff
22938,8810f41119fffff
22939,88101b711bfffff
22940,8810f405bdfffff
22941,8810f55a45fffff
22942,8810f421c1fffff
22943,8810f55693fffff
22944,8810f6b333fffff
22945,8810f0b343fffff
22946,8810f40a87fffff
22947,8810f4b5a9fffff
22948,8810f44183fffff
22949,8810f010b9fffff
22950,8810f58007fffff
22951,8810f4b599fffff
22952,8810f6d63bfffff
22953,8810f6d767fffff
22954,88101b45b7fffff
22955,8810f4a529fffff
22956,8810f54005fffff
22957,8810f01955fffff
22958,8810f66c5bfffff
22959,8810f0b269fffff
22960,8810f4630bfffff
22961,8810f50159fffff
22962,8810f4c52dfffff
22963,8810f45557fffff
22964,8810f66c45fffff
22965,8810f4c8b5fffff
22966,8810f48549fffff
22967,8810f4c503fffff
22968,8810f085e5fffff
22969,8810f0d1e5fffff
22970,8810f42191fffff
22971,8810a96f11fffff
22972,88101b4eebfffff
22973,8810f42655fffff
22974,8810f4c98bfffff
22975,8810f6bb5bfffff
22976,8810f44c1dfffff
22977,8810f6b513fffff
22978,8810f428cdfffff
22979,8810f6b9edfffff
22980,8810f09647fffff
22981,8810f68443fffff
22982,8810f468a3fffff
22983,8810f5c299fffff
22984,8810f6c625fffff
22985,8810f686a3fffff
22986,8810f6ab45fffff
22987,8810f590e7fffff
22988,8810f4ae95fffff
22989,8810f62415fffff
22990,8810f0d0b5fffff
22991,8810f6c111fffff
22992,8810f46d55fffff
22993,8810f63023fffff
22994,88101b658bfffff
22995,8810f0d225fffff
22996,8810f6a50bfffff
22997,8810f46f59fffff
22998,8810f0cc93fffff
22999,8810f5c8d1fffff
23000,8810f431bdfffff
23001,8810f6b20dfffff
23002,88101b0a05fffff
23003,8810f4b295fffff
23004,8810f46323fffff
23005,8810f46249fffff
23006,8810a92d87fffff
23007,8810f5bb47fffff
23008,8810f421c7fffff
23009,88101a6e29fffff
23010,8810f469c5fffff
23011,8810f472bbfffff
23012,8810f41aa3fffff
23013,8810f661dbfffff
23014,8810f46ddbfffff
23015,88101a6501fffff
23016,88101b6451fffff
23017,8810f45057fffff
23018,8810f5d211fffff
23019,8810f048a9fffff
23020,8810f462b3fffff
23021,8810f5580dfffff
23022,8810f01863fffff
23023,8810f4a157fffff
23024,8810f58555fffff
23025,8810a97753fffff
23026,8810f446a9fffff
23027,8810f45349fffff
23028,8810f62cb1fffff
23029,8810f46507fffff
23030,8810f0a26bfffff
23031,8810f44917fffff
23032,8810f691e3fffff
23033,8810f484bbfffff
23034,8810f6c635fffff
23035,8810f0d9b3fffff
23036,8810f051abfffff
23037,8810f44061fffff
23038,8810f085b7fffff
23039,8810f04345fffff
23040,8810f692cbfffff
23041,8810a92713fffff
23042,8810f41a69fffff
23043,8810f439abfffff
23044,8810f2973bfffff
23045,88101b70b5fffff
23046,8810f4b05bfffff
23047,8810f51b3bfffff
23048,8810f6ce57fffff
23049,8810f0cd19fffff
23050,8810f4b151fffff
23051,8810f29729fffff
23052,8810f6aa53fffff
23053,8810f4a761fffff
23054,8810a926d1fffff
23055,8810a960d5fffff
23056,8810f68a59fffff
23057,8810f511cbfffff
23058,8810f41141fffff
23059,8810f46429fffff
23060,8810f0d9a5fffff
23061,8810f50d63fffff
23062,8810f478b7fffff
23063,8810f512c3fffff
23064,8810f412adfffff
23065,8810f6d5a5fffff
23066,8810f0c88bfffff
23067,8810f6ae61fffff
23068,8810a92b63fffff
23069,8810f5cf21fffff
23070,8810f46295fffff
23071,8810f61ab1fffff
23072,8810f42913fffff
23073,8810f5d0b7fffff
23074,8810f6362dfffff
23075,8810f28411fffff
23076,8810f414d5fffff
23077,8810f286b7fffff
23078,8810f48ed5fffff
23079,8810f474e3fffff
23080,8810f40d39fffff
23081,8810f05183fffff
23082,8810f54eedfffff
23083,8810f6c343fffff
23084,8810f6855dfffff
23085,8810f0d933fffff
23086,8810f478e7fffff
23087,8810f4d155fffff
23088,8810f4ba49fffff
23089,8810a961a1fffff
23090,8810a92417fffff
23091,8810f43539fffff
23092,8810f57355fffff
23093,8810f5c06bfffff
23094,8810f048c1fffff
23095,8810f686ebfffff
23096,88101b0969fffff
23097,8810f42c11fffff
23098,8810f5188dfffff
23099,8810f5c853fffff
23100,8810f450adfffff
23101,8810f605e3fffff
23102,8810f681dbfffff
23103,8810f47707fffff
23104,8810f625b1fffff
23105,8810f4a897fffff
23106,8810f445d9fffff
23107,8810f69267fffff
23108,8810f47001fffff
23109,8810f41187fffff
23110,8810f40a93fffff
23111,8810f0891bfffff
23112,88101b60a9fffff
23113,8810aba711fffff
23114,8810f45a89fffff
23115,8810f51adbfffff
23116,8810f41823fffff
23117,8810f0814dfffff
23118,8810a96015fffff
23119,8810f42481fffff
23120,8810f6a287fffff
23121,8810f5c2c5fffff
23122,8810f4616bfffff
23123,8810f0962bfffff
23124,8810f0b11bfffff
23125,8810f50137fffff
23126,8810f48197fffff
23127,8810f59a4bfffff
23128,88101b0023fffff
23129,8810f408a7fffff
23130,8810f4c511fffff
23131,8810f4352bfffff
23132,8810f01335fffff
23133,8810f09ae1fffff
23134,8810f59039fffff
23135,8810f410e7fffff
23136,8810f45317fffff
23137,8810f6c2a7fffff
23138,88101b2b07fffff
23139,8810f58249fffff
23140,8810f0d557fffff
23141,8810f6a669fffff
23142,8810f45a67fffff
23143,8810f6baebfffff
23144,8810f4cde9fffff
23145,8810f4a347fffff
23146,8810f550c9fffff
23147,88101a6db9fffff
23148,8810f411e1fffff
23149,8810a961c7fffff
23150,88101b6831fffff
23151,8810f5c8edfffff
23152,8810f45811fffff
23153,8810f6b2edfffff
23154,8810f68e69fffff
23155,8810f58961fffff
23156,8810f50891fffff
23157,8810f05a0dfffff
23158,88101b56c3fffff
23159,8810f0020bfffff
23160,8810f67413fffff
23161,8810f60593fffff
23162,8810f0d483fffff
23163,8810f51b67fffff
23164,8810f51a0bfffff
23165,88101b4ae3fffff
23166,8810f048c9fffff
23167,8810f509dbfffff
23168,8810f55727fffff
23169,8810f44751fffff
23170,8810f485e9fffff
23171,8810f29549fffff
23172,8810f059abfffff
23173,8810f5421bfffff
23174,8810f464a7fffff
23175,8810f6d259fffff
23176,8810f459e7fffff
23177,8810f59859fffff
23178,8810f049bdfffff
23179,88101b4d23fffff
23180,8810f4b28dfffff
23181,8810f689d7fffff
23182,8810f40995fffff
23183,8810f08613fffff
23184,8810f0973dfffff
23185,8810f5d043fffff
23186,8810f5c2cbfffff
23187,8810f4ac31fffff
23188,8810f44c9dfffff
23189,8810f69ab3fffff
23190,88101b7153fffff
23191,8810f0522dfffff
23192,8810f6803dfffff
23193,8810f04807fffff
23194,8810f68a43fffff
23195,8810f4c991fffff
23196,8810a96dc9fffff
23197,8810f47533fffff
23198,8810f04219fffff
23199,8810f699d9fffff
23200,8810f58b15fffff
23201,8810f42601fffff
23202,8810f551c1fffff
23203,8810f6c749fffff
23204,8810f4b827fffff
23205,88101b604bfffff
23206,8810f674a1fffff
23207,8810f624e5fffff
23208,88101b55b1fffff
23209,8810f54e25fffff
23210,8810f414b3fffff
23211,8810f68997fffff
23212,8810f698d7fffff
23213,8810f5daa5fffff
23214,8810f6ce6bfffff
23215,8810f45261fffff
23216,8810f0b061fffff
23217,8810f60cbbfffff
23218,8810f01427fffff
23219,88101b0a13fffff
23220,8810f611d7fffff
23221,8810f5cf33fffff
23222,8810f60353fffff
23223,8810f5542bfffff
23224,8810f51037fffff
23225,8810f42f01fffff
23226,8810f402c5fffff
23227,8810f0c651fffff
23228,8810f60241fffff
23229,8810f5971bfffff
23230,8810f0934dfffff
23231,8810f05329fffff
23232,8810f0d123fffff
23233,8810f6c745fffff
23234,8810f54843fffff
23235,8810f0d4bbfffff
23236,8810f01021fffff
23237,8810f5c4d1fffff
23238,8810f4022bfffff
23239,8810f630a5fffff
23240,8810f4adc9fffff
23241,88101b7ac1fffff
23242,8810f4bae7fffff
23243,8810f28235fffff
23244,8810f55939fffff
23245,8810f58001fffff
23246,8810f4a561fffff
23247,8810f0c4b3fffff
23248,8810f4a839fffff
23249,8810f6151dfffff
23250,8810f58213fffff
23251,8810f4aee5fffff
23252,8810f5da29fffff
23253,8810f48529fffff
23254,8810a960b5fffff
23255,8810f4c6b9fffff
23256,8810f448c1fffff
23257,8810aba715fffff
23258,8810f472a5fffff
23259,8810f098e5fffff
23260,8810f48e4dfffff
23261,8810f0ba47fffff
23262,8810f28255fffff
23263,8810f541e7fffff
23264,8810f0b1ebfffff
23265,8810f40413fffff
23266,8810f46561fffff
23267,88101b765dfffff
23268,8810f554c1fffff
23269,8810f4721dfffff
23270,8810f6d543fffff
23271,88101b018dfffff
23272,8810f501c7fffff
23273,8810f63021fffff
23274,8810f40311fffff
23275,8810f5c413fffff
23276,8810f519a1fffff
23277,8810f58e43fffff
23278,88101b0125fffff
23279,8810f42b6dfffff
23280,8810f59725fffff
23281,8810f08049fffff
23282,8810f50117fffff
23283,8810f0c2a1fffff
23284,8810f5d4a5fffff
23285,8810f0b0e1fffff
23286,8810f55b07fffff
23287,8810f61a19fffff
23288,8810f296cdfffff
23289,8810f4cb21fffff
23290,8810f61211fffff
23291,8810f29587fffff
23292,8810f6b913fffff
23293,8810f6b923fffff
23294,8810f6246bfffff
23295,8810f4684bfffff
23296,8810f4a4adfffff
23297,88101b6731fffff
23298,8810f4c055fffff
23299,8810f462c3fffff
23300,88101b01d1fffff
23301,8810f62d17fffff
23302,88101b6c03fffff
23303,8810f4c6e3fffff
23304,88101b68c3fffff
23305,8810f54753fffff
23306,8810f44757fffff
23307,8810f4299bfffff
23308,8810f01b23fffff
23309,8810f55409fffff
23310,8810f44717fffff
23311,88101b6d9bfffff
23312,88101b09a3fffff
23313,8810f44ee5fffff
23314,8810f05331fffff
23315,8810f4c4c9fffff
23316,8810f4aec3fffff
23317,8810f4115dfffff
23318,8810f6804dfffff
23319,8810f69909fffff
23320,8810f41ac5fffff
23321,8810f5b9c1fffff
23322,8810f5161bfffff
23323,8810f69051fffff
23324,8810f6275dfffff
23325,8810f4dad7fffff
23326,88101b7091fffff
23327,88101b6581fffff
23328,8810f5d9e3fffff
23329,8810f46737fffff
23330,8810f46adbfffff
23331,8810f408a1fffff
23332,8810f54587fffff
23333,8810f09755fffff
23334,8810f0c09bfffff
23335,8810f6d88dfffff
23336,8810f05937fffff
23337,8810f4b5dbfffff
23338,8810f6085bfffff
23339,8810f511ebfffff
23340,8810a92943fffff
23341,8810f0d567fffff
23342,8810f42429fffff
23343,8810f080cdfffff
23344,8810f44001fffff
23345,8810f2989dfffff
23346,8810f018c9fffff
23347,8810f456d1fffff
23348,8810f46b05fffff
23349,8810f63639fffff
23350,8810f09999fffff
23351,8810f6d097fffff
23352,8810f69723fffff
23353,8810f292edfffff
23354,8810f5c2bdfffff
23355,8810f456c7fffff
23356,8810f0984bfffff
23357,88101b54d5fffff
23358,8810f45a33fffff
23359,8810f4c8a3fffff
23360,8810f40685fffff
23361,8810f6b4d5fffff
23362,8810f04b15fffff
23363,8810f43ab7fffff
23364,8810f095a1fffff
23365,8810f58e5bfffff
23366,8810f5bac5fffff
23367,8810f6006bfffff
23368,8810a9256bfffff
23369,8810f4ac01fffff
23370,8810a925e7fffff
23371,8810f29747fffff
23372,8810f0c4ebfffff
23373,8810f6b715fffff
23374,8810f5da37fffff
23375,8810f08ea9fffff
23376,8810f28661fffff
23377,8810f6b65bfffff
23378,88101b440dfffff
23379,8810f0c9a3fffff
23380,8810f4424bfffff
23381,8810f4ba2bfffff
23382,8810f46a43fffff
23383,8810f6b4b9fffff
23384,8810f0bb1dfffff
23385,8810f57367fffff
23386,88101b756bfffff
23387,8810f5c049fffff
23388,8810f688ebfffff
23389,8810f6c6ddfffff
23390,8810f4a5dbfffff
23391,88101a6ce3fffff
23392,8810f40d0dfffff
23393,8810f5c615fffff
23394,8810f46067fffff
23395,8810f635a9fffff
23396,8810f55541fffff
23397,8810f0c5d1fffff
23398,8810f01adbfffff
23399,8810f5085bfffff
23400,8810f48091fffff
23401,8810f286b5fffff
23402,8810f4a549fffff
23403,8810f63641fffff
23404,8810f47743fffff
23405,8810f4bb57fffff
23406,8810f6cc83fffff
23407,8810f5c9b3fffff
23408,8810f05321fffff
23409,88101b6027fffff
23410,8810f0d285fffff
23411,8810f42423fffff
23412,8810f41333fffff
23413,8810a96ed1fffff
23414,8810f4b413fffff
23415,8810f46b1dfffff
23416,8810f0d325fffff
23417,8810f6030dfffff
23418,8810f58959fffff
23419,8810f0b2a1fffff
23420,8810a92c95fffff
23421,8810f0414bfffff
23422,8810f4b8edfffff
23423,8810f63537fffff
23424,8810f4a9a9fffff
23425,8810f68e3bfffff
23426,8810f58a29fffff
23427,8810f58edbfffff
23428,8810f50211fffff
23429,8810f0c6d1fffff
23430,8810f29a17fffff
23431,8810f42805fffff
23432,8810f5bacdfffff
23433,8810f4ad43fffff
23434,8810f48a55fffff
23435,8810f68719fffff
23436,8810f6b0d7fffff
23437,8810f612bbfffff
23438,8810f4155bfffff
23439,8810f4b2e9fffff
23440,8810f08147fffff
23441,8810f6251bfffff
23442,8810f519c9fffff
23443,8810f68f59fffff
23444,8810a92907fffff
23445,88101b7237fffff
23446,8810f5d881fffff
23447,8810f5c9a5fffff
23448,88101b4cd9fffff
23449,8810f5ce67fffff
23450,8810f0c8cbfffff
23451,8810f6150bfffff
23452,8810f4d74dfffff
23453,8810f010cbfffff
23454,8810f51225fffff
23455,8810f4313bfffff
23456,8810f4acc5fffff
23457,8810f4a96bfffff
23458,8810f4c099fffff
23459,8810f29027fffff
23460,8810f61347fffff
23461,8810f40f11fffff
23462,8810f6b4e1fffff
23463,8810f0d4a1fffff
23464,8810f5b127fffff
23465,8810f51b45fffff
23466,8810f45303fffff
23467,8810a928a7fffff
23468,8810f0c8bdfffff
23469,8810f665b1fffff
23470,8810f598cdfffff
23471,8810f421c5fffff
23472,8810f55b6dfffff
23473,8810a96f51fffff
23474,8810a965ebfffff
23475,8810f58f19fffff
23476,8810f6b319fffff
23477,8810f68499fffff
23478,8810f05885fffff
23479,8810f6b155fffff
23480,88101b442bfffff
23481,8810f62749fffff
23482,8810f4d129fffff
23483,8810f41859fffff
23484,8810f55599fffff
23485,8810f6aeb7fffff
23486,8810f43759fffff
23487,88101b698dfffff
23488,88101b0335fffff
23489,8810f51a2bfffff
23490,8810f4413dfffff
23491,8810f45859fffff
23492,8810f05adbfffff
23493,8810f68149fffff
23494,8810f68457fffff
23495,8810f0cb01fffff
23496,8810f41a13fffff
23497,8810f48c29fffff
23498,8810f089adfffff
23499,8810f549d7fffff
23500,8810f0c457fffff
23501,8810f29769fffff
23502,8810f4a501fffff
23503,8810f0889bfffff
23504,88101b0829fffff
23505,8810f5cf2dfffff
23506,8810f546b7fffff
23507,8810a920b1fffff
23508,8810f4996dfffff
23509,8810f406a5fffff
23510,88101b0a63fffff
23511,88101b7159fffff
23512,8810f59b19fffff
23513,8810f545adfffff
23514,8810f59095fffff
23515,8810f0cec3fffff
23516,8810f66cd9fffff
23517,8810f58ac9fffff
23518,8810a96e6bfffff
23519,8810f425ddfffff
23520,8810f5c8cbfffff
23521,8810f2876dfffff
23522,8810f0db39fffff
23523,8810f0482dfffff
23524,8810f41b37fffff
23525,8810f60db1fffff
23526,8810f4a295fffff
23527,8810f470bdfffff
23528,8810f5c1b5fffff
23529,8810f6b6e9fffff
23530,8810f47a91fffff
23531,8810f6da4dfffff
23532,8810f428bbfffff
23533,8810f5c4a1fffff
23534,8810f45529fffff
23535,8810f05111fffff
23536,8810f4dabbfffff
23537,8810f2b151fffff
23538,8810f42997fffff
23539,8810f5d193fffff
23540,8810f46269fffff
23541,8810f4b36bfffff
23542,8810f616c1fffff
23543,8810f4842bfffff
23544,8810f42a0bfffff
23545,88101b0cd7fffff
23546,8810f6b6d1fffff
23547,8810f6b297fffff
23548,8810f4c853fffff
23549,8810f0d811fffff
23550,8810f5da6bfffff
23551,8810f08eedfffff
23552,8810aba6a5fffff
23553,8810f45125fffff
23554,8810f0d2b5fffff
23555,8810f6b841fffff
23556,8810f6b5e5fffff
23557,8810f090a5fffff
23558,8810f08091fffff
23559,8810f63365fffff
23560,8810f4cea7fffff
23561,88101a6e51fffff
23562,8810f4491bfffff
23563,8810f5d135fffff
23564,8810f08689fffff
23565,88101b4aadfffff
23566,88101b4e83fffff
23567,8810f43a09fffff
23568,8810f4c825fffff
23569,8810f01855fffff
23570,8810a9600dfffff
23571,8810f49801fffff
23572,8810f0882bfffff
23573,8810f0976dfffff
23574,8810a928bbfffff
23575,8810f40b39fffff
23576,8810f6ade9fffff
23577,8810f5ca01fffff
23578,8810f6a003fffff
23579,8810f0911bfffff
23580,8810f512d9fffff
23581,8810f622bdfffff
23582,8810a9263dfffff
23583,8810f54103fffff
23584,8810a96759fffff
23585,8810f59111fffff
23586,8810a92ee7fffff
23587,8810f5d153fffff
23588,8810f48c05fffff
23589,8810f01aadfffff
23590,8810f01141fffff
23591,88101b72cbfffff
23592,8810f69447fffff
23593,8810f6c1a5fffff
23594,8810f0c327fffff
23595,8810f5c125fffff
23596,8810f08cd9fffff
23597,8810f62f11fffff
23598,8810f441c9fffff
23599,8810f002d5fffff
23600,8810f40857fffff
23601,8810f43a6bfffff
23602,8810f0ba27fffff
23603,8810f50917fffff
23604,8810f58f5dfffff
23605,8810f6d881fffff
23606,8810f6a083fffff
23607,8810a934d9fffff
23608,88101b6ca3fffff
23609,8810f590b3fffff
23610,8810f6a407fffff
23611,88101b708dfffff
23612,8810f689adfffff
23613,8810f41401fffff
23614,8810f58e1dfffff
23615,88101b6493fffff
23616,8810f54627fffff
23617,8810f55157fffff
23618,8810f6821dfffff
23619,8810a96ed7fffff
23620,8810f4db53fffff
23621,8810f62d6dfffff
23622,8810f6769bfffff
23623,8810f6b88bfffff
23624,8810f42705fffff
23625,8810f660a3fffff
23626,8810f4d005fffff
23627,8810f4151dfffff
23628,8810f6b69bfffff
23629,88101b4d5dfffff
23630,88101b71e7fffff
23631,8810f010c5fffff
23632,8810f68c67fffff
23633,8810f4c02dfffff
23634,8810f6b505fffff
23635,8810a960e3fffff
23636,8810f46a1bfffff
23637,8810f612c3fffff
23638,8810f451c1fffff
23639,8810f58515fffff
23640,8810f46f3bfffff
23641,8810f41751fffff
23642,8810f4134dfffff
23643,8810f5523dfffff
23644,8810f4cd31fffff
23645,88101a6511fffff
23646,8810f5cf35fffff
23647,8810f6b55bfffff
23648,8810f0d8c7fffff
23649,8810f4a657fffff
23650,8810f40331fffff
23651,88101b68a9fffff
23652,8810f61a21fffff
23653,88101b6983fffff
23654,88101b7495fffff
23655,8810f0591bfffff
23656,8810f46303fffff
23657,8810f47153fffff
23658,8810f51911fffff
23659,8810f512e1fffff
23660,8810f4a25dfffff
23661,8810f68521fffff
23662,8810f63145fffff
23663,8810f5bb41fffff
23664,8810f6c143fffff
23665,8810a9680bfffff
23666,8810f4d18bfffff
23667,8810f416abfffff
23668,8810f28467fffff
23669,8810f59449fffff
23670,8810f6d127fffff
23671,8810f59027fffff
23672,8810f00545fffff
23673,88101b4993fffff
23674,8810f5474bfffff
23675,8810f4b71bfffff
23676,8810f5c643fffff
23677,8810f42e05fffff
23678,8810f451e3fffff
23679,8810f5504bfffff
23680,8810f615c3fffff
23681,8810f445e9fffff
23682,8810f68eb1fffff
23683,8810f4b4c3fffff
23684,8810f0c963fffff
23685,8810f465e1fffff
23686,8810f50b21fffff
23687,8810f46a4dfffff
23688,8810f4c207fffff
23689,8810f51547fffff
23690,88101b0ed5fffff
23691,8810f6a001fffff
23692,8810f6ac8bfffff
23693,8810f6a441fffff
23694,8810f09ad9fffff
23695,8810f6ac49fffff
23696,88101b5457fffff
23697,8810f471cdfffff
23698,8810f090ddfffff
23699,8810f60b3dfffff
23700,8810f6a5a7fffff
23701,8810f62ab1fffff
23702,8810f69161fffff
23703,8810f0c431fffff
23704,8810f62acdfffff
23705,8810f51465fffff
23706,8810f5882dfffff
23707,8810f0d5a5fffff
23708,8810f09145fffff
23709,88101b0c97fffff
23710,8810f61b27fffff
23711,8810f42c03fffff
23712,8810f4156bfffff
23713,8810f49b69fffff
23714,8810f48cb1fffff
23715,8810f081a3fffff
23716,8810f4ada3fffff
23717,8810f58825fffff
23718,8810f4b9e3fffff
23719,8810f4b519fffff
23720,8810f4cec7fffff
23721,8810f6a421fffff
23722,8810f6b8ddfffff
23723,8810f082abfffff
23724,8810f5c5b9fffff
23725,8810f6b161fffff
23726,8810f62e61fffff
23727,8810f04b17fffff
23728,8810f419cbfffff
23729,8810f66f5dfffff
23730,8810f68c39fffff
23731,8810a928c1fffff
23732,8810f4a553fffff
23733,8810f47007fffff
23734,8810f09b1dfffff
23735,8810f01865fffff
23736,8810a97437fffff
23737,8810f458e3fffff
23738,8810f09917fffff
23739,88101a6d87fffff
23740,8810f54495fffff
23741,8810f00541fffff
23742,8810f61093fffff
23743,8810f55261fffff
23744,8810f5c6c1fffff
23745,8810f608d3fffff
23746,8810a92091fffff
23747,8810f5c65bfffff
23748,8810f458c7fffff
23749,8810f47659fffff
23750,8810f47aedfffff
23751,8810f439d1fffff
23752,8810f544dbfffff
23753,8810f05169fffff
23754,8810f54255fffff
23755,8810a964d7fffff
23756,8810f42f27fffff
23757,8810f46a35fffff
23758,8810f4d817fffff
23759,8810f509bdfffff
23760,8810f4a1cbfffff
23761,8810f4aa99fffff
23762,8810f6a1a1fffff
23763,8810f589bbfffff
23764,8810f58e0bfffff
23765,88101b45a9fffff
23766,8810f014cdfffff
23767,8810f59025fffff
23768,8810f0122bfffff
23769,8810f4ca31fffff
23770,8810f0954dfffff
23771,8810f4d311fffff
23772,8810f50247fffff
23773,8810f0ce59fffff
23774,8810f6b42dfffff
23775,8810f58d21fffff
23776,8810f41565fffff
23777,8810f6aa37fffff
23778,8810f41b41fffff
23779,8810f290dbfffff
23780,8810f45655fffff
23781,8810f470a3fffff
23782,8810f01ae5fffff
23783,8810f5cf61fffff
23784,8810f48487fffff
23785,88101b4a8dfffff
23786,8810f60a31fffff
23787,8810f09b33fffff
23788,8810f40231fffff
23789,8810f04893fffff
23790,8810f0c4a1fffff
23791,8810a96511fffff
23792,8810f42987fffff
23793,8810f0c623fffff
23794,8810f68a21fffff
23795,8810f6aeabfffff
23796,8810f48f1bfffff
23797,8810f0b063fffff
23798,8810f62d85fffff
23799,8810f48cebfffff
23800,8810f680e7fffff
23801,8810aba731fffff
23802,88101a6cddfffff
23803,8810f516a9fffff
23804,8810f418bdfffff
23805,8810f58b31fffff
23806,8810f42e8bfffff
23807,8810a93689fffff
23808,8810f5cb13fffff
23809,8810f4755dfffff
23810,88101b6e33fffff
23811,8810f28769fffff
23812,8810f5d329fffff
23813,8810f6300bfffff
23814,8810f449d5fffff
23815,8810f601ddfffff
23816,8810f4cda1fffff
23817,8810f48c33fffff
23818,8810f0d909fffff
23819,8810f54d0bfffff
23820,8810f59317fffff
23821,8810f62f4dfffff
23822,8810a92705fffff
23823,8810f445c1fffff
23824,8810f5465bfffff
23825,8810a92315fffff
23826,8810f28081fffff
23827,8810f580e9fffff
23828,8810f47089fffff
23829,88101b70d7fffff
23830,8810aba70bfffff
23831,8810f6c225fffff
23832,8810f5c895fffff
23833,8810f5d115fffff
23834,8810f4130bfffff
23835,8810f62631fffff
23836,8810f4381dfffff
23837,8810f6032dfffff
23838,8810f0c8c3fffff
23839,8810f61081fffff
23840,8810f44189fffff
23841,8810f50143fffff
23842,88101b7115fffff
23843,8810f5d5ebfffff
23844,8810f51685fffff
23845,8810f4aa03fffff
23846,8810f451b1fffff
23847,8810f69a37fffff
23848,8810f0145bfffff
23849,88101b2dedfffff
23850,8810f280ebfffff
23851,8810f55527fffff
23852,8810f29a25fffff
23853,8810f69421fffff
23854,8810f29335fffff
23855,8810f6155dfffff
23856,8810f09593fffff
23857,8810f5c73dfffff
23858,8810f086ddfffff
23859,8810f432b5fffff
23860,88101b68b1fffff
23861,8810f4ce13fffff
23862,8810f63295fffff
23863,8810f45a2dfffff
23864,8810f0d705fffff
23865,8810aba6bbfffff
23866,8810f51b51fffff
23867,8810f09617fffff
23868,8810f4099bfffff
23869,8810f436ddfffff
23870,8810f58a47fffff
23871,8810f09533fffff
23872,8810f0c0d9fffff
23873,8810f09431fffff
23874,8810f0d981fffff
23875,8810f59365fffff
23876,8810f68eadfffff
23877,8810f4c96dfffff
23878,8810f46d45fffff
23879,8810f41b15fffff
23880,8810f62217fffff
23881,8810a92e4dfffff
23882,8810f51705fffff
23883,8810f4b4d7fffff
23884,8810f29953fffff
23885,8810f68921fffff
23886,88101b7a5bfffff
23887,88101b72d7fffff
23888,8810f4785bfffff
23889,8810f6b8bbfffff
23890,8810f0c71bfffff
23891,8810f6b915fffff
23892,8810f40f19fffff
23893,8810f438a1fffff
23894,8810f5c0edfffff
23895,8810f63001fffff
23896,8810f092a1fffff
23897,8810f29b63fffff
23898,88101b7409fffff
23899,8810f4cf59fffff
23900,8810f4c469fffff
23901,88101b0095fffff
23902,8810f40b61fffff
23903,8810f44ad3fffff
23904,8810f45127fffff
23905,8810f05831fffff
23906,8810f68703fffff
23907,88101b6231fffff
23908,8810f6cf61fffff
23909,8810f4319dfffff
23910,8810f014b9fffff
23911,8810f6d31dfffff
23912,8810f436cdfffff
23913,8810f54e1dfffff
23914,8810f5989bfffff
23915,8810f462a1fffff
23916,8810f0c739fffff
23917,8810f4c2b5fffff
23918,8810f5976dfffff
23919,8810f0161dfffff
23920,8810a92441fffff
23921,8810f5d199fffff
23922,8810f0982bfffff
23923,8810f08d47fffff
23924,8810f0aa61fffff
23925,8810f2926bfffff
23926,8810f5c4b7fffff
23927,8810f44649fffff
23928,8810f5d937fffff
23929,8810f6a2c7fffff
23930,8810f61825fffff
23931,8810a92287fffff
23932,8810f4406dfffff
23933,8810f4ae09fffff
23934,88101a6d53fffff
23935,8810f62e63fffff
23936,8810f6a833fffff
23937,8810f4a9c3fffff
23938,88101b69edfffff
23939,8810f486b5fffff
23940,8810f4034dfffff
23941,8810f68a09fffff
23942,8810f61049fffff
23943,8810f000a1fffff
23944,8810f6619bfffff
23945,88101b71e3fffff
23946,8810f6d6cbfffff
23947,8810f694a7fffff
23948,8810f0d65dfffff
23949,8810f29755fffff
23950,8810f55a11fffff
23951,8810a96ec1fffff
23952,88101b6f05fffff
23953,8810f67489fffff
23954,8810f559c3fffff
23955,8810f4d1adfffff
23956,8810f68653fffff
23957,8810f43b07fffff
23958,8810f434d3fffff
23959,8810f68817fffff
23960,8810f091a7fffff
23961,8810f44727fffff
23962,8810f6a1b9fffff
23963,88101b0087fffff
23964,8810f416e7fffff
23965,8810f6b199fffff
23966,8810f42f3bfffff
23967,8810f4a1a5fffff
23968,8810f69737fffff
23969,8810f01689fffff
23970,8810f5cb07fffff
23971,8810f41a49fffff
23972,8810f434c7fffff
23973,8810f0d30dfffff
23974,8810f0c81dfffff
23975,8810f51449fffff
23976,8810f4a2d1fffff
23977,88101b3b4dfffff
23978,8810f0c669fffff
23979,8810f01339fffff
23980,88101b628dfffff
23981,8810f47a9dfffff
23982,88101b7aedfffff
23983,8810f4cc07fffff
23984,8810f0161bfffff
23985,8810f55b63fffff
23986,8810f09869fffff
23987,8810a97551fffff
23988,8810f40701fffff
23989,88101b4c6dfffff
23990,88101b60edfffff
23991,8810f4af65fffff
23992,8810f6d041fffff
23993,8810f62667fffff
23994,88101b49a7fffff
23995,8810f424cdfffff
23996,8810f09929fffff
23997,8810f4c94bfffff
23998,8810f63919fffff
23999,8810f0cde5fffff
24000,8810f4cc25fffff
24001,8810f499ddfffff
24002,8810f54361fffff
24003,88101b4ebdfffff
24004,8810f50107fffff
24005,8810f0d11dfffff
24006,8810f4a931fffff
24007,8810f45997fffff
24008,8810f6b5d1fffff
24009,8810f41457fffff
24010,8810f5ca21fffff
24011,8810f4da83fffff
24012,8810f44637fffff
24013,8810a9619bfffff
24014,8810a92601fffff
24015,8810f43427fffff
24016,8810f4c91dfffff
24017,8810f4cad9fffff
24018,8810f00723fffff
24019,88101b659bfffff
24020,88101b74bdfffff
24021,8810f0b831fffff
24022,8810f550cbfffff
24023,8810f5852dfffff
24024,8810a92e9bfffff
24025,8810f091abfffff
24026,8810f4acc9fffff
24027,8810f4511dfffff
24028,8810f4d25dfffff
24029,8810f499ebfffff
24030,8810f51639fffff
24031,8810f09aa3fffff
24032,8810f66eb9fffff
24033,8810f6650dfffff
24034,8810f42831fffff
24035,8810f41aa9fffff
24036,8810f4daabfffff
24037,8810f6196bfffff
24038,88101b61abfffff
24039,8810f48533fffff
24040,8810f409b5fffff
24041,8810f40457fffff
24042,8810a966ddfffff
24043,8810f68d5dfffff
24044,88101b7581fffff
24045,88101b2d0dfffff
24046,8810aba713fffff
24047,8810f5546dfffff
24048,8810f4a837fffff
24049,8810f479d9fffff
24050,8810f69959fffff
24051,8810f410e5fffff
24052,8810a9660dfffff
24053,8810f4aed3fffff
24054,8810f434ebfffff
24055,8810a96db1fffff
24056,8810f0d155fffff
24057,8810f5cf6dfffff
24058,8810f08633fffff
24059,8810f682d1fffff
24060,8810f298ddfffff
24061,8810f6d515fffff
24062,8810f0828dfffff
24063,8810f6814dfffff
24064,8810f09a35fffff
24065,8810f041e5fffff
24066,8810f6964bfffff
24067,88101b6dadfffff
24068,8810f6ce29fffff
24069,8810f634c3fffff
24070,8810f6856bfffff
24071,88101a6d51fffff
24072,8810f68c23fffff
24073,8810f05a8dfffff
24074,8810f40aabfffff
24075,8810f5150bfffff
24076,8810f5d8adfffff
24077,8810f54431fffff
24078,8810f63a3bfffff
24079,88101b498bfffff
24080,8810f6898dfffff
24081,8810f42299fffff
24082,8810f6ba61fffff
24083,8810f6a125fffff
24084,8810f4bab5fffff
24085,8810f502adfffff
24086,8810f085b9fffff
24087,8810a96891fffff
24088,8810f54655fffff
24089,8810f628e9fffff
24090,8810f43055fffff
24091,8810f68869fffff
24092,8810f42ce7fffff
24093,8810f6b583fffff
24094,8810f47885fffff
24095,8810f6d431fffff
24096,8810f68361fffff
24097,8810f4ccb1fffff
24098,8810aba439fffff
24099,8810f41359fffff
24100,8810f5112dfffff
24101,8810f62257fffff
24102,8810f59701fffff
24103,8810f48c69fffff
24104,8810f4a161fffff
24105,8810f48b53fffff
24106,8810aba45bfffff
24107,8810f6a4c7fffff
24108,88101b6e11fffff
24109,8810f60107fffff
24110,8810f46201fffff
24111,8810f0173bfffff
24112,8810f69255fffff
24113,8810f0cd55fffff
24114,8810f440edfffff
24115,8810f621b7fffff
24116,8810a922a5fffff
24117,8810f2974dfffff
24118,8810f545e3fffff
24119,8810f282b1fffff
24120,8810f58c09fffff
24121,8810f44347fffff
24122,88101b05c9fffff
24123,8810f42f1bfffff
24124,8810f5198dfffff
24125,8810f5c0bdfffff
24126,8810f63065fffff
24127,8810f05847fffff
24128,88101b7983fffff
24129,8810f48a61fffff
24130,8810f698cdfffff
24131,8810f46543fffff
24132,88101a6e55fffff
24133,8810f6a4e7fffff
24134,8810f4421bfffff
24135,8810f4c4edfffff
24136,8810f0d609fffff
24137,8810f4899bfffff
24138,8810a97457fffff
24139,8810f5123bfffff
24140,8810f4a585fffff
24141,88101b6ebdfffff
24142,8810f290bdfffff
24143,8810f42c39fffff
24144,8810f291e9fffff
24145,8810f4ae4bfffff
24146,8810f2856bfffff
24147,88101a6e17fffff
24148,8810f41643fffff
24149,8810f5490dfffff
24150,8810f552e3fffff
24151,8810f44749fffff
24152,8810f6375bfffff
24153,8810f54513fffff
24154,8810f45b61fffff
24155,8810f291d1fffff
24156,8810a97599fffff
24157,88101b45d3fffff
24158,8810f69705fffff
24159,8810f4b1c3fffff
24160,8810f58e6bfffff
24161,8810f449a5fffff
24162,88101b3b01fffff
24163,8810f62109fffff
24164,8810f47009fffff
24165,8810f6aa87fffff
24166,8810f4c401fffff
24167,8810a92d45fffff
24168,8810f426adfffff
24169,8810f5928dfffff
24170,8810f552a7fffff
24171,8810f41009fffff
24172,8810f5c6d7fffff
24173,8810f5480bfffff
24174,8810f28633fffff
24175,8810f4a42bfffff
24176,8810f5806dfffff
24177,8810f618e1fffff
24178,8810f00729fffff
24179,8810f5095bfffff
24180,8810f4c4d7fffff
24181,8810f6b565fffff
24182,8810f08d39fffff
24183,8810f089b3fffff
24184,8810f6ac63fffff
24185,8810f4041bfffff
24186,8810f4c131fffff
24187,8810f4d05dfffff
24188,8810f47117fffff
24189,8810f4ab29fffff
24190,8810f6d461fffff
24191,8810f0b905fffff
24192,88101b4e25fffff
24193,8810f6b1cbfffff
24194,8810a93801fffff
24195,8810f0ca67fffff
24196,8810f6d4a5fffff
24197,8810f43535fffff
24198,8810f0b249fffff
24199,8810f4d61dfffff
24200,88101b4627fffff
24201,8810f50029fffff
24202,8810f4670bfffff
24203,8810f62dd1fffff
24204,8810f5c183fffff
24205,8810f4b5ddfffff
24206,8810f468c9fffff
24207,8810f66401fffff
24208,8810f6d71bfffff
24209,8810f295e7fffff
24210,8810f61b21fffff
24211,88101b69e1fffff
24212,8810f638c9fffff
24213,8810f4b72dfffff
24214,8810f66e17fffff
24215,8810f698c7fffff
24216,8810f45abdfffff
24217,8810f47755fffff
24218,8810f0b92dfffff
24219,8810f28457fffff
24220,8810f690b1fffff
24221,8810f4ad6bfffff
24222,8810f58dedfffff
24223,8810f29499fffff
24224,8810f61751fffff
24225,8810f41b19fffff
24226,8810f69655fffff
24227,8810a92753fffff
24228,8810f05905fffff
24229,8810f6c02bfffff
24230,8810f620b7fffff
24231,88101b46b9fffff
24232,8810f5d9ebfffff
24233,8810f290c3fffff
24234,8810f4c6b5fffff
24235,8810f41543fffff
24236,8810f6aaabfffff
24237,8810f5d847fffff
24238,88101b612dfffff
24239,8810f6854dfffff
24240,8810f68ee3fffff
24241,8810f4cdbdfffff
24242,8810a97507fffff
24243,88101b0c21fffff
24244,8810f4b66dfffff
24245,8810f425a3fffff
24246,88101b4ad5fffff
24247,8810f46901fffff
24248,8810f5c289fffff
24249,8810f442e5fffff
24250,8810f635b9fffff
24251,8810f0ceedfffff
24252,8810f04839fffff
24253,8810f0114dfffff
24254,8810f41a1dfffff
24255,8810f622b1fffff
24256,8810f08511fffff
24257,8810f58cb7fffff
24258,8810f6a923fffff
24259,8810f62e91fffff
24260,88101b6639fffff
24261,8810f4d70dfffff
24262,8810f47b35fffff
24263,8810f41695fffff
24264,8810f68c15fffff
24265,88101b7283fffff
24266,8810f550b5fffff
24267,8810f6c039fffff
24268,8810f50125fffff
24269,8810f6d69bfffff
24270,8810f41027fffff
24271,8810f5d889fffff
24272,8810f05895fffff
24273,8810f41919fffff
24274,8810f61a61fffff
24275,8810f476bdfffff
24276,8810f40b23fffff
24277,8810f400e9fffff
24278,8810f46a39fffff
24279,8810f01043fffff
24280,8810a92f23fffff
24281,8810f6a83dfffff
24282,88101b7a05fffff
24283,88101b0da5fffff
24284,8810f4a81dfffff
24285,8810f42a1bfffff
24286,8810f620e3fffff
24287,8810f44a29fffff
24288,88101b559dfffff
24289,8810f63331fffff
24290,88101b0081fffff
24291,88101b64c1fffff
24292,8810f5931dfffff
24293,8810f6d649fffff
24294,8810f612d1fffff
24295,88101b78a1fffff
24296,8810f55a2dfffff
24297,8810f6122bfffff
24298,8810a92d37fffff
24299,88101b6b6dfffff
24300,8810f6984bfffff
24301,8810f6305bfffff
24302,8810f0c305fffff
24303,8810f0155dfffff
24304,8810f6a291fffff
24305,8810f48dcbfffff
24306,8810f4173dfffff
24307,8810f59523fffff
24308,88101b69d3fffff
24309,8810f05955fffff
24310,8810f0c71dfffff
24311,8810f5c4c1fffff
24312,8810f6b6d9fffff
24313,8810f63039fffff
24314,8810f4c4c1fffff
24315,8810f61231fffff
24316,8810f42cd5fffff
24317,88101b08edfffff
24318,8810f42765fffff
24319,8810f412dbfffff
24320,8810f459cbfffff
24321,8810f438ddfffff
24322,8810f60213fffff
24323,8810f42911fffff
24324,8810f4cf55fffff
24325,8810a934d1fffff
24326,8810f680bdfffff
24327,8810f54f41fffff
24328,8810f5ba53fffff
24329,8810f41b53fffff
24330,88101b39e7fffff
24331,8810f28149fffff
24332,8810f45765fffff
24333,8810f4658dfffff
24334,88101b0f2bfffff
24335,8810f01241fffff
24336,8810f68a25fffff
24337,8810f428e3fffff
24338,88101b09ddfffff
24339,88101b0063fffff
24340,8810f42361fffff
24341,8810f4af53fffff
24342,8810f0d1e9fffff
24343,8810f4199bfffff
24344,8810f08cb7fffff
24345,8810a974e7fffff
24346,8810f546c9fffff
24347,8810f0954bfffff
24348,8810f6acc3fffff
24349,8810f4d5bbfffff
24350,88101b682dfffff
24351,8810f631abfffff
24352,8810f465d1fffff
24353,8810f5c751fffff
24354,8810f59abbfffff
24355,8810f0c42bfffff
24356,8810f55539fffff
24357,8810f635e9fffff
24358,8810f0d8a7fffff
24359,8810f4568bfffff
24360,8810f0b8a1fffff
24361,8810f012d1fffff
24362,8810f09819fffff
24363,8810f605a3fffff
24364,8810f4d9abfffff
24365,8810f4cc45fffff
24366,8810f4b733fffff
24367,88101b6821fffff
24368,8810f5035dfffff
24369,8810f6d343fffff
24370,8810f61257fffff
24371,88101b6e93fffff
24372,8810f0910bfffff
24373,8810f50b05fffff
24374,8810f59357fffff
24375,8810f4d1dbfffff
24376,8810f45405fffff
24377,88101b396dfffff
24378,8810f0bb5bfffff
24379,8810f6a413fffff
24380,8810f44a1dfffff
24381,8810f4ab3bfffff
24382,8810f69263fffff
24383,8810f4993dfffff
24384,8810f6ba21fffff
24385,8810f581b5fffff
24386,8810f4854dfffff
24387,8810f6c45bfffff
24388,8810f6888bfffff
24389,8810f44723fffff
24390,8810f6ad99fffff
24391,88101b4727fffff
24392,8810f281c7fffff
24393,8810f09089fffff
24394,88101b7987fffff
24395,8810f51183fffff
24396,8810f4bb6bfffff
24397,8810f46519fffff
24398,8810f459a5fffff
24399,8810f44a19fffff
24400,8810f46a8dfffff
24401,8810f630b1fffff
24402,8810f558ebfffff
24403,8810a961ddfffff
24404,8810f432b1fffff
24405,8810f58e4bfffff
24406,8810f05a99fffff
24407,8810f41b1dfffff
24408,88101a6f31fffff
24409,88101b0965fffff
24410,8810f6c6adfffff
24411,8810f6b469fffff
24412,8810f40b15fffff
24413,8810f54811fffff
24414,8810f542d5fffff
24415,8810f0162bfffff
24416,8810f284e3fffff
24417,8810f09705fffff
24418,8810f08ab5fffff
24419,8810f58883fffff
24420,8810f62609fffff
24421,8810f519cdfffff
24422,8810f50131fffff
24423,8810f4569dfffff
24424,88101b4693fffff
24425,8810a922ebfffff
24426,88101b75a7fffff
24427,8810f68465fffff
24428,8810f58a5bfffff
24429,8810f4d6c7fffff
24430,8810f4cb45fffff
24431,8810f096e9fffff
24432,8810a9295dfffff
24433,8810f0163dfffff
24434,8810f282e9fffff
24435,8810f4530bfffff
24436,8810f292adfffff
24437,8810f44c55fffff
24438,8810f5c243fffff
24439,8810f61b33fffff
24440,8810f09691fffff
24441,88101b0e49fffff
24442,8810aba6d7fffff
24443,8810f519edfffff
24444,8810f5872bfffff
24445,8810f0c893fffff
24446,8810f091c3fffff
24447,8810f619c3fffff
24448,8810f0d88dfffff
24449,8810f086bdfffff
24450,8810f68ae7fffff
24451,8810f69159fffff
24452,8810f09435fffff
24453,8810f4c4e5fffff
24454,8810f62053fffff
24455,8810f4a861fffff
24456,8810f46443fffff
24457,8810f4b755fffff
24458,8810f088a5fffff
24459,8810f45857fffff
24460,8810f47319fffff
24461,8810f0d255fffff
24462,8810f4b415fffff
24463,8810f4cd21fffff
24464,8810f08d9dfffff
24465,8810f2b339fffff
24466,8810f46e19fffff
24467,8810aba443fffff
24468,8810a96299fffff
24469,88101b65a3fffff
24470,8810f01a27fffff
24471,8810f4caa3fffff
24472,8810f44857fffff
24473,8810f44dc7fffff
24474,8810f692b5fffff
24475,8810f44d6bfffff
24476,8810f6a28dfffff
24477,8810f0b0abfffff
24478,8810f51983fffff
24479,8810f48831fffff
24480,8810a974abfffff
24481,8810f62333fffff
24482,8810aba4a7fffff
24483,8810f684c1fffff
24484,8810f44535fffff
24485,8810a92eb3fffff
24486,8810f488a9fffff
24487,8810f050e9fffff
24488,8810f60f19fffff
24489,88101b0e95fffff
24490,8810f50b65fffff
24491,8810f68ea7fffff
24492,8810f5b953fffff
24493,8810f406e9fffff
24494,8810f63741fffff
24495,88101b70e1fffff
24496,88101b6b6bfffff
24497,88101b7185fffff
24498,8810aba485fffff
24499,8810f40729fffff
24500,8810f40365fffff
24501,88101b0195fffff
24502,8810f55655fffff
24503,8810f4316bfffff
24504,8810f604d7fffff
24505,8810f292c9fffff
24506,88101b4d55fffff
24507,8810f4694bfffff
24508,8810f54061fffff
24509,8810f616d3fffff
24510,8810f68d93fffff
24511,8810f544d3fffff
24512,8810f54265fffff
24513,8810f48aadfffff
24514,8810f6c5a3fffff
24515,8810f0d917fffff
24516,8810f016d9fffff
24517,8810f60139fffff
24518,8810f58899fffff
24519,8810f4011dfffff
24520,8810f51953fffff
24521,8810f050bdfffff
24522,8810f42425fffff
24523,8810f5582dfffff
24524,8810f40083fffff
24525,88101b0083fffff
24526,88101b6aebfffff
24527,8810f62ac7fffff
24528,8810f51763fffff
24529,8810f43a85fffff
24530,8810f411ebfffff
24531,8810f4a8d3fffff
24532,8810f6ae4bfffff
24533,8810f49965fffff
24534,8810f59529fffff
24535,8810f0995dfffff
24536,8810f42845fffff
24537,8810f4c355fffff
24538,8810f5c52bfffff
24539,8810f47b55fffff
24540,8810a934bbfffff
24541,8810f4809bfffff
24542,8810f5d11bfffff
24543,8810f0ab63fffff
24544,8810f05123fffff
24545,8810f41703fffff
24546,8810f45463fffff
24547,88101a6c43fffff
24548,8810f6cf1dfffff
24549,88101b4f11fffff
24550,8810f67447fffff
24551,8810f5c001fffff
24552,8810f68ab1fffff
24553,8810f47833fffff
24554,8810f4ae2dfffff
24555,8810f58727fffff
24556,8810f0070bfffff
24557,8810f6c081fffff
24558,8810f66f31fffff
24559,8810a92b37fffff
24560,8810f5baebfffff
24561,8810f6ad0bfffff
24562,8810f5944dfffff
24563,88101b4e0dfffff
24564,8810f60849fffff
24565,8810f6212dfffff
24566,8810f5db6bfffff
24567,8810f6610bfffff
24568,8810f0caa9fffff
24569,8810f0c707fffff
24570,8810f46981fffff
24571,88101b7a8dfffff
24572,8810f48517fffff
24573,8810a96c0bfffff
24574,8810f0d4ddfffff
24575,8810f61729fffff
24576,8810f084edfffff
24577,8810a925e3fffff
24578,8810a9675dfffff
24579,8810f6d5adfffff
24580,8810f28469fffff
24581,8810f45323fffff
24582,8810f28613fffff
24583,88101b6ac1fffff
24584,8810f0b821fffff
24585,8810f0d883fffff
24586,8810f615ddfffff
24587,8810f588d3fffff
24588,88101b7a07fffff
24589,8810f48ee1fffff
24590,8810f59219fffff
24591,8810f4cc41fffff
24592,8810f0d63bfffff
24593,8810f61021fffff
24594,88101b65c3fffff
24595,8810f5d831fffff
24596,8810a97651fffff
24597,8810f4d237fffff
24598,8810f01813fffff
24599,8810f08a09fffff
24600,8810f0865bfffff
24601,8810f4812dfffff
24602,8810f430cdfffff
24603,8810f43a8dfffff
24604,8810f6833bfffff
24605,8810f48e67fffff
24606,8810f6d0b5fffff
24607,8810f6d323fffff
24608,8810f6c263fffff
24609,8810f08d03fffff
24610,8810a9249bfffff
24611,8810f08691fffff
24612,8810f04a9dfffff
24613,8810f62225fffff
24614,8810f09263fffff
24615,88101b7b03fffff
24616,8810f4a991fffff
24617,8810f44089fffff
24618,8810f62a0bfffff
24619,8810a966c1fffff
24620,8810f50263fffff
24621,8810f55453fffff
24622,8810f05835fffff
24623,88101b6285fffff
24624,8810f0882dfffff
24625,8810f42603fffff
24626,8810a96757fffff
24627,8810f4172dfffff
24628,88101b460dfffff
24629,8810f591a3fffff
24630,8810f55089fffff
24631,8810f69557fffff
24632,8810f6d6edfffff
24633,8810a9210bfffff
24634,8810f6ae53fffff
24635,8810a92865fffff
24636,8810f4b0b9fffff
24637,88101b096bfffff
24638,8810a968e9fffff
24639,8810f43113fffff
24640,88101a6c03fffff
24641,88101a6c23fffff
24642,8810f42889fffff
24643,8810f6d0d1fffff
24644,8810f68687fffff
24645,8810f58c97fffff
24646,8810f55221fffff
24647,8810f42cddfffff
24648,8810f5c1d5fffff
24649,88101b44e9fffff
24650,88101b6c11fffff
24651,8810f63367fffff
24652,8810f6c31dfffff
24653,8810f47b63fffff
24654,8810f40b17fffff
24655,8810f54d25fffff
24656,8810f5c29dfffff
24657,8810f46589fffff
24658,8810f6a963fffff
24659,8810f58867fffff
24660,8810f665a1fffff
24661,8810f62ce1fffff
24662,8810f6c117fffff
24663,8810f54b4bfffff
24664,8810a97757fffff
24665,8810f4a625fffff
24666,8810f6c4adfffff
24667,88101b4e61fffff
24668,8810f46a07fffff
24669,8810f40763fffff
24670,8810f41b47fffff
24671,88101b094dfffff
24672,8810f4ba69fffff
24673,8810f6a28bfffff
24674,8810f638ebfffff
24675,8810f68195fffff
24676,8810f0c083fffff
24677,8810f475c1fffff
24678,8810f48b39fffff
24679,8810f540b3fffff
24680,8810f5726bfffff
24681,8810f6ab37fffff
24682,8810f4626bfffff
24683,8810f4d9d5fffff
24684,8810f42507fffff
24685,8810a9395bfffff
24686,8810f409ebfffff
24687,8810f43639fffff
24688,8810f40a85fffff
24689,8810f50981fffff
24690,8810f098b5fffff
24691,8810f4cd11fffff
24692,8810f4d43bfffff
24693,8810f51561fffff
24694,8810f59019fffff
24695,88101b0337fffff
24696,8810f58349fffff
24697,8810f6910dfffff
24698,8810f50b29fffff
24699,8810f45a13fffff
24700,8810f5cf3bfffff
24701,8810f51429fffff
24702,8810f419abfffff
24703,8810f46c39fffff
24704,8810f4a61dfffff
24705,8810f5c811fffff
24706,8810f63a99fffff
24707,8810f42041fffff
24708,8810f4b6b5fffff
24709,8810aba687fffff
24710,88101b64e9fffff
24711,8810f67597fffff
24712,8810f4231dfffff
24713,8810a9602bfffff
24714,8810f41095fffff
24715,8810f686d1fffff
24716,88101b7a3bfffff
24717,8810f4046bfffff
24718,8810f05ab5fffff
24719,8810a96583fffff
24720,8810f428abfffff
24721,8810f484c7fffff
24722,8810f0c939fffff
24723,8810f4b5d9fffff
24724,8810f6986dfffff
24725,8810f04ac5fffff
24726,8810f0d9e3fffff
24727,8810f01091fffff
24728,8810f40945fffff
24729,8810f6c0e5fffff
24730,88101b65cdfffff
24731,8810a964a5fffff
24732,8810f6b2a3fffff
24733,8810f44629fffff
24734,8810f6a4adfffff
24735,8810f4088dfffff
24736,8810f449d1fffff
24737,8810f47293fffff
24738,8810a9a4b3fffff
24739,8810f4d709fffff
24740,8810f6c63dfffff
24741,8810f598ddfffff
24742,8810f44c67fffff
24743,8810f010a5fffff
24744,88101b0f43fffff
24745,8810f415c1fffff
24746,8810f456bdfffff
24747,8810a96527fffff
24748,8810f591b7fffff
24749,8810f5d14dfffff
24750,88101b0b49fffff
24751,88101b6c5bfffff
24752,8810f55a57fffff
24753,8810f4b2e5fffff
24754,8810f048b1fffff
24755,8810a968c7fffff
24756,88101b2d8dfffff
24757,8810f6a6b9fffff
24758,8810f5418dfffff
24759,8810f62c89fffff
24760,8810f0c207fffff
24761,8810f59899fffff
24762,8810f68f3dfffff
24763,8810f5d943fffff
24764,88101b6e03fffff
24765,8810f50901fffff
24766,8810f0b9a7fffff
24767,8810f6c515fffff
24768,8810f00725fffff
24769,8810a9248bfffff
24770,88101b6505fffff
24771,8810f6aee9fffff
24772,8810f4cd85fffff
24773,8810f62c3dfffff
24774,8810f4d8a5fffff
24775,88101b0aa7fffff
24776,8810f014e3fffff
24777,8810a9743bfffff
24778,8810f4bab9fffff
24779,8810f54f45fffff
24780,8810f54703fffff
24781,8810f01157fffff
24782,8810f05b11fffff
24783,8810f68617fffff
24784,8810f4b9adfffff
24785,8810f51743fffff
24786,8810f58d17fffff
24787,8810f29007fffff
24788,8810f00739fffff
24789,8810f4a4ddfffff
24790,88101b6209fffff
24791,8810f0174dfffff
24792,8810f546d3fffff
24793,88101b4f69fffff
24794,88101b6019fffff
24795,8810f62dddfffff
24796,8810f635c1fffff
24797,8810f4c065fffff
24798,8810f0d5bdfffff
24799,8810f5c46bfffff
24800,8810a929e3fffff
24801,8810f0c16bfffff
24802,8810f6a655fffff
24803,8810f51951fffff
24804,8810f62583fffff
24805,88101b0eedfffff
24806,8810f46c69fffff
24807,8810f5c657fffff
24808,88101b6eebfffff
24809,8810f6c26bfffff
24810,8810f4adc5fffff
24811,8810f0d89bfffff
24812,8810f695cbfffff
24813,8810f4d05bfffff
24814,8810f58235fffff
24815,8810f40f25fffff
24816,8810f458d5fffff
24817,8810f5db17fffff
24818,8810f6ba15fffff
24819,8810f6966dfffff
24820,8810f6c595fffff
24821,8810f5c595fffff
24822,8810f475b9fffff
24823,8810f5ba23fffff
24824,8810f674edfffff
24825,88101b4f67fffff
24826,8810f4659bfffff
24827,8810f48457fffff
24828,8810f46d41fffff
24829,8810f55941fffff
24830,8810a92ca3fffff
24831,8810f08ddbfffff
24832,8810f419e1fffff
24833,8810f4c5b7fffff
24834,8810f09223fffff
24835,8810f50911fffff
24836,8810f59281fffff
24837,8810f44a15fffff
24838,8810f626adfffff
24839,8810f40343fffff
24840,8810f28059fffff
24841,8810f4cc27fffff
24842,8810f08219fffff
24843,8810f0c92bfffff
24844,8810f592d7fffff
24845,8810f41901fffff
24846,8810f622c7fffff
24847,8810f6c347fffff
24848,8810f541bbfffff
24849,8810f4d4c5fffff
24850,8810f0022bfffff
24851,8810f46cd1fffff
24852,8810f4068bfffff
24853,8810f418c9fffff
24854,8810f518adfffff
24855,8810f0ba45fffff
24856,8810f08ee7fffff
24857,8810f5130bfffff
24858,8810f09835fffff
24859,8810f0805bfffff
24860,8810f4276bfffff
24861,8810f55625fffff
24862,8810a96665fffff
24863,8810f62185fffff
24864,8810f60945fffff
24865,8810f5cd1dfffff
24866,8810f08111fffff
24867,8810f466c9fffff
24868,8810f5c32dfffff
24869,8810f61b31fffff
24870,8810f4b897fffff
24871,8810f5d83bfffff
24872,8810f6b197fffff
24873,88101b46b7fffff
24874,8810f44b07fffff
24875,8810f580dbfffff
24876,88101b7225fffff
24877,8810f0c9a9fffff
24878,8810f40b2bfffff
24879,88101b40d9fffff
24880,8810f4a19dfffff
24881,8810f508a3fffff
24882,88101b3989fffff
24883,8810a9671dfffff
24884,8810f5c461fffff
24885,8810f58de5fffff
24886,8810f28093fffff
24887,8810a92f6dfffff
24888,8810f432bbfffff
24889,8810a92e89fffff
24890,8810f4c01dfffff
24891,8810f66e3dfffff
24892,8810f690c5fffff
24893,8810f68947fffff
24894,88101b6b07fffff
24895,8810f5ca3dfffff
24896,8810a92c81fffff
24897,8810f42b47fffff
24898,8810f0c0bbfffff
24899,8810f6a93dfffff
24900,8810f40c5bfffff
24901,8810f43239fffff
24902,8810f0b0edfffff
24903,8810f6c1c5fffff
24904,88101b0c15fffff
24905,8810f6c431fffff
24906,8810f62653fffff
24907,8810f42205fffff
24908,88101a6dd5fffff
24909,8810f0bae7fffff
24910,88101b4ed7fffff
24911,88101b7469fffff
24912,8810f5c4b5fffff
24913,8810f476b5fffff
24914,8810f54293fffff
24915,8810f5d285fffff
24916,8810f631e9fffff
24917,8810f518d5fffff
24918,8810f0c4c7fffff
24919,8810f6c42bfffff
24920,8810f5d20dfffff
24921,8810f404c3fffff
24922,8810f45637fffff
24923,8810a9245dfffff
24924,88101b4ca7fffff
24925,8810f55307fffff
24926,8810f5cc83fffff
24927,8810f59b11fffff
24928,8810a92497fffff
24929,88101b4eb1fffff
24930,8810f66c5dfffff
24931,8810f626a5fffff
24932,8810f618e5fffff
24933,8810f6353bfffff
24934,8810f0cf61fffff
24935,8810f08507fffff
24936,8810f5599dfffff
24937,8810f4d623fffff
24938,8810f411b1fffff
24939,8810f0ab4bfffff
24940,8810a92f65fffff
24941,8810f6a487fffff
24942,8810f59755fffff
24943,8810f5db65fffff
24944,8810f46e59fffff
24945,8810f68ce5fffff
24946,8810f68731fffff
24947,8810f40c47fffff
24948,8810f620a9fffff
24949,8810f62d9bfffff
24950,8810a96d83fffff
24951,8810f621ddfffff
24952,8810f6d1c5fffff
24953,8810f0980dfffff
24954,88101b0899fffff
24955,8810f5c281fffff
24956,8810f41337fffff
24957,8810f452d5fffff
24958,88101b6b1dfffff
24959,8810f58a21fffff
24960,8810f405c7fffff
24961,8810f58d29fffff
24962,8810f61b01fffff
24963,8810f62007fffff
24964,8810f47547fffff
24965,8810f584adfffff
24966,88101b6283fffff
24967,8810f6645bfffff
24968,8810a974b3fffff
24969,8810f450c5fffff
24970,8810f44a6bfffff
24971,88101b6d21fffff
24972,8810f54633fffff
24973,8810f47acbfffff
24974,8810f62cd9fffff
24975,8810f68081fffff
24976,8810f54911fffff
24977,8810f409adfffff
24978,8810f0c357fffff
24979,8810f4769bfffff
24980,8810f46913fffff
24981,8810f6222dfffff
24982,8810f46929fffff
24983,8810a92c37fffff
24984,8810f08e95fffff
24985,8810f4a11bfffff
24986,8810f46a61fffff
24987,8810f29abbfffff
24988,8810f5c95bfffff
24989,8810f581d9fffff
24990,8810f4cd81fffff
24991,8810f6c107fffff
24992,8810f59a13fffff
24993,8810f61333fffff
24994,8810f04b05fffff
24995,8810f476a5fffff
24996,8810f6d70bfffff
24997,8810f6a61dfffff
24998,8810f6d4bdfffff
24999,8810f42993fffff
25000,8810f43a07fffff
25001,8810f59823fffff
25002,88101b40a1fffff
25003,8810f6a217fffff
25004,8810f5d83dfffff
25005,8810f0d533fffff
25006,8810f5d8b1fffff
25007,8810f4a119fffff
25008,8810f62a03fffff
25009,8810f5c1bbfffff
25010,8810f62c1bfffff
25011,8810f406cdfffff
25012,8810f45533fffff
25013,8810f69ab1fffff
25014,8810f08a95fffff
25015,8810f4d2c7fffff
25016,8810f615c7fffff
25017,8810f55297fffff
25018,8810f40e4dfffff
25019,8810f5833dfffff
25020,88101b732bfffff
25021,88101b7635fffff
25022,8810f41735fffff
25023,8810f58d03fffff
25024,8810f5cac5fffff
25025,8810a92a89fffff
25026,8810f68ddbfffff
25027,8810f66e65fffff
25028,8810f62439fffff
25029,8810f581cdfffff
25030,8810f051c7fffff
25031,88101b4817fffff
25032,8810f48d81fffff
25033,8810f04029fffff
25034,8810f58e49fffff
25035,8810a9284dfffff
25036,8810f44ec9fffff
25037,8810f4a523fffff
25038,8810a93a27fffff
25039,8810f486c7fffff
25040,8810f5819dfffff
25041,8810f6a941fffff
25042,88101b6f21fffff
25043,8810f4c725fffff
25044,8810f4c561fffff
25045,8810f50167fffff
25046,8810f63659fffff
25047,8810f4585bfffff
25048,8810f518c3fffff
25049,8810f4353bfffff
25050,8810f4303bfffff
25051,8810f4d6e5fffff
25052,8810f0416dfffff
25053,8810f6b0ebfffff
25054,88101b600dfffff
25055,8810f434a7fffff
25056,8810f6d699fffff
25057,88101b6b4dfffff
25058,8810f622b9fffff
25059,8810f41b25fffff
25060,8810f6142bfffff
25061,8810f40a1bfffff
25062,8810f0c337fffff
25063,8810f098b9fffff
25064,8810f08993fffff
25065,8810f08325fffff
25066,8810f45087fffff
25067,88101b7617fffff
25068,8810f4b5a7fffff
25069,8810f4c1b1fffff
25070,8810f680c5fffff
25071,8810f68a3dfffff
25072,8810f29599fffff
25073,8810f40a53fffff
25074,8810f4b945fffff
25075,88101b6235fffff
25076,8810f0801dfffff
25077,8810f66441fffff
25078,8810f5cd8dfffff
25079,8810f6ce15fffff
25080,8810f59735fffff
25081,8810f5c339fffff
25082,8810f6b72bfffff
25083,8810f45949fffff
25084,8810f472dbfffff
25085,8810f2b243fffff
25086,8810f6343dfffff
25087,8810f6c511fffff
25088,8810f4a5a7fffff
25089,8810f42231fffff
25090,8810f58e37fffff
25091,8810f67421fffff
25092,8810f041adfffff
25093,88101a6d23fffff
25094,8810f0d133fffff
25095,8810f08e65fffff
25096,8810f54e4dfffff
25097,8810f0b761fffff
25098,8810f545e9fffff
25099,8810f59b57fffff
25100,8810f63885fffff
25101,8810f419b1fffff
25102,8810f2953dfffff
25103,8810f0c5a5fffff
25104,8810a9394dfffff
25105,8810f088c3fffff
25106,8810f61959fffff
25107,8810f4203bfffff
25108,8810f4c45dfffff
25109,8810f45833fffff
25110,8810f546abfffff
25111,8810f62605fffff
25112,8810f0b8edfffff
25113,8810f44733fffff
25114,8810f61a25fffff
25115,8810f68135fffff
25116,8810f2935bfffff
25117,8810f46133fffff
25118,8810f086a1fffff
25119,8810f69907fffff
25120,8810f052e3fffff
25121,8810f69745fffff
25122,8810f4d987fffff
25123,8810f4d469fffff
25124,8810f4765bfffff
25125,8810f458d3fffff
25126,8810f4b253fffff
25127,8810f4dab5fffff
25128,8810f542c9fffff
25129,8810f6d0b9fffff
25130,8810f4691dfffff
25131,8810f40b67fffff
25132,8810f6c1b1fffff
25133,8810f281d1fffff
25134,8810f09749fffff
25135,8810f4ac99fffff
25136,8810f0183dfffff
25137,8810f46921fffff
25138,8810f5d16dfffff
25139,8810f689bbfffff
25140,8810f086b5fffff
25141,8810f441e3fffff
25142,8810f626cdfffff
25143,8810f41689fffff
25144,8810f5cd17fffff
25145,8810f08e09fffff
25146,8810f5d523fffff
25147,8810f631bbfffff
25148,8810f43411fffff
25149,8810f08161fffff
25150,8810f0d0a7fffff
25151,8810f6b641fffff
25152,88101b4897fffff
25153,8810f280b3fffff
25154,8810f406bbfffff
25155,8810f6a09bfffff
25156,8810f01543fffff
25157,8810f5804bfffff
25158,8810f51917fffff
25159,8810f4ca4bfffff
25160,8810f510e7fffff
25161,8810f0c763fffff
25162,8810f5006dfffff
25163,8810f6c633fffff
25164,8810a92923fffff
25165,8810f54c51fffff
25166,8810f48ee9fffff
25167,88101b48b7fffff
25168,8810f632abfffff
25169,8810f0d437fffff
25170,8810f42431fffff
25171,8810f59b13fffff
25172,8810f5994bfffff
25173,88101b792bfffff
25174,8810f54605fffff
25175,8810f481e5fffff
25176,8810f44491fffff
25177,8810f46b21fffff
25178,8810f47065fffff
25179,8810f69697fffff
25180,8810f402e3fffff
25181,8810f6b8abfffff
25182,8810f44009fffff
25183,8810f6b1ddfffff
25184,88101b4d83fffff
25185,8810f59769fffff
25186,8810f58c19fffff
25187,88101b68c9fffff
25188,8810f6b405fffff
25189,8810f45147fffff
25190,8810f4998dfffff
25191,8810f47325fffff
25192,8810f6222bfffff
25193,8810f5c2c3fffff
25194,8810f04b11fffff
25195,8810f08757fffff
25196,8810f46d2dfffff
25197,88101b6949fffff
25198,8810f62441fffff
25199,8810f6ce4bfffff
25200,8810f0b129fffff
25201,8810f69a91fffff
25202,8810f55909fffff
25203,8810f46cc3fffff
25204,88101b6715fffff
25205,8810f0941bfffff
25206,8810f45921fffff
25207,8810f452b1fffff
25208,8810f40f5dfffff
25209,8810f45b39fffff
25210,8810f6a129fffff
25211,88101b5697fffff
25212,8810a92a9dfffff
25213,8810f0ba23fffff
25214,8810f2843bfffff
25215,8810f08195fffff
25216,8810f590ddfffff
25217,88101b49b3fffff
25218,8810f4cd5dfffff
25219,8810f0d84bfffff
25220,8810f091ddfffff
25221,8810f681d1fffff
25222,88101b69e7fffff
25223,8810f4c0adfffff
25224,8810f6d8c5fffff
25225,8810f2800bfffff
25226,8810f4b40dfffff
25227,8810f099b7fffff
25228,88101b60e9fffff
25229,8810f62d4dfffff
25230,8810f6253dfffff
25231,8810f69415fffff
25232,8810a96453fffff
25233,8810f44963fffff
25234,8810f0c4d7fffff
25235,8810f29707fffff
25236,8810f00229fffff
25237,8810a964b7fffff
25238,8810f4da0dfffff
25239,88101b68a3fffff
25240,8810f6a453fffff
25241,88101a6c31fffff
25242,8810f4d9b1fffff
25243,8810f550d7fffff
25244,8810f4cc35fffff
25245,8810f4ac15fffff
25246,8810f43321fffff
25247,8810f5c9d3fffff
25248,8810f6af5bfffff
25249,8810f690e9fffff
25250,88101b4de1fffff
25251,8810f420abfffff
25252,8810f0c9e1fffff
25253,8810aba6cbfffff
25254,8810f48d0dfffff
25255,8810f096e3fffff
25256,88101a6f13fffff
25257,88101b4283fffff
25258,88101b014bfffff
25259,8810f54993fffff
25260,8810f2b32dfffff
25261,8810f4c885fffff
25262,8810f40e81fffff
25263,8810f68655fffff
25264,8810f48ec5fffff
25265,8810f42627fffff
25266,8810f48c07fffff
25267,8810f09453fffff
25268,8810f4aa31fffff
25269,8810f47339fffff
25270,8810f40c9dfffff
25271,8810f29123fffff
25272,8810f6a147fffff
25273,8810f048dbfffff
25274,8810f60869fffff
25275,8810f43a43fffff
25276,8810f08663fffff
25277,8810f04a1dfffff
25278,8810f62887fffff
25279,8810f624c3fffff
25280,8810a96055fffff
25281,8810f58905fffff
25282,8810f41287fffff
25283,8810a9680dfffff
25284,8810a9654dfffff
25285,8810f5c15dfffff
25286,8810f281c9fffff
25287,8810f40abbfffff
25288,8810f68d8dfffff
25289,8810f5c265fffff
25290,8810f580a9fffff
25291,8810f45287fffff
25292,8810f40295fffff
25293,8810f54333fffff
25294,8810f58e11fffff
25295,8810f68e9bfffff
25296,8810f66e39fffff
25297,8810f44d97fffff
25298,8810f69103fffff
25299,8810f4604dfffff
25300,8810a96e99fffff
25301,8810f58b6bfffff
25302,8810a96cd9fffff
25303,88101b4297fffff
25304,8810f4c295fffff
25305,8810f62d63fffff
25306,8810f55207fffff
25307,8810f0caa3fffff
25308,8810f55423fffff
25309,88101b7867fffff
25310,8810f4132dfffff
25311,8810f4ac83fffff
25312,8810f51121fffff
25313,8810f580edfffff
25314,8810f5082bfffff
25315,8810f0b105fffff
25316,8810f4661dfffff
25317,8810f5d6d3fffff
25318,8810f42d0bfffff
25319,8810f08e1bfffff
25320,8810f41437fffff
25321,8810f0d8cdfffff
25322,8810f6a009fffff
25323,8810f0818dfffff
25324,8810f5c90dfffff
25325,8810f436b5fffff
25326,8810f6d555fffff
25327,8810f512e9fffff
25328,8810f09421fffff
25329,8810f6148bfffff
25330,8810f6b981fffff
25331,88101b4761fffff
25332,8810a92e4bfffff
25333,8810a93817fffff
25334,8810f0d635fffff
25335,8810a93853fffff
25336,8810a9625bfffff
25337,8810f4a955fffff
25338,88101b7a03fffff
25339,8810f4b129fffff
25340,8810f44569fffff
25341,8810f60ab5fffff
25342,8810f5d32dfffff
25343,8810f61725fffff
25344,8810f4a169fffff
25345,8810f545ddfffff
25346,8810f0ca1bfffff
25347,8810f2b16dfffff
25348,88101b45a7fffff
25349,8810f4cedbfffff
25350,8810f44f01fffff
25351,8810f68ad7fffff
25352,8810f5c067fffff
25353,8810f68481fffff
25354,8810f42eabfffff
25355,8810f54607fffff
25356,88101b4da5fffff
25357,8810f40657fffff
25358,8810f46ebdfffff
25359,8810f28201fffff
25360,88101b299bfffff
25361,88101b46cbfffff
25362,8810f622c1fffff
25363,8810f47b3dfffff
25364,8810f4b313fffff
25365,88101b655bfffff
25366,8810f04b53fffff
25367,8810f48e25fffff
25368,88101a6ccbfffff
25369,8810f43269fffff
25370,8810f62991fffff
25371,8810f5cda3fffff
25372,8810f0d195fffff
25373,8810f558abfffff
25374,8810f0ca9dfffff
25375,8810f05305fffff
25376,8810f42319fffff
25377,88101b6695fffff
25378,8810f610b9fffff
25379,8810f4040bfffff
25380,8810a93917fffff
25381,8810a938d7fffff
25382,8810f589b7fffff
25383,8810f626e5fffff
25384,8810f66eb1fffff
25385,8810f5cc01fffff
25386,88101b0e9dfffff
25387,8810f08047fffff
25388,8810f0c66bfffff
25389,8810f28027fffff
25390,8810f0b085fffff
25391,8810f40d91fffff
25392,8810f46883fffff
25393,8810f44a53fffff
25394,88101b6745fffff
25395,8810a935bdfffff
25396,88101b0b39fffff
25397,8810f6c41bfffff
25398,8810f28ad7fffff
25399,8810f68151fffff
25400,8810f0da49fffff
25401,8810f01189fffff
25402,8810f47625fffff
25403,8810f29837fffff
25404,8810f430a9fffff
25405,8810f68d1bfffff
25406,8810f628b1fffff
25407,8810f68319fffff
25408,8810f55729fffff
25409,8810f501e9fffff
25410,8810f66e13fffff
25411,8810f44135fffff
25412,8810f44589fffff
25413,8810f40143fffff
25414,8810f0d481fffff
25415,8810f4a6ebfffff
25416,8810f4a443fffff
25417,8810f62735fffff
25418,8810f50209fffff
25419,88101b4709fffff
25420,88101b4addfffff
25421,8810f421b5fffff
25422,88101b08e7fffff
25423,8810f45b2bfffff
25424,8810f44c27fffff
25425,8810f59337fffff
25426,8810f2961dfffff
25427,8810f558bbfffff
25428,88101b0cb1fffff
25429,8810f4d213fffff
25430,8810f6c319fffff
25431,8810f430b3fffff
25432,8810f5154bfffff
25433,8810f631d5fffff
25434,8810f45887fffff
25435,8810f58ed5fffff
25436,8810f58369fffff
25437,8810f4ab61fffff
25438,8810f6d1cdfffff
25439,8810f694ebfffff
25440,8810f508edfffff
25441,8810f50853fffff
25442,88101b4ce9fffff
25443,8810f29091fffff
25444,8810f44595fffff
25445,8810f6a323fffff
25446,8810f4ab17fffff
25447,8810f5d447fffff
25448,8810f0ba53fffff
25449,88101b5459fffff
25450,8810f626c9fffff
25451,8810f63685fffff
25452,8810f44323fffff
25453,8810f04163fffff
25454,8810f43ad1fffff
25455,8810f292a1fffff
25456,8810f0b855fffff
25457,8810f61561fffff
25458,8810f08661fffff
25459,8810f6313bfffff
25460,8810f625adfffff
25461,8810f4b1ddfffff
25462,8810f61a53fffff
25463,88101b4633fffff
25464,8810f29a2bfffff
25465,8810f00299fffff
25466,8810f45101fffff
25467,8810f4a4c7fffff
25468,88101b6f61fffff
25469,8810f55349fffff
25470,8810f69309fffff
25471,8810f69999fffff
25472,8810f4c6d5fffff
25473,8810f40b2dfffff
25474,8810f6dae7fffff
25475,8810f6aa2dfffff
25476,8810f580c5fffff
25477,8810f48497fffff
25478,8810f43957fffff
25479,88101b4513fffff
25480,8810f51a15fffff
25481,8810f6c615fffff
25482,8810f0c105fffff
25483,8810f43407fffff
25484,8810f29155fffff
25485,8810f6c48bfffff
25486,8810f68491fffff
25487,8810f46aebfffff
25488,8810f4acd7fffff
25489,8810f6ac95fffff
25490,8810f6d887fffff
25491,8810f605b3fffff
25492,8810f45227fffff
25493,8810f48405fffff
25494,8810f0c04dfffff
25495,8810f094a3fffff
25496,8810f51ae5fffff
25497,8810f4a9ddfffff
25498,8810f4a759fffff
25499,8810f63585fffff
25500,8810f6a465fffff
25501,88101b4e13fffff
25502,8810f4098bfffff
25503,8810a92ee5fffff
25504,88101b29e9fffff
25505,8810f0d731fffff
25506,8810f0d20dfffff
25507,8810f4c449fffff
25508,8810f4b427fffff
25509,8810f47a43fffff
25510,8810f0cac1fffff
25511,8810f68aa5fffff
25512,8810f40eb7fffff
25513,8810f42681fffff
25514,8810a96c33fffff
25515,8810f4a229fffff
25516,8810f0d597fffff
25517,8810f405cdfffff
25518,8810f6a263fffff
25519,8810f55863fffff
25520,8810f0cac7fffff
25521,8810f55565fffff
25522,8810a90d95fffff
25523,8810f49929fffff
25524,8810f5c743fffff
25525,88101b62e5fffff
25526,8810f5b959fffff
25527,8810f0d491fffff
25528,8810f46647fffff
25529,8810f43463fffff
25530,8810f5002bfffff
25531,8810f60039fffff
25532,8810f4c56dfffff
25533,8810f48ed3fffff
25534,8810f63ad1fffff
25535,8810f01169fffff
25536,8810f4749dfffff
25537,8810f410a7fffff
25538,8810a96c03fffff
25539,8810f4d087fffff
25540,8810f4d98dfffff
25541,88101b7105fffff
25542,8810f095e7fffff
25543,8810a93931fffff
25544,8810f4c48bfffff
25545,8810f691bbfffff
25546,8810f468a9fffff
25547,8810f620c5fffff
25548,8810f69951fffff
25549,8810a92255fffff
25550,8810f01695fffff
25551,8810f0b2c7fffff
25552,8810f48eb7fffff
25553,8810f50a21fffff
25554,88101b634bfffff
25555,88101b0145fffff
25556,8810f0cd3bfffff
25557,8810f4b729fffff
25558,8810f4c48dfffff
25559,8810f54f33fffff
25560,88101b2c33fffff
25561,8810f51961fffff
25562,8810f0c5bdfffff
25563,8810f6d159fffff
25564,8810f4cf4dfffff
25565,8810f429cdfffff
25566,88101b6997fffff
25567,8810f6112dfffff
25568,88101b0ae5fffff
25569,8810f6236dfffff
25570,8810f08c0bfffff
25571,8810f6d32dfffff
25572,8810f5544dfffff
25573,8810f54907fffff
25574,8810f092b1fffff
25575,8810f0b219fffff
25576,8810a924bdfffff
25577,8810f61157fffff
25578,8810f50f49fffff
25579,8810f4122bfffff
25580,8810f6c6d9fffff
25581,8810f01ac9fffff
25582,8810f28445fffff
25583,8810f01701fffff
25584,8810a9743dfffff
25585,8810f6c521fffff
25586,8810f688c5fffff
25587,8810f6dac7fffff
25588,88101b00a5fffff
25589,8810f46a0bfffff
25590,8810f0c2bdfffff
25591,8810f68ad5fffff
25592,8810f6821bfffff
25593,8810f42969fffff
25594,8810f599c3fffff
25595,8810f42f67fffff
25596,8810f518b7fffff
25597,88101b474dfffff
25598,8810f475d7fffff
25599,8810f4b183fffff
25600,8810f5cca3fffff
25601,8810f47085fffff
25602,8810f46a33fffff
25603,8810f08035fffff
25604,8810f4b693fffff
25605,8810f54d05fffff
25606,88101b0015fffff
25607,8810f48853fffff
25608,8810f455d7fffff
25609,8810f0991bfffff
25610,8810f58a43fffff
25611,88101a6c2dfffff
25612,8810f5c121fffff
25613,8810f014bdfffff
25614,8810f49b5dfffff
25615,8810f40d8bfffff
25616,8810f46b69fffff
25617,8810f610d7fffff
25618,8810f498b1fffff
25619,8810f5430dfffff
25620,88101b6637fffff
25621,8810f625b9fffff
25622,88101b093dfffff
25623,8810f0d863fffff
25624,8810a96429fffff
25625,8810f6265dfffff
25626,88101b75d7fffff
25627,8810f62c51fffff
25628,8810a92e2bfffff
25629,8810f09105fffff
25630,8810f41085fffff
25631,8810f0b2cbfffff
25632,8810f40565fffff
25633,8810f550b3fffff
25634,8810f5c36bfffff
25635,8810f69969fffff
25636,8810f51623fffff
25637,8810f461d5fffff
25638,8810a928ebfffff
25639,8810f429a1fffff
25640,8810f6b851fffff
25641,8810f4ca37fffff
25642,8810f0b265fffff
25643,8810f6d021fffff
25644,8810f422a1fffff
25645,8810f4d75bfffff
25646,8810f409c3fffff
25647,8810f508b3fffff
25648,8810f47423fffff
25649,8810f62d07fffff
25650,8810f44945fffff
25651,8810f4c1cdfffff
25652,8810f43669fffff
25653,8810f5c103fffff
25654,8810f4b481fffff
25655,8810f4c26dfffff
25656,8810f4131bfffff
25657,8810f09a67fffff
25658,8810f598a7fffff
25659,8810f50a83fffff
25660,8810f47a1bfffff
25661,8810f29a19fffff
25662,8810f4ac0dfffff
25663,8810f58d4bfffff
25664,8810f0412bfffff
25665,8810f68027fffff
25666,8810f43465fffff
25667,8810f558b3fffff
25668,8810f47a3bfffff
25669,8810f40c9bfffff
25670,8810f58cedfffff
25671,8810f46031fffff
25672,8810a92ca7fffff
25673,8810f6d769fffff
25674,8810f6948dfffff
25675,8810f4b303fffff
25676,8810f4a2dbfffff
25677,8810f5bb29fffff
25678,8810f675ddfffff
25679,8810f016b3fffff
25680,8810a928a3fffff
25681,8810f6d607fffff
25682,8810f424c9fffff
25683,8810a96001fffff
25684,8810f616ebfffff
25685,8810f63a3dfffff
25686,8810f6119bfffff
25687,8810f50d45fffff
25688,8810f6b06bfffff
25689,8810f4ada7fffff
25690,8810f05523fffff
25691,88101b7849fffff
25692,8810f28723fffff
25693,8810f544e9fffff
25694,88101b64abfffff
25695,8810f01539fffff
25696,8810a96c1dfffff
25697,8810f01019fffff
25698,8810f05b69fffff
25699,8810f00369fffff
25700,8810f51a27fffff
25701,88101b7b13fffff
25702,8810f46893fffff
25703,8810f632adfffff
25704,8810f58c87fffff
25705,8810f4da5bfffff
25706,8810f46097fffff
25707,8810f4183bfffff
25708,8810f01419fffff
25709,8810f6ad8dfffff
25710,8810f5d6cdfffff
25711,8810f541bdfffff
25712,8810f62213fffff
25713,8810f6d823fffff
25714,8810f4a313fffff
25715,8810f0cc1dfffff
25716,8810f682d9fffff
25717,8810f4a429fffff
25718,8810a93855fffff
25719,88101b71d5fffff
25720,8810f692adfffff
25721,8810f41045fffff
25722,8810a92453fffff
25723,8810f552edfffff
25724,8810f430b7fffff
25725,8810f6d339fffff
25726,88101b0f63fffff
25727,8810f69ac9fffff
25728,8810f4a6a9fffff
25729,8810f44115fffff
25730,8810f456b9fffff
25731,8810f4aad3fffff
25732,8810f60309fffff
25733,8810f6d4c1fffff
25734,8810f6c695fffff
25735,8810f4a5c1fffff
25736,88101b6985fffff
25737,8810f489a7fffff
25738,8810f6b34dfffff
25739,8810f4a82bfffff
25740,88101b7a99fffff
25741,8810f59627fffff
25742,8810a92f21fffff
25743,8810f00293fffff
25744,8810f0cabbfffff
25745,8810f092adfffff
25746,8810f5c129fffff
25747,8810f01193fffff
25748,8810f4ac97fffff
25749,8810f09565fffff
25750,8810f0cb43fffff
25751,8810f55911fffff
25752,88101b0a1dfffff
25753,8810f4aa81fffff
25754,8810f09215fffff
25755,8810f40707fffff
25756,8810f6ce6dfffff
25757,8810f54309fffff
25758,8810f6310dfffff
25759,88101b624dfffff
25760,88101b4c61fffff
25761,8810f5996dfffff
25762,8810f6119dfffff
25763,8810f099c1fffff
25764,8810f28453fffff
25765,8810f08e35fffff
25766,8810f5974bfffff
25767,8810f4603dfffff
25768,8810f46e17fffff
25769,8810f4b045fffff
25770,88101b4707fffff
25771,8810f431cbfffff
25772,8810f445d1fffff
25773,8810f60c81fffff
25774,8810f5c8e9fffff
25775,8810f681cbfffff
25776,8810f42c17fffff
25777,8810f5582bfffff
25778,8810f4c5a9fffff
25779,8810f5d593fffff
25780,8810f4d69bfffff
25781,8810f29005fffff
25782,8810f4daa1fffff
25783,8810f628edfffff
25784,8810f0ce33fffff
25785,8810f402e7fffff
25786,8810f4a58dfffff
25787,8810f6d285fffff
25788,8810f60323fffff
25789,8810f66501fffff
25790,8810f436d3fffff
25791,8810f6a961fffff
25792,88101b6163fffff
25793,8810f40d41fffff
25794,8810f6d663fffff
25795,8810f4b6e9fffff
25796,8810f464a3fffff
25797,8810f5cce5fffff
25798,8810f51215fffff
25799,8810f0c1d3fffff
25800,88101b4c21fffff
25801,8810f5cdb9fffff
25802,88101b611dfffff
25803,88101b6b31fffff
25804,8810f614cdfffff
25805,8810a96895fffff
25806,8810f6bb0bfffff
25807,8810f4234dfffff
25808,8810f4400dfffff
25809,8810f29631fffff
25810,8810f434adfffff
25811,8810f509c9fffff
25812,8810f45351fffff
25813,8810f6ae65fffff
25814,8810f4b445fffff
25815,8810f5b807fffff
25816,8810f08617fffff
25817,8810f41267fffff
25818,8810f4cea3fffff
25819,8810f0c62dfffff
25820,8810f448dbfffff
25821,8810f29a11fffff
25822,8810f5d295fffff
25823,8810f059c1fffff
25824,8810a92c23fffff
25825,8810f508e1fffff
25826,8810f6c223fffff
25827,8810f6c4dbfffff
25828,8810a9205bfffff
25829,8810f4aa0dfffff
25830,8810f469b7fffff
25831,8810f6010dfffff
25832,8810f510d5fffff
25833,8810f58823fffff
25834,8810f4c24bfffff
25835,8810f5504dfffff
25836,8810f6aa6bfffff
25837,8810f4d6b9fffff
25838,8810f69811fffff
25839,8810f0d6a5fffff
25840,8810f4c901fffff
25841,8810f6ac55fffff
25842,8810f2860dfffff
25843,8810f0c4e7fffff
25844,8810f296e1fffff
25845,8810f48eb9fffff
25846,8810f48145fffff
25847,8810f0020dfffff
25848,8810a97469fffff
25849,8810f51b01fffff
25850,88101b7029fffff
25851,8810f43429fffff
25852,8810f66f07fffff
25853,8810f4d047fffff
25854,8810f4524bfffff
25855,8810f6d1dbfffff
25856,8810f6d4b3fffff
25857,8810f0860dfffff
25858,8810f45449fffff
25859,88101b4d87fffff
25860,8810f40e95fffff
25861,8810f6019dfffff
25862,88101b6c2bfffff
25863,8810f44d35fffff
25864,8810f000b3fffff
25865,8810f44991fffff
25866,88101b6abdfffff
25867,8810f431ebfffff
25868,8810f050ddfffff
25869,8810f460adfffff
25870,8810f55621fffff
25871,8810f41ac3fffff
25872,8810f6d73dfffff
25873,8810f61b6bfffff
25874,8810f460d7fffff
25875,8810f00701fffff
25876,8810f0b949fffff
25877,8810f6945bfffff
25878,88101a6c37fffff
25879,88101b7801fffff
25880,8810f51123fffff
25881,8810f298d7fffff
25882,8810f6aa3bfffff
25883,8810f41663fffff
25884,8810f000a3fffff
25885,8810f6a825fffff
25886,8810f68da9fffff
25887,8810f6b0c9fffff
25888,8810f44ce5fffff
25889,8810f58d97fffff
25890,8810f4ca29fffff
25891,88101b66ddfffff
25892,8810f5732bfffff
25893,88101b7b35fffff
25894,88101b7453fffff
25895,8810f04a81fffff
25896,8810f084d9fffff
25897,88101b7355fffff
25898,8810f51959fffff
25899,8810f0d827fffff
25900,8810f47811fffff
25901,8810f0d265fffff
25902,8810f0b853fffff
25903,8810f59803fffff
25904,8810f28333fffff
25905,8810f5d287fffff
25906,8810f58a83fffff
25907,8810f29a65fffff
25908,8810f0956bfffff
25909,8810f592d9fffff
25910,8810f59063fffff
25911,8810f46849fffff
25912,8810f6ba63fffff
25913,8810f59061fffff
25914,88101b46edfffff
25915,88101b4663fffff
25916,8810f5d245fffff
25917,8810f4bb65fffff
25918,8810f620d3fffff
25919,8810f55135fffff
25920,8810f515ebfffff
25921,8810f41629fffff
25922,8810f5c86bfffff
25923,8810f62d69fffff
25924,8810f59ac1fffff
25925,8810f4295bfffff
25926,8810f63301fffff
25927,8810f42d51fffff
25928,8810f58501fffff
25929,8810f48cabfffff
25930,8810f50329fffff
25931,8810f0b229fffff
25932,8810f01969fffff
25933,88101b6425fffff
25934,8810f69ae3fffff
25935,8810f4b815fffff
25936,8810f4a023fffff
25937,8810f4600dfffff
25938,8810f45b6bfffff
25939,8810f4a5d3fffff
25940,8810f499b5fffff
25941,8810f69553fffff
25942,8810f69449fffff
25943,8810f68e03fffff
25944,8810f4006dfffff
25945,8810f5d1a5fffff
25946,8810f40717fffff
25947,88101b6627fffff
25948,88101b70d5fffff
25949,8810f08c59fffff
25950,8810f48c55fffff
25951,8810f0ba5dfffff
25952,88101b7059fffff
25953,8810f48d2bfffff
25954,8810f54131fffff
25955,8810f4cd03fffff
25956,8810f4c445fffff
25957,88101b4aa9fffff
25958,8810f4a581fffff
25959,8810f4a327fffff
25960,88101b6dbbfffff
25961,8810f6a223fffff
25962,8810f5d8c7fffff
25963,8810f5c84bfffff
25964,8810a975c9fffff
25965,8810f6c227fffff
25966,8810f01153fffff
25967,8810f5451dfffff
25968,8810f66e25fffff
25969,8810a92899fffff
25970,8810a961c5fffff
25971,8810f4ca85fffff
25972,8810f6b453fffff
25973,8810f68411fffff
25974,8810f610c7fffff
25975,8810f0c149fffff
25976,88101b4cb3fffff
25977,8810f6c4b9fffff
25978,8810f42a8bfffff
25979,8810f6d2b1fffff
25980,8810a93491fffff
25981,8810f6244bfffff
25982,8810f0db51fffff
25983,8810f6d0a1fffff
25984,8810a92a81fffff
25985,8810a96cd7fffff
25986,88101b780dfffff
25987,8810a92725fffff
25988,8810f63137fffff
25989,8810a92a8dfffff
25990,8810f4a98bfffff
25991,8810f6b035fffff
25992,8810a97583fffff
25993,8810f47767fffff
25994,8810f0c469fffff
25995,8810f0c75dfffff
25996,8810f66331fffff
25997,88101b4f65fffff
25998,8810f0b9a3fffff
25999,88101b39a7fffff
26000,8810f61a59fffff
26001,8810f6af43fffff
26002,8810f5ba03fffff
26003,8810f404ebfffff
26004,8810f44b37fffff
26005,88101b0eb5fffff
26006,8810a93683fffff
26007,8810f51031fffff
26008,8810f052cdfffff
26009,8810f612d5fffff
26010,8810f62a09fffff
26011,8810f622b5fffff
26012,8810f4b689fffff
26013,8810f636cbfffff
26014,8810f66e9bfffff
26015,8810f43ad5fffff
26016,8810f6249bfffff
26017,8810f4d46dfffff
26018,8810f6882dfffff
26019,8810f5d239fffff
26020,8810a92cc3fffff
26021,8810f6b1b7fffff
26022,8810f59069fffff
26023,8810f66c85fffff
26024,8810f58563fffff
26025,88101b4415fffff
26026,8810f60845fffff
26027,8810f4cb25fffff
26028,8810f01731fffff
26029,8810f48f37fffff
26030,8810f44d63fffff
26031,8810f66115fffff
26032,8810f09303fffff
26033,8810f04245fffff
26034,8810f48b3dfffff
26035,8810a92a67fffff
26036,8810f481e7fffff
26037,8810f0d2a5fffff
26038,8810f5526bfffff
26039,88101b053bfffff
26040,8810a926c1fffff
26041,88101a6d15fffff
26042,8810f296c1fffff
26043,8810f4d9a7fffff
26044,8810f55b6bfffff
26045,8810f63853fffff
26046,8810f4b115fffff
26047,8810f2924dfffff
26048,8810a92f63fffff
26049,88101b39e5fffff
26050,8810f438c1fffff
26051,8810f0d12dfffff
26052,8810f4533bfffff
26053,8810f4a1c9fffff
26054,8810a92f1dfffff
26055,8810f66eabfffff
26056,8810f4a449fffff
26057,8810f45957fffff
26058,8810f0c9b3fffff
26059,8810f54e57fffff
26060,8810f0834bfffff
26061,8810f45649fffff
26062,8810f081a1fffff
26063,8810f42827fffff
26064,8810f4ccc7fffff
26065,8810f4c005fffff
26066,8810f0db01fffff
26067,88101b0ae3fffff
26068,8810a96d8bfffff
26069,8810f47565fffff
26070,8810f401c3fffff
26071,8810f0008bfffff
26072,88101b7b1bfffff
26073,8810f5ca85fffff
26074,8810f059e3fffff
26075,88101b2b09fffff
26076,8810a9263bfffff
26077,8810f6c151fffff
26078,8810f6d115fffff
26079,8810f4a153fffff
26080,8810f40a5dfffff
26081,88101b736dfffff
26082,88101b18b7fffff
26083,8810f40cb9fffff
26084,8810f44855fffff
26085,88101a6d67fffff
26086,8810f4b325fffff
26087,8810f6b6c5fffff
26088,8810f50319fffff
26089,8810f6c0a9fffff
26090,8810f40649fffff
26091,8810f6089dfffff
26092,8810f61553fffff
26093,8810a9672bfffff
26094,8810f4ae1dfffff
26095,8810f61005fffff
26096,8810f68d05fffff
26097,8810f4236bfffff
26098,8810f4389dfffff
26099,8810f542b5fffff
26100,8810f68e25fffff
26101,8810f5bb63fffff
26102,8810f09611fffff
26103,8810f4ba65fffff
26104,8810f42421fffff
26105,8810f63049fffff
26106,8810f40055fffff
26107,8810a92813fffff
26108,8810f46dcdfffff
26109,8810f0caebfffff
26110,8810f014d1fffff
26111,8810f4056bfffff
26112,8810f40e29fffff
26113,8810f4cc9bfffff
26114,8810f4646bfffff
26115,8810f292b9fffff
26116,8810a924dbfffff
26117,8810f470e5fffff
26118,8810f6aa27fffff
26119,8810f6d619fffff
26120,8810f4300bfffff
26121,8810f48e33fffff
26122,8810f66abbfffff
26123,8810f4cec9fffff
26124,8810f420d7fffff
26125,8810f4a211fffff
26126,8810a96ebbfffff
26127,88101b0d95fffff
26128,8810f44dc1fffff
26129,8810f09ad7fffff
26130,8810f09a01fffff
26131,8810f55417fffff
26132,8810f5d98dfffff
26133,8810a9766dfffff
26134,8810f05263fffff
26135,8810f048cbfffff
26136,8810f58255fffff
26137,8810f46f11fffff
26138,8810f2952bfffff
26139,8810f63a15fffff
26140,8810f61401fffff
26141,88101b7249fffff
26142,8810f48ae5fffff
26143,8810f4a0c3fffff
26144,8810f4a8cdfffff
26145,8810f48857fffff
26146,8810f29139fffff
26147,88101a6e23fffff
26148,8810f68813fffff
26149,8810f42853fffff
26150,8810f4c705fffff
26151,8810a92a03fffff
26152,8810f51715fffff
26153,8810f599c9fffff
26154,8810f425d1fffff
26155,8810f6b581fffff
26156,88101b7aa1fffff
26157,8810f5da53fffff
26158,8810f46e23fffff
26159,8810f0490bfffff
26160,8810f40e17fffff
26161,8810f4416dfffff
26162,8810f59a39fffff
26163,8810f6a683fffff
26164,88101a6ed3fffff
26165,8810f59367fffff
26166,8810f5d95dfffff
26167,8810f5c213fffff
26168,8810f51955fffff
26169,8810f09293fffff
26170,8810f40a57fffff
26171,88101b4cbdfffff
26172,8810f5c2a7fffff
26173,8810f08057fffff
26174,8810f54cc9fffff
26175,8810f5c6a5fffff
26176,8810f69339fffff
26177,8810f04a8dfffff
26178,8810f46e2dfffff
26179,8810f62097fffff
26180,8810f51a11fffff
26181,8810f58c43fffff
26182,8810a96199fffff
26183,8810f6da4bfffff
26184,8810f5858dfffff
26185,8810f4502bfffff
26186,8810f4723bfffff
26187,8810f456d9fffff
26188,8810f4a0ddfffff
26189,8810f47203fffff
26190,8810f01b5bfffff
26191,8810f421e7fffff
26192,8810f4a8b1fffff
26193,8810aba4abfffff
26194,8810f59991fffff
26195,8810a975ebfffff
26196,8810f63041fffff
26197,8810f47a33fffff
26198,8810f55611fffff
26199,8810f6c541fffff
26200,8810f0c83dfffff
26201,8810f6b203fffff
26202,8810a92445fffff
26203,8810f4c1a9fffff
26204,8810f512a1fffff
26205,8810f4008bfffff
26206,8810f63181fffff
26207,88101a6dc9fffff
26208,8810f6c535fffff
26209,88101b6711fffff
26210,8810f440b9fffff
26211,8810f45501fffff
26212,88101b4525fffff
26213,8810f58547fffff
26214,8810f43183fffff
26215,8810f4513bfffff
26216,8810f44dd5fffff
26217,8810f4ced1fffff
26218,8810f5d8cdfffff
26219,8810f551e7fffff
26220,8810f43027fffff
26221,8810f01857fffff
26222,8810f54535fffff
26223,8810f4b583fffff
26224,8810f5128dfffff
26225,8810f01891fffff
26226,8810f28185fffff
26227,8810f636c3fffff
26228,8810f40d9bfffff
26229,88101b0ec9fffff
26230,8810f4a01dfffff
26231,8810f6a94bfffff
26232,8810f461d3fffff
26233,8810f6ac23fffff
26234,8810a96561fffff
26235,8810a92933fffff
26236,8810f4794bfffff
26237,88101b40d3fffff
26238,8810f4d835fffff
26239,8810f6c1dbfffff
26240,8810f0a247fffff
26241,8810f43b4dfffff
26242,8810f44e9dfffff
26243,8810f0c32bfffff
26244,8810f47097fffff
26245,8810f0ce8dfffff
26246,8810f01211fffff
26247,8810f55887fffff
26248,8810f61123fffff
26249,8810f0b14bfffff
26250,8810f459d7fffff
26251,8810f555c7fffff
26252,88101b0029fffff
26253,8810f6a759fffff
26254,88101b7499fffff
26255,8810f459c9fffff
26256,8810f45569fffff
26257,88101b7525fffff
26258,8810f4204dfffff
26259,8810f47517fffff
26260,8810f6a243fffff
26261,8810f280d5fffff
26262,8810f404e5fffff
26263,88101b72abfffff
26264,8810f43637fffff
26265,8810f08db1fffff
26266,8810f4889dfffff
26267,88101b00c1fffff
26268,8810f4d759fffff
26269,8810f0d935fffff
26270,88101b7243fffff
26271,8810f66561fffff
26272,8810f634abfffff
26273,8810f0d5d3fffff
26274,88101b6735fffff
26275,8810f6d487fffff
26276,8810f40499fffff
26277,8810f62891fffff
26278,8810f4b32dfffff
26279,8810f6891bfffff
26280,8810f4262bfffff
26281,8810f58289fffff
26282,8810f46b09fffff
26283,88101b6183fffff
26284,8810f43667fffff
26285,8810f0d117fffff
26286,8810f4b59bfffff
26287,8810f4b83dfffff
26288,8810f5c761fffff
26289,8810f5c22bfffff
26290,8810f4d723fffff
26291,8810a964cbfffff
26292,8810f51a3dfffff
26293,8810f47a35fffff
26294,8810f295edfffff
26295,8810f51751fffff
26296,8810f46501fffff
26297,8810f0875bfffff
26298,8810f4369bfffff
26299,8810f691cdfffff
26300,8810f6164bfffff
26301,8810f54a09fffff
26302,8810f5410bfffff
26303,8810f5c2b5fffff
26304,8810f0b901fffff
26305,88101b7553fffff
26306,88101b758bfffff
26307,88101b71e5fffff
26308,8810f29911fffff
26309,8810f661ddfffff
26310,8810f61213fffff
26311,8810f54197fffff
26312,8810f618d5fffff
26313,8810f6b959fffff
26314,8810f4b853fffff
26315,8810f6aae3fffff
26316,8810f09acdfffff
26317,8810f44a69fffff
26318,8810f0cc4dfffff
26319,8810f46829fffff
26320,88101b4503fffff
26321,88101b4599fffff
26322,8810f68489fffff
26323,8810f6a4b9fffff
26324,8810f000b1fffff
26325,8810f6a697fffff
26326,8810f5162bfffff
26327,88101b0949fffff
26328,8810f01041fffff
26329,8810f69233fffff
26330,8810f46085fffff
26331,8810f489b1fffff
26332,8810f44431fffff
26333,8810f66ecbfffff
26334,8810f404a1fffff
26335,8810f016c9fffff
26336,8810f58035fffff
26337,8810f4d145fffff
26338,8810f55a97fffff
26339,8810f68d2bfffff
26340,8810f50aa1fffff
26341,8810f4d865fffff
26342,8810f4d563fffff
26343,8810f04803fffff
26344,8810f0cb37fffff
26345,8810f5972bfffff
26346,8810f5918dfffff
26347,8810f48d27fffff
26348,8810f0b8a9fffff
26349,8810f0b0adfffff
26350,88101b0ecdfffff
26351,88101b6341fffff
26352,8810f62289fffff
26353,8810f49b25fffff
26354,8810f4896bfffff
26355,8810f089ebfffff
26356,8810f286adfffff
26357,8810f0c1a5fffff
26358,8810a976d1fffff
26359,8810f408b9fffff
26360,8810a936ddfffff
26361,8810f0935bfffff
26362,8810f4b0e3fffff
26363,8810f4c833fffff
26364,8810f511e5fffff
26365,8810f28109fffff
26366,8810f42ab5fffff
26367,8810f45999fffff
26368,8810f50aa9fffff
26369,8810f6341dfffff
26370,8810f50937fffff
26371,8810f0892bfffff
26372,8810f6d5c3fffff
26373,8810f6aa99fffff
26374,8810f68c45fffff
26375,8810f6bb61fffff
26376,8810f5192dfffff
26377,8810f6ad11fffff
26378,8810f451d3fffff
26379,8810f48de3fffff
26380,8810f5892bfffff
26381,8810f08243fffff
26382,8810a968b1fffff
26383,8810f4156dfffff
26384,8810f5024dfffff
26385,88101b2d17fffff
26386,8810f28a03fffff
26387,8810f5d55dfffff
26388,8810a921a5fffff
26389,8810f661abfffff
26390,8810f0ce1dfffff
26391,8810a96489fffff
26392,8810f294dbfffff
26393,8810f58361fffff
26394,88101b0865fffff
26395,8810f400d1fffff
26396,88101b0c2dfffff
26397,8810f08a39fffff
26398,8810a93595fffff
26399,8810f4c8a5fffff
26400,8810f28693fffff
26401,88101b69e5fffff
26402,88101b4893fffff
26403,8810f42517fffff
26404,8810f46a93fffff
26405,8810f40981fffff
26406,8810f63111fffff
26407,8810f4aabbfffff
26408,8810f48c3bfffff
26409,8810f0b0ebfffff
26410,8810f501bbfffff
26411,8810f5906bfffff
26412,8810f090b5fffff
26413,8810f46801fffff
26414,8810f41b55fffff
26415,8810f012bdfffff
26416,8810f4c9a9fffff
26417,8810f6ba39fffff
26418,8810f0864dfffff
26419,8810a9380dfffff
26420,8810f5cc97fffff
26421,8810f46943fffff
26422,8810f6a361fffff
26423,8810f61665fffff
26424,8810f6c489fffff
26425,8810f0d26dfffff
26426,8810f631a3fffff
26427,8810f05ab7fffff
26428,8810f29097fffff
26429,8810f63765fffff
26430,8810f4b739fffff
26431,8810f40d25fffff
26432,8810a93a3dfffff
26433,8810f0c863fffff
26434,8810f0d881fffff
26435,8810a964a9fffff
26436,8810f4cf47fffff
26437,8810f40cb3fffff
26438,8810f50b4bfffff
26439,8810f0c6c5fffff
26440,8810f4c657fffff
26441,8810f6c293fffff
26442,8810f610cdfffff
26443,8810f6289dfffff
26444,8810f40d2dfffff
26445,8810f4b96bfffff
26446,8810f54f5dfffff
26447,8810f5bb1dfffff
26448,8810f440a1fffff
26449,8810f099cbfffff
26450,8810f47443fffff
26451,8810f489abfffff
26452,8810f5894dfffff
26453,8810f40c49fffff
26454,8810f6baa5fffff
26455,8810f090b1fffff
26456,88101b49d3fffff
26457,8810f54e9bfffff
26458,8810f4c54dfffff
26459,8810f545a3fffff
26460,8810f40731fffff
26461,8810f4d813fffff
26462,8810f4a453fffff
26463,8810f4710bfffff
26464,8810f43021fffff
26465,8810f61281fffff
26466,88101b74b3fffff
26467,8810f41449fffff
26468,8810a962cbfffff
26469,8810f42559fffff
26470,8810f5954dfffff
26471,8810f6129bfffff
26472,8810f0b84dfffff
26473,8810f4da81fffff
26474,8810f47163fffff
26475,8810f41043fffff
26476,8810f4a76bfffff
26477,8810f449a9fffff
26478,8810f43609fffff
26479,8810f40aa5fffff
26480,8810f44e65fffff
26481,88101b0013fffff
26482,8810f634ebfffff
26483,8810f6cc99fffff
26484,8810f6c03dfffff
26485,88101b7737fffff
26486,8810f4b055fffff
26487,8810f08ebbfffff
26488,8810f691b9fffff
26489,8810f461dbfffff
26490,8810f684d9fffff
26491,8810f09b29fffff
26492,8810f46807fffff
26493,8810f5db3dfffff
26494,8810f6a957fffff
26495,8810f470a1fffff
26496,8810f436bbfffff
26497,8810a93a1bfffff
26498,8810a92a0bfffff
26499,8810f51245fffff
26500,8810f461b9fffff
26501,8810f54227fffff
26502,8810f0c50bfffff
26503,8810f415b7fffff
26504,8810f44827fffff
26505,8810f47a4bfffff
26506,8810f6c45dfffff
26507,8810f6122dfffff
26508,88101b6e39fffff
26509,8810f44f2bfffff
26510,8810f48689fffff
26511,8810f4a491fffff
26512,8810f46b29fffff
26513,8810f481edfffff
26514,8810f09959fffff
26515,8810f0d425fffff
26516,8810f41b0bfffff
26517,8810f4d8d1fffff
26518,8810f6a501fffff
26519,8810f62555fffff
26520,8810f46513fffff
26521,8810f66c83fffff
26522,8810f51047fffff
26523,8810f5c8e1fffff
26524,8810f5c4d3fffff
26525,88101b4ad7fffff
26526,8810f5c2dbfffff
26527,8810f68a93fffff
26528,8810f0c805fffff
26529,8810f54483fffff
26530,8810f551adfffff
26531,8810f295c5fffff
26532,8810f4ad0bfffff
26533,8810f0d1cdfffff
26534,8810f418ebfffff
26535,8810f5cec7fffff
26536,8810f59863fffff
26537,8810f5916bfffff
26538,8810f50027fffff
26539,8810f408bdfffff
26540,8810f6a765fffff
26541,8810f66c01fffff
26542,8810f04b5bfffff
26543,88101b6353fffff
26544,8810f0c685fffff
26545,8810f54b53fffff
26546,8810f54acdfffff
26547,8810f08c35fffff
26548,8810a92083fffff
26549,8810f4a535fffff
26550,8810f4d0d1fffff
26551,88101b6067fffff
26552,88101b68e5fffff
26553,88101b70d3fffff
26554,8810f40541fffff
26555,8810f4d1c7fffff
26556,88101b7b37fffff
26557,8810f59835fffff
26558,8810f4b5d7fffff
26559,8810f4c455fffff
26560,88101b6b01fffff
26561,8810f502ddfffff
26562,88101b05cbfffff
26563,8810f4a48dfffff
26564,8810a964d9fffff
26565,8810f62683fffff
26566,8810f48f55fffff
26567,8810f2812bfffff
26568,8810f5cd3bfffff
26569,8810f46995fffff
26570,8810f44f29fffff
26571,8810f486b3fffff
26572,88101b4497fffff
26573,8810f4346bfffff
26574,8810f42809fffff
26575,8810f4b433fffff
26576,8810f46909fffff
26577,88101b7521fffff
26578,8810f0c237fffff
26579,8810f09301fffff
26580,8810f42335fffff
26581,8810f4742bfffff
26582,8810f0990bfffff
26583,8810f4ace5fffff
26584,8810f66cbdfffff
26585,88101b76b3fffff
26586,8810f0cad9fffff
26587,8810f50353fffff
26588,8810f43943fffff
26589,8810a96559fffff
26590,8810f63083fffff
26591,8810f4174bfffff
26592,8810f62f01fffff
26593,8810f4add3fffff
26594,8810f54b3bfffff
26595,8810f4c409fffff
26596,8810f08aa5fffff
26597,8810f09851fffff
26598,88101b7817fffff
26599,8810f0949bfffff
26600,8810f6d6c9fffff
26601,8810f59645fffff
26602,8810f41003fffff
26603,8810f4d855fffff
26604,8810f58a13fffff
26605,8810f44729fffff
26606,8810f61185fffff
26607,8810f67655fffff
26608,8810f5535dfffff
26609,8810a93b27fffff
26610,8810f551e5fffff
26611,88101a6dbdfffff
26612,88101b6315fffff
26613,8810f63b0dfffff
26614,8810f6d681fffff
26615,8810a93899fffff
26616,8810f61003fffff
26617,8810f46045fffff
26618,8810f426e1fffff
26619,8810f44e99fffff
26620,8810f48525fffff
26621,8810f68137fffff
26622,8810f6d82bfffff
26623,8810aba69bfffff
26624,8810f6a529fffff
26625,8810f0826dfffff
26626,8810f6ce01fffff
26627,8810f01ab7fffff
26628,8810a92553fffff
26629,8810f4d0d9fffff
26630,8810f5ca95fffff
26631,8810f0c499fffff
26632,88101b0d47fffff
26633,8810f59733fffff
26634,8810f0d069fffff
26635,8810f5c0a1fffff
26636,8810f54d35fffff
26637,88101b7333fffff
26638,8810f61323fffff
26639,8810f4ba93fffff
26640,8810f548b5fffff
26641,8810f049d3fffff
26642,8810f4ad97fffff
26643,8810f48805fffff
26644,8810f688c7fffff
26645,8810f45619fffff
26646,8810f098cdfffff
26647,8810f4c491fffff
26648,8810f58ca5fffff
26649,8810f58c15fffff
26650,88101b09b1fffff
26651,88101a6d2bfffff
26652,8810f4131dfffff
26653,8810f4b741fffff
26654,8810f55951fffff
26655,8810f05335fffff
26656,8810f4b143fffff
26657,8810f4683dfffff
26658,8810aba6a9fffff
26659,8810f29331fffff
26660,8810f4d445fffff
26661,8810f0d833fffff
26662,8810f6b30dfffff
26663,8810f4c8cbfffff
26664,8810f46597fffff
26665,88101b4f47fffff
26666,8810f46de9fffff
26667,8810f28241fffff
26668,8810f60957fffff
26669,8810f6812bfffff
26670,8810f0d0cdfffff
26671,8810f63197fffff
26672,8810a92895fffff
26673,8810f4d955fffff
26674,8810f51015fffff
26675,88101b71bdfffff
26676,8810f05aebfffff
26677,8810f41a65fffff
26678,8810f59353fffff
26679,8810f4d4b5fffff
26680,88101a6d0bfffff
26681,8810f080b3fffff
26682,8810a92eb5fffff
26683,88101b0e41fffff
26684,8810f5c9edfffff
26685,88101b4cc3fffff
26686,8810f2849dfffff
26687,8810f5c5c3fffff
26688,88101b70b1fffff
26689,8810f54c55fffff
26690,8810f6189dfffff
26691,88101b4e03fffff
26692,8810f44c63fffff
26693,8810f08435fffff
26694,8810f580d7fffff
26695,8810f0b1d5fffff
26696,8810f2901bfffff
26697,8810f0852bfffff
26698,88101b7ad7fffff
26699,8810a965abfffff
26700,88101b6f23fffff
26701,8810f050e1fffff
26702,8810f4099dfffff
26703,8810f6012bfffff
26704,8810f60f45fffff
26705,8810f69117fffff
26706,8810f0c4b9fffff
26707,8810f09955fffff
26708,8810f68351fffff
26709,8810f09467fffff
26710,8810f68aa9fffff
26711,8810f559bbfffff
26712,8810a96011fffff
26713,8810f58e23fffff
26714,8810f42cbdfffff
26715,8810f48cedfffff
26716,8810f6c0b1fffff
26717,8810f5101bfffff
26718,8810f28161fffff
26719,88101b0f29fffff
26720,8810a96187fffff
26721,8810f634edfffff
26722,8810f6263bfffff
26723,8810f086a7fffff
26724,8810f01b1bfffff
26725,8810f4a4d1fffff
26726,8810f448b5fffff
26727,8810f0cee7fffff
26728,8810f6c011fffff
26729,8810f68d65fffff
26730,8810f484b7fffff
26731,8810f44c05fffff
26732,8810f58155fffff
26733,8810f6b6b5fffff
26734,8810f5c237fffff
26735,8810f4c75bfffff
26736,8810f4a487fffff
26737,8810f0596dfffff
26738,8810f5ccb1fffff
26739,8810f6d2d3fffff
26740,8810f46b47fffff
26741,8810f6259bfffff
26742,8810f2816bfffff
26743,8810f585e5fffff
26744,88101b0a67fffff
26745,8810f46d99fffff
26746,8810f4631dfffff
26747,8810f089c3fffff
26748,8810f55281fffff
26749,8810f63719fffff
26750,8810f628e3fffff
26751,8810f4a243fffff
26752,8810f0c8cdfffff
26753,8810f50b69fffff
26754,8810f4695dfffff
26755,8810f2b30bfffff
26756,8810f4ccd7fffff
26757,8810a935b7fffff
26758,8810a920c5fffff
26759,8810f55ae7fffff
26760,8810f40247fffff
26761,8810f0d061fffff
26762,8810f688c1fffff
26763,8810f4a663fffff
26764,88101b6c9dfffff
26765,8810f61a9dfffff
26766,8810f4d2bbfffff
26767,8810f6980bfffff
26768,8810f04a29fffff
26769,8810f291c1fffff
26770,8810f5084dfffff
26771,8810f0d159fffff
26772,8810f5d1cdfffff
26773,88101b4ab5fffff
26774,8810f28483fffff
26775,8810f0535dfffff
26776,8810f4b11dfffff
26777,8810f0a20dfffff
26778,8810f58e01fffff
26779,8810a92333fffff
26780,8810f5d0b1fffff
26781,8810f5c71bfffff
26782,88101b0aa3fffff
26783,8810f002edfffff
26784,88101b0905fffff
26785,88101b4f4dfffff
26786,8810f6d893fffff
26787,8810f68a33fffff
26788,8810f42605fffff
26789,8810f48555fffff
26790,8810f510b7fffff
26791,8810f43801fffff
26792,8810f42901fffff
26793,8810f0c43bfffff
26794,8810f4132bfffff
26795,8810f6a41bfffff
26796,8810f45895fffff
26797,8810a9211dfffff
26798,8810f4c655fffff
26799,88101b0129fffff
26800,8810f50889fffff
26801,8810f6d027fffff
26802,8810f48f2bfffff
26803,8810f588e9fffff
26804,8810f681d5fffff
26805,8810f0d999fffff
26806,8810f47687fffff
26807,8810f0840bfffff
26808,8810f41255fffff
26809,88101b6f07fffff
26810,8810f61201fffff
26811,8810f281c3fffff
26812,8810a969adfffff
26813,8810aba633fffff
26814,8810f62ad5fffff
26815,8810f4acd9fffff
26816,8810f428b5fffff
26817,8810f011a1fffff
26818,8810f2b30dfffff
26819,8810f4af4bfffff
26820,8810f54025fffff
26821,8810f28293fffff
26822,8810f55a81fffff
26823,8810f46a49fffff
26824,8810f04833fffff
26825,8810f010b3fffff
26826,8810f4ccc1fffff
26827,8810f5805bfffff
26828,8810f41759fffff
26829,8810f444dbfffff
26830,8810f0d6a3fffff
26831,8810f475ddfffff
26832,8810f29541fffff
26833,8810f6a247fffff
26834,8810f42341fffff
26835,8810f40da5fffff
26836,8810f4b669fffff
26837,8810f6d421fffff
26838,8810f46859fffff
26839,8810f50063fffff
26840,8810f415bbfffff
26841,8810f48113fffff
26842,88101b2993fffff
26843,8810f5c583fffff
26844,8810f08621fffff
26845,8810f6d489fffff
26846,8810f40309fffff
26847,8810a96445fffff
26848,8810f09947fffff
26849,8810f4b859fffff
26850,88101b4c25fffff
26851,88101b1897fffff
26852,8810f46217fffff
26853,88101b7155fffff
26854,8810f0b353fffff
26855,8810f5134dfffff
26856,8810f6a593fffff
26857,8810f44da1fffff
26858,8810f44eebfffff
26859,8810f6c581fffff
26860,8810f54865fffff
26861,8810f41549fffff
26862,8810f54b6dfffff
26863,88101b6ce5fffff
26864,8810f63601fffff
26865,8810f29ad7fffff
26866,8810f0d055fffff
26867,8810f42f69fffff
26868,8810f6af0bfffff
26869,8810a92b3bfffff
26870,8810f59285fffff
26871,8810f0906dfffff
26872,8810f4a431fffff
26873,8810f6a02bfffff
26874,8810f0b9abfffff
26875,8810f4b1abfffff
26876,8810f43607fffff
26877,8810f4b529fffff
26878,8810f40c27fffff
26879,8810f46ac9fffff
26880,8810f61749fffff
26881,8810f4d8ddfffff
26882,8810f51191fffff
26883,8810f4d117fffff
26884,8810f6b359fffff
26885,8810f29369fffff
26886,8810a92461fffff
26887,8810f048cdfffff
26888,8810f68e61fffff
26889,8810f686a7fffff
26890,8810f59851fffff
26891,8810f089bdfffff
26892,8810f46c93fffff
26893,8810f090bdfffff
26894,88101b6cebfffff
26895,8810f6903bfffff
26896,8810f68739fffff
26897,8810f685e7fffff
26898,8810f6c683fffff
26899,8810f01627fffff
26900,8810f0cd29fffff
26901,88101b6a5dfffff
26902,88101b4de7fffff
26903,88101b4d91fffff
26904,8810f580ddfffff
26905,8810f58945fffff
26906,8810f434c5fffff
26907,8810f5ce8dfffff
26908,8810f0b18bfffff
26909,8810f41a67fffff
26910,8810f62c03fffff
26911,8810f690e1fffff
26912,88101b713bfffff
26913,8810f6909bfffff
26914,8810f4d1a5fffff
26915,8810f0b9b1fffff
26916,8810f6b5abfffff
26917,8810f661bdfffff
26918,8810f5bb07fffff
26919,8810f08c07fffff
26920,8810f40eb5fffff
26921,8810a93927fffff
26922,8810f55a41fffff
26923,8810f6a047fffff
26924,8810f50ac1fffff
26925,8810f49901fffff
26926,8810f08a33fffff
26927,8810f0c24bfffff
26928,8810f622ebfffff
26929,8810f5125bfffff
26930,8810f5cc4bfffff
26931,8810f59a9bfffff
26932,8810f4ba41fffff
26933,8810f42243fffff
26934,8810f4788dfffff
26935,8810f5c9c7fffff
26936,8810f455d3fffff
26937,8810a92065fffff
26938,88101b01d3fffff
26939,8810f08121fffff
26940,8810f4ab65fffff
26941,8810f415e3fffff
26942,8810f415a1fffff
26943,8810f480b3fffff
26944,8810a96a81fffff
26945,8810f4c82bfffff
26946,8810f44d1dfffff
26947,8810f6babdfffff
26948,8810f0526dfffff
26949,8810f680abfffff
26950,8810f08735fffff
26951,8810f4b4d5fffff
26952,8810f408c7fffff
26953,8810f55347fffff
26954,8810a92e39fffff
26955,8810f2803dfffff
26956,8810f0b1c9fffff
26957,8810f29969fffff
26958,8810a9600bfffff
26959,8810f5c627fffff
26960,8810f01283fffff
26961,8810f41367fffff
26962,8810f04963fffff
26963,8810f295d5fffff
26964,8810a97435fffff
26965,8810a936d7fffff
26966,8810f5d1dbfffff
26967,8810f631b9fffff
26968,8810f081c7fffff
26969,8810f51745fffff
26970,8810f47201fffff
26971,8810f54d63fffff
26972,88101b7995fffff
26973,8810f690a1fffff
26974,8810f47b33fffff
26975,8810f591b9fffff
26976,88101b6dc1fffff
26977,8810f63161fffff
26978,88101b6ddbfffff
26979,8810f5d9c3fffff
26980,8810a92211fffff
26981,8810f6346bfffff
26982,8810f42c37fffff
26983,8810f68943fffff
26984,8810f6d069fffff
26985,8810f6aa81fffff
26986,8810f485a7fffff
26987,8810f5cb6dfffff
26988,8810f59133fffff
26989,8810f555c9fffff
26990,8810f4a06dfffff
26991,8810f2824bfffff
26992,88101b6ce9fffff
26993,8810f4a221fffff
26994,8810f69985fffff
26995,8810f6169dfffff
26996,8810f4543bfffff
26997,8810f4005bfffff
26998,8810f4d601fffff
26999,8810f436e7fffff
27000,8810a92ecbfffff
27001,8810f09763fffff
27002,8810f51a21fffff
27003,8810f51625fffff
27004,8810f42659fffff
27005,8810f0b289fffff
27006,8810f4768bfffff
27007,88101a6531fffff
27008,8810f4245bfffff
27009,8810f42aa5fffff
27010,8810f6a095fffff
27011,8810f5034bfffff
27012,8810f50135fffff
27013,8810f41761fffff
27014,88101b7659fffff
27015,8810f4405bfffff
27016,88101b6489fffff
27017,8810f50067fffff
27018,8810f66513fffff
27019,88101b460bfffff
27020,8810f05213fffff
27021,8810f465e7fffff
27022,8810f6a9b9fffff
27023,8810f59325fffff
27024,8810f0484dfffff
27025,8810f590e9fffff
27026,8810a93a51fffff
27027,8810f4b9c1fffff
27028,8810f6872dfffff
27029,8810f59621fffff
27030,8810f29683fffff
27031,88101b61dbfffff
27032,8810a975e7fffff
27033,8810f6af67fffff
27034,88101b79d3fffff
27035,8810f48c5bfffff
27036,8810f44337fffff
27037,8810f4d8a1fffff
27038,8810f68667fffff
27039,8810a92897fffff
27040,8810f50291fffff
27041,8810f4a089fffff
27042,8810f5971dfffff
27043,8810f45aebfffff
27044,8810f0d42dfffff
27045,8810f29447fffff
27046,8810f5ba4bfffff
27047,8810f40293fffff
27048,8810f43a83fffff
27049,8810f28749fffff
27050,8810f66199fffff
27051,8810f01601fffff
27052,8810f47709fffff
27053,88101b4a99fffff
27054,8810f0d6a1fffff
27055,8810f48513fffff
27056,8810f46407fffff
27057,8810f4354dfffff
27058,8810f09a29fffff
27059,8810f695bdfffff
27060,8810f436c3fffff
27061,8810f6c501fffff
27062,8810f66031fffff
27063,8810f51b17fffff
27064,8810f4c041fffff
27065,8810f0b255fffff
27066,8810f4d753fffff
27067,8810f5daa9fffff
27068,8810f63b6bfffff
27069,8810f51893fffff
27070,8810f016abfffff
27071,8810f2b141fffff
27072,8810f4a15dfffff
27073,8810f0009dfffff
27074,8810f6891dfffff
27075,8810f422d1fffff
27076,8810f69063fffff
27077,8810f4d897fffff
27078,8810f422c5fffff
27079,8810f4395bfffff
27080,8810a938b3fffff
27081,8810f44c3dfffff
27082,8810f00257fffff
27083,8810f435ddfffff
27084,8810f406d7fffff
27085,8810f2841bfffff
27086,8810f6b0abfffff
27087,8810f4a5cdfffff
27088,8810f6922dfffff
27089,8810f0b345fffff
27090,8810f42cb9fffff
27091,8810f5c0d5fffff
27092,8810f559edfffff
27093,8810aba6bdfffff
27094,8810f46223fffff
27095,8810f0dae7fffff
27096,8810f6a68bfffff
27097,8810f55163fffff
27098,88101b608dfffff
27099,8810f51acdfffff
27100,88101b7943fffff
27101,88101b3b3dfffff
27102,8810a97093fffff
27103,8810f54f13fffff
27104,8810f61717fffff
27105,8810f5db4dfffff
27106,8810f68029fffff
27107,8810f5c8a3fffff
27108,8810f54221fffff
27109,8810f081a7fffff
27110,88101b4725fffff
27111,8810f5c0a9fffff
27112,8810f42eddfffff
27113,8810f66e55fffff
27114,8810f68095fffff
27115,88101b7427fffff
27116,88101b2b41fffff
27117,8810f554edfffff
27118,8810a936adfffff
27119,8810f58995fffff
27120,8810f40195fffff
27121,8810f44aa9fffff
27122,8810f62e4bfffff
27123,8810f4a335fffff
27124,8810f08b01fffff
27125,8810f0131dfffff
27126,8810f66585fffff
27127,8810f66addfffff
27128,8810f6c6e7fffff
27129,8810f452d3fffff
27130,8810f50345fffff
27131,88101b4e9bfffff
27132,8810f4d70bfffff
27133,8810f058b9fffff
27134,8810f45739fffff
27135,8810f541c3fffff
27136,8810f59753fffff
27137,8810f67611fffff
27138,88101b3b47fffff
27139,8810f42d85fffff
27140,8810f57363fffff
27141,8810f4a801fffff
27142,8810f61a05fffff
27143,8810f0dac7fffff
27144,8810f606d1fffff
27145,8810f4529dfffff
27146,8810a9312dfffff
27147,8810f624d1fffff
27148,8810f69531fffff
27149,8810f40ea1fffff
27150,8810f4b89bfffff
27151,8810f41205fffff
27152,8810aba4ebfffff
27153,8810f08665fffff
27154,8810f6b435fffff
27155,8810f0b80dfffff
27156,88101b754dfffff
27157,88101b64adfffff
27158,8810f69949fffff
27159,8810f0c617fffff
27160,8810f4b8a9fffff
27161,8810a92847fffff
27162,8810f48c57fffff
27163,8810f47957fffff
27164,8810f4295dfffff
27165,8810f4aa67fffff
27166,8810f0483bfffff
27167,8810f6ae4dfffff
27168,8810f4c353fffff
27169,8810f0176dfffff
27170,8810f48edbfffff
27171,8810f4a2c9fffff
27172,8810f61121fffff
27173,8810f58539fffff
27174,8810f40627fffff
27175,8810f0c569fffff
27176,8810f4af27fffff
27177,8810f0d9a3fffff
27178,8810f4501bfffff
27179,88101a65e3fffff
27180,8810f47027fffff
27181,8810f48465fffff
27182,8810f55057fffff
27183,8810f45033fffff
27184,8810f54b45fffff
27185,8810f09ad5fffff
27186,8810f59a41fffff
27187,8810f6c69bfffff
27188,8810f4044bfffff
27189,8810f6a601fffff
27190,8810a9605bfffff
27191,8810f61265fffff
27192,8810a96e8bfffff
27193,8810f51731fffff
27194,8810f6c697fffff
27195,8810f686b9fffff
27196,8810f45b01fffff
27197,8810f5cc69fffff
27198,8810a96e85fffff
27199,8810f299c5fffff
27200,8810f5cecbfffff
27201,8810f51539fffff
27202,8810f489a5fffff
27203,8810f50369fffff
27204,8810f6b31bfffff
27205,8810f46edbfffff
27206,8810f60aa3fffff
27207,8810f08819fffff
27208,88101b0e05fffff
27209,8810f09951fffff
27210,8810f4b8bdfffff
27211,8810f62ce7fffff
27212,8810f4a261fffff
27213,8810f59053fffff
27214,8810f4a123fffff
27215,8810f29a21fffff
27216,8810f0cb49fffff
27217,8810f6b807fffff
27218,8810f6642dfffff
27219,8810f08601fffff
27220,8810f5d555fffff
27221,88101b6635fffff
27222,88101b0e9bfffff
27223,8810f28447fffff
27224,8810f5c40dfffff
27225,8810f439c1fffff
27226,8810f429ebfffff
27227,8810f4191bfffff
27228,8810f501c5fffff
27229,8810f58c55fffff
27230,8810a92949fffff
27231,8810f01023fffff
27232,8810f686ddfffff
27233,8810a96443fffff
27234,8810f6a025fffff
27235,8810f692b3fffff
27236,8810f082ebfffff
27237,8810f4cc6dfffff
27238,8810f55717fffff
27239,8810f6306dfffff
27240,8810f424e3fffff
27241,8810f08ac5fffff
27242,8810f552d5fffff
27243,8810f432dbfffff
27244,8810f66e03fffff
27245,8810f0d4b9fffff
27246,8810f684dbfffff
27247,8810f63107fffff
27248,8810f5d31dfffff
27249,8810f68e39fffff
27250,8810f05283fffff
27251,8810f674d7fffff
27252,8810f50f4bfffff
27253,8810f5bb17fffff
27254,8810f67451fffff
27255,8810f45b69fffff
27256,8810a92cc7fffff
27257,88101b7549fffff
27258,8810f41499fffff
27259,8810f4a361fffff
27260,8810f451a5fffff
27261,88101b7687fffff
27262,8810f42c9bfffff
27263,88101b5695fffff
27264,8810f51899fffff
27265,8810f62239fffff
27266,8810f0d613fffff
27267,8810f456dbfffff
27268,8810f509d9fffff
27269,8810f0148bfffff
27270,88101b6a33fffff
27271,8810f6a22dfffff
27272,8810f5114bfffff
27273,8810f089b5fffff
27274,8810f68439fffff
27275,8810f08dbbfffff
27276,8810f4ab47fffff
27277,8810f2953bfffff
27278,8810f5da1bfffff
27279,8810f6d5dbfffff
27280,8810a97631fffff
27281,8810f40713fffff
27282,8810f41211fffff
27283,8810f4634dfffff
27284,8810f62e15fffff
27285,8810f58c37fffff
27286,8810f5c695fffff
27287,8810f4550dfffff
27288,8810f47697fffff
27289,8810f0ce07fffff
27290,88101b6f13fffff
27291,8810f42ad5fffff
27292,8810f68cb5fffff
27293,8810f63a49fffff
27294,8810f425c1fffff
27295,88101b4c37fffff
27296,8810f45a53fffff
27297,8810f6a5b7fffff
27298,8810f406c9fffff
27299,8810f681bbfffff
27300,8810f59065fffff
27301,8810f082edfffff
27302,8810f691dbfffff
27303,8810f459c7fffff
27304,88101b78e5fffff
27305,8810f4aa85fffff
27306,8810a92a5dfffff
27307,88101b7323fffff
27308,8810f44997fffff
27309,8810f6c14bfffff
27310,8810f29255fffff
27311,8810f62503fffff
27312,8810f4619bfffff
27313,8810f44623fffff
27314,8810f50f2bfffff
27315,8810f44b4dfffff
27316,8810f44865fffff
27317,88101a65abfffff
27318,8810f60949fffff
27319,8810f09341fffff
27320,8810f6c40dfffff
27321,8810f404c7fffff
27322,8810f60cd1fffff
27323,8810f419d1fffff
27324,8810f48a23fffff
27325,8810f61831fffff
27326,8810f54cebfffff
27327,8810f2b35bfffff
27328,8810f096a9fffff
27329,8810f62ccdfffff
27330,88101b7151fffff
27331,8810f4a827fffff
27332,8810f4cca7fffff
27333,8810f68ae3fffff
27334,8810f0d1e1fffff
27335,8810a96f6bfffff
27336,8810f60a47fffff
27337,8810f69317fffff
27338,8810f61115fffff
27339,8810f599b9fffff
27340,8810f62b65fffff
27341,8810f58201fffff
27342,8810f40989fffff
27343,8810f5998bfffff
27344,8810f29217fffff
27345,8810f6c345fffff
27346,8810f46ca3fffff
27347,8810f45165fffff
27348,8810f4a4e9fffff
27349,8810f6ce39fffff
27350,8810f5c24dfffff
27351,8810f43a29fffff
27352,8810f09b23fffff
27353,8810f6a4c9fffff
27354,8810f455e1fffff
27355,8810f04055fffff
27356,8810f51ae9fffff
27357,8810f61103fffff
27358,8810f2833dfffff
27359,8810f01065fffff
27360,8810f04a39fffff
27361,88101a65a7fffff
27362,8810f5d1e7fffff
27363,8810f59949fffff
27364,8810f08f47fffff
27365,8810f481b3fffff
27366,8810f2964bfffff
27367,8810f0ce0bfffff
27368,8810a96f33fffff
27369,8810f2968dfffff
27370,8810f67593fffff
27371,8810f402c7fffff
27372,8810f461ebfffff
27373,8810f4b6d1fffff
27374,8810f68da5fffff
27375,8810a926c5fffff
27376,88101b68e1fffff
27377,8810f47355fffff
27378,8810f08107fffff
27379,8810f40eb3fffff
27380,8810f28759fffff
27381,8810f05223fffff
27382,8810f516c3fffff
27383,8810f46c31fffff
27384,8810f41547fffff
27385,8810f66333fffff
27386,8810f6269bfffff
27387,8810f6a0c7fffff
27388,8810f54029fffff
27389,8810f29ab3fffff
27390,8810f545cdfffff
27391,8810f08439fffff
27392,8810f40f37fffff
27393,8810f59763fffff
27394,8810f68025fffff
27395,8810f4cc67fffff
27396,8810f4590bfffff
27397,8810f40647fffff
27398,8810a96c2bfffff
27399,8810f5465dfffff
27400,8810f6a0d5fffff
27401,8810f68dedfffff
27402,8810a96aadfffff
27403,8810f6bab5fffff
27404,8810f454b9fffff
27405,88101b78d3fffff
27406,8810a924d3fffff
27407,8810f4a009fffff
27408,8810f6acabfffff
27409,88101b6101fffff
27410,8810f29a6dfffff
27411,8810f05295fffff
27412,88101a6c9bfffff
27413,8810f68107fffff
27414,8810f46d6dfffff
27415,8810f08081fffff
27416,8810f4561bfffff
27417,8810f05803fffff
27418,8810f6950bfffff
27419,88101b4715fffff
27420,8810f511a9fffff
27421,88101b6e69fffff
27422,8810f4d31bfffff
27423,8810f09867fffff
27424,8810a9260dfffff
27425,8810f50313fffff
27426,8810f508c3fffff
27427,8810f0d93bfffff
27428,8810a962a7fffff
27429,8810f48ae3fffff
27430,8810a92337fffff
27431,8810f498b3fffff
27432,8810f42463fffff
27433,88101b7051fffff
27434,8810f5112bfffff
27435,8810f4b061fffff
27436,8810f6a587fffff
27437,8810f4c11dfffff
27438,8810aba4d7fffff
27439,8810f6d4ddfffff
27440,8810a96291fffff
27441,8810f4a4d9fffff
27442,8810f099d9fffff
27443,8810f5cb43fffff
27444,8810f62437fffff
27445,8810f59265fffff
27446,8810f4a86bfffff
27447,8810f4431bfffff
27448,8810f44e31fffff
27449,8810f4c823fffff
27450,8810f5563dfffff
27451,8810f58aadfffff
27452,8810f42eb7fffff
27453,88101b6335fffff
27454,8810f42b03fffff
27455,8810f5c4dbfffff
27456,8810f0c005fffff
27457,8810f48ab1fffff
27458,8810f401d1fffff
27459,88101b0805fffff
27460,88101b0d01fffff
27461,88101b7805fffff
27462,8810f63485fffff
27463,8810f62f63fffff
27464,8810f5800dfffff
27465,8810a96cb9fffff
27466,8810f63935fffff
27467,8810f285ddfffff
27468,88101b40b3fffff
27469,8810f4842dfffff
27470,8810f6a18dfffff
27471,8810f47069fffff
27472,8810f0d065fffff
27473,8810f692c7fffff
27474,8810f0d9b9fffff
27475,8810f0b947fffff
27476,8810f09b13fffff
27477,8810f58c23fffff
27478,8810f6b5e1fffff
27479,8810f6a8c7fffff
27480,8810f4d157fffff
27481,8810f4d2b9fffff
27482,8810f6371dfffff
27483,8810a92183fffff
27484,8810f09993fffff
27485,8810f40d23fffff
27486,8810f2828bfffff
27487,8810f4d363fffff
27488,8810f6ce9bfffff
27489,8810f01309fffff
27490,8810f4c293fffff
27491,8810f690dbfffff
27492,8810f094b3fffff
27493,8810f51219fffff
27494,8810f4306dfffff
27495,8810f5c1b7fffff
27496,8810f5bb05fffff
27497,8810f63889fffff
27498,8810f43ad7fffff
27499,8810f44197fffff
27500,8810f6a21bfffff
27501,8810f0d84dfffff
27502,8810f4ce8dfffff
27503,8810f5b169fffff
27504,8810f6175bfffff
27505,8810f6a4e1fffff
27506,88101b092dfffff
27507,8810f698c1fffff
27508,8810f5c559fffff
27509,8810f4d0c1fffff
27510,8810f0906bfffff
27511,88101b54d9fffff
27512,8810f6b437fffff
27513,8810f4d539fffff
27514,8810f0c9abfffff
27515,8810a939e5fffff
27516,8810f55293fffff
27517,8810f4b53bfffff
27518,8810f4a95dfffff
27519,8810f45407fffff
27520,8810f018e1fffff
27521,8810f5cea3fffff
27522,8810f51689fffff
27523,8810f04817fffff
27524,8810f08acbfffff
27525,8810f63501fffff
27526,8810f0c145fffff
27527,8810f05541fffff
27528,8810f292c7fffff
27529,8810f5d44dfffff
27530,8810f620a3fffff
27531,8810f6c4d3fffff
27532,8810f05349fffff
27533,8810a975d1fffff
27534,8810f4aeb5fffff
27535,8810f676edfffff
27536,8810f00223fffff
27537,8810f6d331fffff
27538,8810f296cbfffff
27539,8810f51b19fffff
27540,8810f28455fffff
27541,8810f619adfffff
27542,8810f54e47fffff
27543,8810f5db0dfffff
27544,8810f43b0dfffff
27545,8810f54745fffff
27546,8810f4a9d5fffff
27547,8810f63a31fffff
27548,8810f5d61bfffff
27549,88101b4d03fffff
27550,8810f619b1fffff
27551,8810f47585fffff
27552,8810f4ac49fffff
27553,8810f04211fffff
27554,88101b2919fffff
27555,8810f63695fffff
27556,8810f418cbfffff
27557,8810f6080dfffff
27558,8810f0da0bfffff
27559,88101b78d9fffff
27560,8810f0d641fffff
27561,8810f0d239fffff
27562,8810f082a1fffff
27563,8810f6c2bbfffff
27564,8810f28a17fffff
27565,8810f46e57fffff
27566,88101b0ca3fffff
27567,88101b3955fffff
27568,8810f4096bfffff
27569,8810f612b1fffff
27570,8810f54109fffff
27571,8810f582e5fffff
27572,8810f444cbfffff
27573,8810f4d019fffff
27574,8810f04f23fffff
27575,8810f58e45fffff
27576,8810f43b53fffff
27577,8810f42961fffff
27578,8810f2866bfffff
27579,8810f69635fffff
27580,88101b6a8dfffff
27581,88101b6963fffff
27582,8810f54e11fffff
27583,8810f61491fffff
27584,8810f2b261fffff
27585,8810f4a94dfffff
27586,8810f54e07fffff
27587,88101a6e53fffff
27588,8810f09039fffff
27589,8810f42e47fffff
27590,8810f5089bfffff
27591,8810f0c1c7fffff
27592,8810f4244bfffff
27593,8810f4b55dfffff
27594,8810f622a7fffff
27595,8810a92945fffff
27596,8810f5c769fffff
27597,8810f0cc2bfffff
27598,8810f62b4dfffff
27599,8810f42489fffff
27600,8810f6969bfffff
27601,88101b7213fffff
27602,8810f68203fffff
27603,8810f47a8bfffff
27604,8810f4d9a3fffff
27605,8810f425c3fffff
27606,8810f6a06dfffff
27607,8810f0c597fffff
27608,8810f58535fffff
27609,8810f42097fffff
27610,88101b60bdfffff
27611,8810f699c3fffff
27612,8810f0d821fffff
27613,8810f54631fffff
27614,88101b6097fffff
27615,8810f63911fffff
27616,8810f6b727fffff
27617,8810f0b335fffff
27618,8810f509ebfffff
27619,8810f431c3fffff
27620,8810a96dd7fffff
27621,8810f089c1fffff
27622,88101b72e1fffff
27623,8810a92149fffff
27624,8810f46367fffff
27625,8810f5c545fffff
27626,8810f0ced7fffff
27627,8810f4d91bfffff
27628,8810a96883fffff
27629,88101b71a9fffff
27630,8810f59ac9fffff
27631,8810f44193fffff
27632,8810f69301fffff
27633,8810f5db01fffff
27634,8810f6c229fffff
27635,88101b394dfffff
27636,8810f42321fffff
27637,8810f28147fffff
27638,8810f0c2edfffff
27639,88101b7a8bfffff
27640,8810f51199fffff
27641,8810f6b35bfffff
27642,8810f50021fffff
27643,8810f48a57fffff
27644,8810a96d13fffff
27645,8810f4859bfffff
27646,8810f40509fffff
27647,8810f478e5fffff
27648,8810f01861fffff
27649,88101b6cc9fffff
27650,8810f6b763fffff
27651,88101b663dfffff
27652,8810f6084bfffff
27653,8810f59ab7fffff
27654,8810f411adfffff
27655,8810f4452bfffff
27656,8810f4d637fffff
27657,8810f46131fffff
27658,8810f5c637fffff
27659,8810f59183fffff
27660,8810f6856dfffff
27661,8810f05893fffff
27662,8810f540c7fffff
27663,88101b4889fffff
27664,8810f29467fffff
27665,8810f5c52dfffff
27666,8810f455d5fffff
27667,8810f2b249fffff
27668,8810a9218dfffff
27669,8810f59283fffff
27670,8810f04b1bfffff
27671,8810f42d0dfffff
27672,8810f42ca7fffff
27673,8810f0d5b3fffff
27674,8810f62703fffff
27675,88101b6e9dfffff
27676,8810f622d9fffff
27677,8810f0b137fffff
27678,8810f599d9fffff
27679,8810f62ebbfffff
27680,8810f62d13fffff
27681,88101b7683fffff
27682,8810f5d557fffff
27683,8810f474a1fffff
27684,8810f0d763fffff
27685,8810f636a7fffff
27686,8810f50a5bfffff
27687,8810f4ad69fffff
27688,8810f55ae9fffff
27689,8810f29023fffff
27690,8810f6aea7fffff
27691,8810f62dbdfffff
27692,8810f48e0bfffff
27693,8810f448b3fffff
27694,88101b6e5bfffff
27695,8810f62d5dfffff
27696,8810f5830bfffff
27697,8810f4119bfffff
27698,88101b05a3fffff
27699,8810f28adbfffff
27700,8810f63403fffff
27701,8810f4c0d1fffff
27702,8810f42941fffff
27703,8810f08c81fffff
27704,8810f6d1d1fffff
27705,8810f54191fffff
27706,8810f6c459fffff
27707,88101b642dfffff
27708,8810f4a6e9fffff
27709,8810f455b5fffff
27710,8810a96421fffff
27711,8810f6ae59fffff
27712,8810f4ab57fffff
27713,8810f51ac1fffff
27714,8810f47315fffff
27715,8810f51309fffff
27716,8810f43497fffff
27717,8810f4c505fffff
27718,8810f6b501fffff
27719,8810f0c531fffff
27720,8810f55a31fffff
27721,8810f05ae7fffff
27722,8810f5883dfffff
27723,88101b0b59fffff
27724,8810f08805fffff
27725,8810f62647fffff
27726,8810f5490bfffff
27727,8810f58839fffff
27728,8810f6a9c5fffff
27729,8810f6d4d5fffff
27730,8810f04b31fffff
27731,88101a6e3dfffff
27732,8810a92db9fffff
27733,8810f62335fffff
27734,8810f40f03fffff
27735,8810f0cd2dfffff
27736,8810f60a13fffff
27737,8810f28265fffff
27738,8810f6c5e1fffff
27739,8810f42d83fffff
27740,8810a96cc5fffff
27741,8810f43023fffff
27742,8810f402e5fffff
27743,8810f6b213fffff
27744,8810f546b5fffff
27745,8810f45219fffff
27746,8810f5c137fffff
27747,8810f42d99fffff
27748,8810a93a5bfffff
27749,8810f5cb69fffff
27750,8810a9752bfffff
27751,8810f6a169fffff
27752,88101b4d47fffff
27753,8810a92c1dfffff
27754,8810f55645fffff
27755,8810f4503bfffff
27756,8810f0022dfffff
27757,8810f620cbfffff
27758,8810f0c709fffff
27759,8810f68d69fffff
27760,8810f6d349fffff
27761,8810f46b53fffff
27762,8810f60899fffff
27763,8810f44107fffff
27764,8810f4a319fffff
27765,8810f42825fffff
27766,8810f0c76bfffff
27767,8810f6d5edfffff
27768,8810f6ce07fffff
27769,8810f5b85bfffff
27770,8810f44131fffff
27771,8810f4ad53fffff
27772,8810f6a645fffff
27773,8810f44983fffff
27774,8810f01a03fffff
27775,8810f54641fffff
27776,8810f559e5fffff
27777,8810f6a44bfffff
27778,8810f4d069fffff
27779,8810f0c335fffff
27780,8810f2972dfffff
27781,8810f6ab29fffff
27782,8810f45455fffff
27783,88101b2d47fffff
27784,8810f29635fffff
27785,88101b3b0dfffff
27786,8810f51545fffff
27787,8810f0b957fffff
27788,8810f481c5fffff
27789,8810f4134bfffff
27790,88101b4589fffff
27791,8810f6a6b7fffff
27792,8810f516ddfffff
27793,8810f46633fffff
27794,8810f4a6e1fffff
27795,8810f6ad9dfffff
27796,8810f4c22dfffff
27797,8810f01765fffff
27798,8810f6d317fffff
27799,8810f6659bfffff
27800,8810f4bb4dfffff
27801,8810f4454dfffff
27802,8810f69065fffff
27803,8810f44f57fffff
27804,8810f46b19fffff
27805,8810a96c1bfffff
27806,8810f6a249fffff
27807,88101b0de9fffff
27808,8810f51529fffff
27809,8810f6822dfffff
27810,8810f40da7fffff
27811,8810f6c6d3fffff
27812,8810f5d141fffff
27813,88101b4f03fffff
27814,8810f002a9fffff
27815,8810f0b18dfffff
27816,8810f49809fffff
27817,8810f0830bfffff
27818,8810f58935fffff
27819,8810f0d8edfffff
27820,88101b4e29fffff
27821,8810f552a9fffff
27822,8810f6b861fffff
27823,8810f4111bfffff
27824,8810f4c741fffff
27825,8810a924abfffff
27826,8810f4d4ddfffff
27827,8810f5cd63fffff
27828,8810f5ccb3fffff
27829,8810f51043fffff
27830,8810f5975dfffff
27831,8810a924e9fffff
27832,8810f619b3fffff
27833,8810f082a3fffff
27834,8810f01981fffff
27835,8810f42a1dfffff
27836,8810a9386bfffff
27837,8810f43805fffff
27838,8810f6d5cdfffff
27839,8810f45657fffff
27840,8810f4636bfffff
27841,88101b01a5fffff
27842,8810f628a3fffff
27843,8810f08e01fffff
27844,8810f4cb6bfffff
27845,8810f47a97fffff
27846,8810f0d1d3fffff
27847,8810f45959fffff
27848,88101b4545fffff
27849,8810f626c1fffff
27850,8810f68cabfffff
27851,8810f6c131fffff
27852,8810f4d13dfffff
27853,8810f601a3fffff
27854,88101a6d8bfffff
27855,8810a92dd1fffff
27856,8810f51803fffff
27857,8810f470ebfffff
27858,8810f464ddfffff
27859,8810f664d3fffff
27860,8810f295c3fffff
27861,8810a9256dfffff
27862,8810f44db9fffff
27863,8810f0d215fffff
27864,8810f6a1a9fffff
27865,8810f4a4ebfffff
27866,88101b7915fffff
27867,88101b7619fffff
27868,8810f489d3fffff
27869,8810f000b7fffff
27870,8810f69687fffff
27871,8810f5ceb1fffff
27872,8810f0c41bfffff
27873,8810f6a4edfffff
27874,8810f50841fffff
27875,8810f0d727fffff
27876,88101b6a97fffff
27877,8810f696e9fffff
27878,8810f63355fffff
27879,8810f54763fffff
27880,8810f4851bfffff
27881,8810f43a11fffff
27882,8810f44f61fffff
27883,8810f5d9b7fffff
27884,8810a9231bfffff
27885,8810a93ae7fffff
27886,8810f479d1fffff
27887,8810f4d55dfffff
27888,8810f4c169fffff
27889,8810a976bdfffff
27890,8810f0ab4dfffff
27891,8810f5d045fffff
27892,8810f4d5a3fffff
27893,8810f4cc97fffff
27894,8810f63299fffff
27895,8810f4c93bfffff
27896,8810f412a9fffff
27897,8810f0d5c5fffff
27898,8810f41155fffff
27899,8810f6cf57fffff
27900,8810f664ebfffff
27901,8810f554e7fffff
27902,8810f44d37fffff
27903,8810f69439fffff
27904,8810f44c35fffff
27905,8810f512b3fffff
27906,8810f280c1fffff
27907,8810f08069fffff
27908,8810f62ce3fffff
27909,8810f5b84dfffff
27910,8810f6c2e9fffff
27911,8810f6131dfffff
27912,88101b56b3fffff
27913,8810f47143fffff
27914,8810f29761fffff
27915,8810f296bbfffff
27916,8810f44a33fffff
27917,8810f68f01fffff
27918,8810f0d647fffff
27919,8810f6370dfffff
27920,8810f08233fffff
27921,8810f6302dfffff
27922,8810f698d1fffff
27923,8810f66ac5fffff
27924,8810f0892dfffff
27925,8810f0d2cdfffff
27926,8810f08317fffff
27927,8810f0bb39fffff
27928,8810f4b1e7fffff
27929,8810f6b539fffff
27930,8810f410c9fffff
27931,8810f6c211fffff
27932,8810a92141fffff
27933,8810f51885fffff
27934,8810f43819fffff
27935,8810f6aa85fffff
27936,8810f0964dfffff
27937,8810f010edfffff
27938,8810f6373dfffff
27939,8810f60843fffff
27940,8810f6b295fffff
27941,88101b4f2dfffff
27942,8810f048c3fffff
27943,8810f5b9e3fffff
27944,8810f590c9fffff
27945,8810f099c5fffff
27946,8810f5146bfffff
27947,88101b6909fffff
27948,8810f6975bfffff
27949,8810f29563fffff
27950,8810f61ac1fffff
27951,8810a929b3fffff
27952,8810f08895fffff
27953,8810f639abfffff
27954,8810f58ce3fffff
27955,88101b76d9fffff
27956,8810a96499fffff
27957,8810f42c6dfffff
27958,8810f58c9dfffff
27959,88101b4883fffff
27960,8810f4c1dbfffff
27961,8810f516edfffff
27962,8810f4a325fffff
27963,8810f6b70dfffff
27964,8810f624edfffff
27965,8810f40723fffff
27966,8810f422e3fffff
27967,8810f0004bfffff
27968,8810f4cd83fffff
27969,8810f6a20bfffff
27970,8810f67599fffff
27971,8810f434c9fffff
27972,8810a922cbfffff
27973,88101b395bfffff
27974,8810f42d09fffff
27975,8810f5c257fffff
27976,8810f6328dfffff
27977,8810f686c5fffff
27978,8810f42153fffff
27979,8810f408b5fffff
27980,8810f6883bfffff
27981,8810f60581fffff
27982,8810f422d7fffff
27983,8810a93843fffff
27984,8810f68619fffff
27985,8810f4b00dfffff
27986,8810f6a58bfffff
27987,8810f09909fffff
27988,88101b4639fffff
27989,8810f0d845fffff
27990,8810f54617fffff
27991,8810f4daadfffff
27992,8810f66c55fffff
27993,8810f08427fffff
27994,8810f05a21fffff
27995,8810f6808bfffff
27996,8810f471a9fffff
27997,88101b40d1fffff
27998,8810f4848dfffff
27999,88101b7a2dfffff
28000,8810f4ce29fffff
28001,8810f616a5fffff
28002,88101b716dfffff
28003,8810f5d9c1fffff
28004,8810f552d3fffff
28005,8810f635a7fffff
28006,8810f4cc31fffff
28007,8810f4b187fffff
28008,8810a96e09fffff
28009,8810a96083fffff
28010,8810f4c5d9fffff
28011,8810a92495fffff
28012,8810f512ddfffff
28013,8810f284a1fffff
28014,8810f4a19bfffff
28015,8810f0d74bfffff
28016,8810a92db3fffff
28017,8810f28609fffff
28018,88101b48c3fffff
28019,88101b3b61fffff
28020,8810f540c1fffff
28021,8810f0d445fffff
28022,8810f4c145fffff
28023,8810f4cf07fffff
28024,8810f415a3fffff
28025,88101b7597fffff
28026,8810f55289fffff
28027,8810a939d5fffff
28028,8810f286abfffff
28029,8810a90ca1fffff
28030,8810f68e5bfffff
28031,8810f418c1fffff
28032,8810f41459fffff
28033,8810f444a7fffff
28034,8810f691e7fffff
28035,8810f59347fffff
28036,88101b2ce5fffff
28037,8810f58947fffff
28038,8810f4adb3fffff
28039,8810f0b103fffff
28040,8810f418c5fffff
28041,8810f49993fffff
28042,8810f6904bfffff
28043,8810f40ab1fffff
28044,8810f50aadfffff
28045,8810f591adfffff
28046,88101b6e21fffff
28047,8810f69853fffff
28048,8810f581ebfffff
28049,8810f46895fffff
28050,88101b734dfffff
28051,8810f0d921fffff
28052,88101b7203fffff
28053,8810f59711fffff
28054,8810f599e5fffff
28055,8810f41881fffff
28056,88101b0e15fffff
28057,8810f6b097fffff
28058,8810f41599fffff
28059,8810f66c1dfffff
28060,8810f29293fffff
28061,8810f456a5fffff
28062,8810f5c669fffff
28063,8810f508d7fffff
28064,8810f58d0bfffff
28065,8810f5441dfffff
28066,8810f68541fffff
28067,8810f6ba45fffff
28068,8810f6c4cbfffff
28069,8810f46541fffff
28070,8810f6d5d5fffff
28071,8810f44b23fffff
28072,8810f016edfffff
28073,8810f4ca97fffff
28074,8810f5db33fffff
28075,8810f4680bfffff
28076,8810f40109fffff
28077,8810f404e3fffff
28078,8810f68359fffff
28079,8810f5c5d1fffff
28080,8810f6d16dfffff
28081,8810f48de9fffff
28082,8810f6c4bdfffff
28083,8810f48cd7fffff
28084,8810a964e3fffff
28085,8810f436b7fffff
28086,8810f05841fffff
28087,8810f09811fffff
28088,8810f4170dfffff
28089,8810f0c4d1fffff
28090,8810f46d11fffff
28091,8810f60249fffff
28092,8810f0c32dfffff
28093,8810f09629fffff
28094,8810f4283dfffff
28095,8810f0b21bfffff
28096,8810f68b45fffff
28097,8810f591ebfffff
28098,8810a975b1fffff
28099,8810a928e7fffff
28100,8810f0ced3fffff
28101,8810a97581fffff
28102,8810f4b81bfffff
28103,8810f43603fffff
28104,8810f019c3fffff
28105,8810f4c95dfffff
28106,8810f6b229fffff
28107,8810f016a5fffff
28108,8810f05abbfffff
28109,8810f6ac3bfffff
28110,8810f4b34dfffff
28111,88101b4d43fffff
28112,8810f4aac5fffff
28113,88101b0d9bfffff
28114,8810f01a99fffff
28115,8810f68859fffff
28116,8810f55857fffff
28117,8810f0825dfffff
28118,8810a92c19fffff
28119,88101b4449fffff
28120,8810f6b567fffff
28121,8810f684bdfffff
28122,8810f0158dfffff
28123,8810f08635fffff
28124,8810f29429fffff
28125,8810f09ae9fffff
28126,8810f0c837fffff
28127,8810f0554bfffff
28128,8810f4b347fffff
28129,8810f55751fffff
28130,8810f68069fffff
28131,8810f42c13fffff
28132,8810a97539fffff
28133,8810f4a64dfffff
28134,8810f4ba29fffff
28135,8810a90dd3fffff
28136,8810f09805fffff
28137,8810f48c93fffff
28138,8810a96f39fffff
28139,8810f09b27fffff
28140,8810f674d9fffff
28141,8810f5c2cdfffff
28142,8810f699b7fffff
28143,8810f42521fffff
28144,8810f5172dfffff
28145,8810f6ac27fffff
28146,88101b2b29fffff
28147,8810f6acb5fffff
28148,8810f59043fffff
28149,8810f089a9fffff
28150,8810f5d545fffff
28151,8810f6154bfffff
28152,8810f54c45fffff
28153,8810f55a5bfffff
28154,8810f4b94dfffff
28155,8810f2845bfffff
28156,8810f4d45bfffff
28157,8810f6b019fffff
28158,8810f0ca63fffff
28159,8810f58aebfffff
28160,8810a96627fffff
28161,8810f6d61dfffff
28162,88101b0a0dfffff
28163,8810f44c07fffff
28164,8810f6100dfffff
28165,8810f48b4bfffff
28166,8810f61549fffff
28167,8810f6c73bfffff
28168,88101b29a5fffff
28169,8810f4af45fffff
28170,8810f2945bfffff
28171,8810f50f63fffff
28172,8810f40cdbfffff
28173,8810f4cdb3fffff
28174,8810a92887fffff
28175,8810f292a3fffff
28176,8810f41987fffff
28177,8810f6cf6dfffff
28178,8810a975c1fffff
28179,8810f416c1fffff
28180,8810f469c1fffff
28181,88101b74d9fffff
28182,8810f63751fffff
28183,8810f6d707fffff
28184,8810a964c5fffff
28185,8810f5cd27fffff
28186,8810f6086bfffff
28187,8810f63865fffff
28188,8810f44b17fffff
28189,8810f556ebfffff
28190,8810f40635fffff
28191,8810f6cec7fffff
28192,8810f66f55fffff
28193,8810f4b00bfffff
28194,8810f4b2d9fffff
28195,8810f55009fffff
28196,8810f4cf51fffff
28197,8810f29aa7fffff
28198,88101b6423fffff
28199,8810f44db3fffff
28200,8810f46e4dfffff
28201,8810a96e13fffff
28202,8810f4c103fffff
28203,8810f4cc37fffff
28204,8810f28283fffff
28205,8810f46015fffff
28206,8810f41a41fffff
28207,8810f6873dfffff
28208,8810f40655fffff
28209,8810f08201fffff
28210,8810f4b369fffff
28211,8810f41261fffff
28212,8810f014edfffff
28213,8810a96cabfffff
28214,8810f631b3fffff
28215,8810f6bb3bfffff
28216,8810a9348dfffff
28217,8810a92533fffff
28218,8810f01405fffff
28219,8810f48965fffff
28220,8810f4c913fffff
28221,8810a97559fffff
28222,8810f0ba6bfffff
28223,8810f0d665fffff
28224,8810f6a64dfffff
28225,8810f05103fffff
28226,8810f519d1fffff
28227,8810f599a5fffff
28228,8810f01b13fffff
28229,8810f010c9fffff
28230,8810f6831bfffff
28231,8810f55ae5fffff
28232,8810f0893bfffff
28233,8810f5c9b9fffff
28234,8810f44895fffff
28235,8810f4746dfffff
28236,88101b701dfffff
28237,8810f04855fffff
28238,8810f5c367fffff
28239,8810f66189fffff
28240,88101b61ddfffff
28241,8810f0b36bfffff
28242,8810f6d033fffff
28243,8810a96709fffff
28244,8810f5d74dfffff
28245,8810f40625fffff
28246,8810f5d449fffff
28247,8810f4d0edfffff
28248,8810f45067fffff
28249,8810f0c227fffff
28250,8810f4c343fffff
28251,8810f6b8c1fffff
28252,8810f5cadbfffff
28253,8810f4b99dfffff
28254,8810f630c9fffff
28255,8810f50f09fffff
28256,8810f5d633fffff
28257,8810f42343fffff
28258,88101b42bbfffff
28259,8810f01029fffff
28260,8810f6d8c3fffff
28261,8810f54465fffff
28262,8810f582e7fffff
28263,88101b4723fffff
28264,8810f674ebfffff
28265,8810f519dbfffff
28266,8810f5164bfffff
28267,8810f44409fffff
28268,8810f555e5fffff
28269,8810f4342bfffff
28270,8810f45361fffff
28271,8810f47589fffff
28272,8810f49967fffff
28273,8810f095b9fffff
28274,88101b4aa3fffff
28275,8810f0d221fffff
28276,8810f4c635fffff
28277,8810f61b11fffff
28278,8810f479a3fffff
28279,8810f5cc25fffff
28280,8810f09acbfffff
28281,8810f2b155fffff
28282,8810f5cdb7fffff
28283,8810f59307fffff
28284,8810f60e91fffff
28285,8810f51703fffff
28286,8810f44d45fffff
28287,8810f54f35fffff
28288,8810f08105fffff
28289,88101a6c01fffff
28290,8810f29285fffff
28291,8810f4a1edfffff
28292,8810f0cda9fffff
28293,8810f5b847fffff
28294,8810f429bbfffff
28295,8810f69b6dfffff
28296,8810f5d761fffff
28297,8810f28345fffff
28298,8810f51661fffff
28299,8810f415c5fffff
28300,8810a92c39fffff
28301,8810f04865fffff
28302,8810f474ebfffff
28303,8810f450cbfffff
28304,8810f4581dfffff
28305,8810f4ba8bfffff
28306,88101b722dfffff
28307,8810f01735fffff
28308,8810f466e7fffff
28309,8810f5da41fffff
28310,8810f6b525fffff
28311,8810f6ae13fffff
28312,8810f0d2ebfffff
28313,88101b4d29fffff
28314,8810f4d211fffff
28315,8810f08b57fffff
28316,8810f469b1fffff
28317,8810f0cd47fffff
28318,88101b7689fffff
28319,8810a97613fffff
28320,8810f6b067fffff
28321,8810f62e4dfffff
28322,8810f692ddfffff
28323,8810f682a3fffff
28324,8810f6036dfffff
28325,88101b6603fffff
28326,8810f46e87fffff
28327,8810f6aee1fffff
28328,8810f51511fffff
28329,88101b0a2bfffff
28330,88101b61d1fffff
28331,88101b6f39fffff
28332,8810a92b15fffff
28333,8810f6dac1fffff
28334,8810f5521dfffff
28335,8810f58981fffff
28336,8810f46c01fffff
28337,8810f42ccbfffff
28338,8810f5cb17fffff
28339,8810f46ac3fffff
28340,8810f5558dfffff
28341,88101b688bfffff
28342,8810f6c6ebfffff
28343,8810a924b3fffff
28344,8810f09667fffff
28345,8810f096d3fffff
28346,8810f4b555fffff
28347,8810f478c5fffff
28348,8810f0835dfffff
28349,8810f61911fffff
28350,8810f486bbfffff
28351,8810f4c5a5fffff
28352,88101b2c3bfffff
28353,8810f472c5fffff
28354,8810f5081bfffff
28355,8810f0cd37fffff
28356,8810f5d311fffff
28357,8810f46d1bfffff
28358,8810f66187fffff
28359,8810f0d9d9fffff
28360,8810f54615fffff
28361,8810f6d6b5fffff
28362,8810f6876dfffff
28363,8810f6124bfffff
28364,8810f54603fffff
28365,8810a92d03fffff
28366,8810f674c3fffff
28367,8810f40899fffff
28368,8810f489b5fffff
28369,8810f6b2e1fffff
28370,8810f6b091fffff
28371,8810f6c5a9fffff
28372,8810f588a7fffff
28373,88101b19a5fffff
28374,8810a92c0dfffff
28375,88101b6a03fffff
28376,8810f41483fffff
28377,8810f61437fffff
28378,8810f44dcdfffff
28379,8810f6daa9fffff
28380,8810f281d9fffff
28381,8810f4d229fffff
28382,88101b76c5fffff
28383,8810f58569fffff
28384,8810f60859fffff
28385,8810f0cea5fffff
28386,8810f0db29fffff
28387,8810f4d609fffff
28388,8810f62a15fffff
28389,8810f60a97fffff
28390,8810f4db1bfffff
28391,88101b6319fffff
28392,8810f44b53fffff
28393,8810f42269fffff
28394,88101b7287fffff
28395,8810f08d69fffff
28396,8810f45437fffff
28397,8810f62ee7fffff
28398,8810f46f63fffff
28399,8810f612cdfffff
28400,88101b6a83fffff
28401,8810a961c1fffff
28402,8810f691bdfffff
28403,8810f612a9fffff
28404,8810f46869fffff
28405,8810f552b1fffff
28406,8810f4d829fffff
28407,8810f462abfffff
28408,88101b4f37fffff
28409,8810f61565fffff
28410,8810f591e7fffff
28411,8810a92a47fffff
28412,8810f092d1fffff
28413,8810f0b8c5fffff
28414,8810f09743fffff
28415,8810f691a9fffff
28416,8810f45149fffff
28417,8810f29a5bfffff
28418,8810f04341fffff
28419,8810f4b19bfffff
28420,8810f43691fffff
28421,88101a6f15fffff
28422,8810f435a9fffff
28423,8810f471ddfffff
28424,8810f0b253fffff
28425,8810f69a3dfffff
28426,8810f54f4bfffff
28427,8810f4258dfffff
28428,8810f47631fffff
28429,8810f0cde3fffff
28430,8810f41943fffff
28431,8810a92de5fffff
28432,8810f685dbfffff
28433,8810f591b3fffff
28434,8810f4a9b1fffff
28435,8810f29533fffff
28436,8810f0a201fffff
28437,8810f455adfffff
28438,8810f4d215fffff
28439,8810f68c2bfffff
28440,8810f2846bfffff
28441,8810f41959fffff
28442,8810f6bae7fffff
28443,8810f592edfffff
28444,8810f4adebfffff
28445,8810f60109fffff
28446,8810f5c963fffff
28447,8810f6b445fffff
28448,8810f45369fffff
28449,8810f419c7fffff
28450,8810f4a597fffff
28451,8810f0993dfffff
28452,8810f41531fffff
28453,8810a92485fffff
28454,88101b4ab9fffff
28455,8810f296a5fffff
28456,8810a922adfffff
28457,8810f4d5b7fffff
28458,8810f61555fffff
28459,8810f6310bfffff
28460,8810f5144dfffff
28461,8810f011e7fffff
28462,8810f4792dfffff
28463,8810f61681fffff
28464,8810f08591fffff
28465,8810f685bdfffff
28466,88101b4e37fffff
28467,8810f604a3fffff
28468,8810a96de5fffff
28469,8810f41011fffff
28470,8810f6c1c1fffff
28471,8810f0cd31fffff
28472,88101b6459fffff
28473,8810f59a19fffff
28474,8810f6186bfffff
28475,8810f4188dfffff
28476,8810f5ce49fffff
28477,8810f470c3fffff
28478,8810f405e1fffff
28479,8810f0535bfffff
28480,88101b2d55fffff
28481,8810f42e69fffff
28482,8810f5736dfffff
28483,88101b7993fffff
28484,8810f5b919fffff
28485,8810f66403fffff
28486,8810f4ba67fffff
28487,8810f6aae7fffff
28488,88101a6eb3fffff
28489,88101b6201fffff
28490,8810f685c7fffff
28491,8810f5c169fffff
28492,8810a9251bfffff
28493,8810f55195fffff
28494,8810f4d50dfffff
28495,8810f4d1cbfffff
28496,8810f44f51fffff
28497,8810f47003fffff
28498,8810f48cd9fffff
28499,88101b7169fffff
28500,8810a966bdfffff
28501,8810f589b5fffff
28502,88101b4f57fffff
28503,8810f69143fffff
28504,8810f63763fffff
28505,8810f62183fffff
28506,8810f69847fffff
28507,8810f6d167fffff
28508,8810f47a0dfffff
28509,8810f446d7fffff
28510,8810f0d403fffff
28511,8810f69047fffff
28512,8810f43229fffff
28513,8810a93ab7fffff
28514,8810f66e3bfffff
28515,8810f540d3fffff
28516,8810f431c9fffff
28517,8810f45447fffff
28518,8810f0511dfffff
28519,8810f5898bfffff
28520,8810f41347fffff
28521,8810f599c7fffff
28522,8810f4b507fffff
28523,8810f4123dfffff
28524,88101b6d23fffff
28525,8810f41109fffff
28526,8810f50a37fffff
28527,8810f689d1fffff
28528,8810f6a4e5fffff
28529,8810f01545fffff
28530,8810f5ca69fffff
28531,8810f0bb49fffff
28532,8810f40e07fffff
28533,8810f0c2adfffff
28534,8810a92acdfffff
28535,8810f6cf25fffff
28536,8810f6c729fffff
28537,8810f42e97fffff
28538,8810f45017fffff
28539,8810f5d465fffff
28540,8810f0c0b7fffff
28541,8810f5ce2dfffff
28542,8810f6aae5fffff
28543,8810f4c857fffff
28544,8810f45b4dfffff
28545,8810f0d19dfffff
28546,8810f68b51fffff
28547,8810f6b6d7fffff
28548,8810f09903fffff
28549,88101b72b1fffff
28550,88101b6241fffff
28551,8810f40e99fffff
28552,8810f43433fffff
28553,8810f0c311fffff
28554,8810f0d1adfffff
28555,8810f4c1adfffff
28556,8810f45adbfffff
28557,88101b675dfffff
28558,8810f446ebfffff
28559,8810a926adfffff
28560,88101b7911fffff
28561,8810f5d149fffff
28562,8810f59203fffff
28563,8810f01b4bfffff
28564,88101b0e8dfffff
28565,8810f626e7fffff
28566,8810f44c57fffff
28567,8810f684d3fffff
28568,8810f69881fffff
28569,8810f5cdc9fffff
28570,8810f50141fffff
28571,8810f665c3fffff
28572,8810f51287fffff
28573,8810f409b3fffff
28574,8810f5c9cbfffff
28575,8810f6b5b5fffff
28576,8810f55a05fffff
28577,8810f4a569fffff
28578,8810f418c3fffff
28579,8810f47597fffff
28580,8810f0808dfffff
28581,8810f6add1fffff
28582,8810a93b33fffff
28583,8810f5c111fffff
28584,8810aba6adfffff
28585,8810f68c51fffff
28586,8810f4152bfffff
28587,8810f62c8dfffff
28588,8810f4af19fffff
28589,8810a925ebfffff
28590,8810f5cd05fffff
28591,8810f428b7fffff
28592,8810f55519fffff
28593,88101a651dfffff
28594,88101b7235fffff
28595,8810f448a7fffff
28596,8810f409d7fffff
28597,8810f666a9fffff
28598,8810f4ce63fffff
28599,8810f086c1fffff
28600,88101a6517fffff
28601,8810f6c54dfffff
28602,8810f29b3dfffff
28603,8810f46593fffff
28604,8810f43419fffff
28605,8810f4af2bfffff
28606,8810f5819bfffff
28607,8810f55965fffff
28608,8810f4b621fffff
28609,8810aba4cbfffff
28610,8810f6c061fffff
28611,8810f42e2bfffff
28612,8810f01261fffff
28613,8810f44d29fffff
28614,8810a965bdfffff
28615,88101b6c43fffff
28616,88101b4ce1fffff
28617,8810f6c197fffff
28618,8810f6a6e9fffff
28619,8810f4ca95fffff
28620,8810f59b63fffff
28621,8810f05907fffff
28622,8810f54a17fffff
28623,8810f6b859fffff
28624,8810f46697fffff
28625,8810f4aea3fffff
28626,8810f5db0bfffff
28627,8810f458a9fffff
28628,8810f4c00dfffff
28629,8810f69625fffff
28630,8810f411d9fffff
28631,8810f01139fffff
28632,8810a93b11fffff
28633,8810f54213fffff
28634,8810f4ce61fffff
28635,88101b7067fffff
28636,8810f0b8a7fffff
28637,8810f49807fffff
28638,8810f441b3fffff
28639,8810f0c889fffff
28640,8810f46ee9fffff
28641,8810f4711dfffff
28642,8810f6b4e3fffff
28643,8810f620d7fffff
28644,8810f44943fffff
28645,88101b295bfffff
28646,8810f08655fffff
28647,88101a6c63fffff
28648,8810f4ba5dfffff
28649,8810a966d1fffff
28650,88101b6111fffff
28651,8810f44067fffff
28652,8810f090c7fffff
28653,8810f4c5bbfffff
28654,8810f66127fffff
28655,88101b6d27fffff
28656,8810f58d65fffff
28657,8810f0969bfffff
28658,8810a9751bfffff
28659,8810f41101fffff
28660,88101b6e31fffff
28661,8810f4433bfffff
28662,8810f6c8c5fffff
28663,8810a925cdfffff
28664,8810f469ebfffff
28665,8810f4a369fffff
28666,8810a96513fffff
28667,8810f6b945fffff
28668,88101b4641fffff
28669,8810f6a823fffff
28670,8810f04967fffff
28671,88101b3913fffff
28672,8810f5c80bfffff
28673,8810f60355fffff
28674,8810f6da93fffff
28675,8810f545a5fffff
28676,8810f4a30dfffff
28677,8810f5734bfffff
28678,8810f2b209fffff
28679,88101b0929fffff
28680,8810f484e9fffff
28681,88101b6f67fffff
28682,8810f4c645fffff
28683,8810f40adbfffff
28684,8810f0c21dfffff
28685,8810f698a5fffff
28686,8810f48169fffff
28687,8810f5bb2bfffff
28688,8810f09753fffff
28689,8810f4b205fffff
28690,8810f44c41fffff
28691,8810f084d3fffff
28692,8810f01015fffff
28693,8810f6a137fffff
28694,8810f48db1fffff
28695,88101b475bfffff
28696,8810f60481fffff
28697,8810f6d1bbfffff
28698,88101b0c1dfffff
28699,8810f66c3bfffff
28700,8810f41abdfffff
28701,8810aba467fffff
28702,8810f0c8ebfffff
28703,8810f43047fffff
28704,8810f4b581fffff
28705,8810f5b927fffff
28706,8810a924c1fffff
28707,8810a960d1fffff
28708,8810f0c229fffff
28709,8810a93959fffff
28710,8810f6a317fffff
28711,8810f41585fffff
28712,8810f47363fffff
28713,8810f5d31bfffff
28714,8810a92cbbfffff
28715,8810f4cda7fffff
28716,8810f632e1fffff
28717,8810f4514bfffff
28718,8810f015a5fffff
28719,8810f091dbfffff
28720,8810f59a01fffff
28721,8810f59155fffff
28722,8810f54a59fffff
28723,8810f58e0dfffff
28724,8810f59a81fffff
28725,8810f6164dfffff
28726,8810f68523fffff
28727,8810f2965bfffff
28728,8810f0b007fffff
28729,8810f084a9fffff
28730,8810f0163bfffff
28731,8810f42565fffff
28732,8810f54b63fffff
28733,88101b2c21fffff
28734,88101a65a3fffff
28735,8810f486d3fffff
28736,8810f01989fffff
28737,8810f0d1c5fffff
28738,88101b4dcdfffff
28739,8810f478ddfffff
28740,8810a92e9dfffff
28741,8810f676a5fffff
28742,8810f699e7fffff
28743,8810f44cc1fffff
28744,8810f5c4a9fffff
28745,8810f48937fffff
28746,8810f5c98dfffff
28747,8810f44e6bfffff
28748,8810f0d815fffff
28749,8810f4c029fffff
28750,8810f08d21fffff
28751,8810f4b353fffff
28752,8810aba4cdfffff
28753,8810f40c83fffff
28754,8810f08d31fffff
28755,88101b4e1bfffff
28756,8810f6c543fffff
28757,8810f59229fffff
28758,8810f4a6b5fffff
28759,8810f44c69fffff
28760,8810f4b60dfffff
28761,8810f6b25bfffff
28762,8810f631e5fffff
28763,8810f4158bfffff
28764,8810f5d549fffff
28765,8810f68c95fffff
28766,8810f42f63fffff
28767,8810f6a089fffff
28768,88101b6407fffff
28769,8810f002b9fffff
28770,88101b0963fffff
28771,8810f01297fffff
28772,8810f68717fffff
28773,8810f434bdfffff
28774,8810f51859fffff
28775,8810f4d287fffff
28776,8810f0c25bfffff
28777,8810f4536dfffff
28778,8810f5199dfffff
28779,88101b41bdfffff
28780,8810f45b31fffff
28781,8810f416a7fffff
28782,8810f624c5fffff
28783,8810f4da3dfffff
28784,8810f6a4a3fffff
28785,8810f0d36bfffff
28786,8810f634c9fffff
28787,8810f28a39fffff
28788,8810f6b05dfffff
28789,8810f4292dfffff
28790,88101b4523fffff
28791,8810f5d6d1fffff
28792,8810f58e33fffff
28793,8810f43569fffff
28794,8810a962b7fffff
28795,8810f450b7fffff
28796,88101b615dfffff
28797,8810a96f25fffff
28798,8810f5d815fffff
28799,8810f402d5fffff
28800,8810f5571dfffff
28801,8810f05269fffff
28802,8810a92e51fffff
28803,8810a96cb5fffff
28804,8810f61239fffff
28805,8810f056d9fffff
28806,8810f48dbbfffff
28807,8810f08d5dfffff
28808,8810f6c6cbfffff
28809,8810f5daa7fffff
28810,88101b68abfffff
28811,8810f4ce39fffff
28812,8810f43009fffff
28813,8810f4c033fffff
28814,8810f40249fffff
28815,8810f0c447fffff
28816,8810f4a215fffff
28817,88101b0c51fffff
28818,8810f08aebfffff
28819,8810a96a5bfffff
28820,8810f460dbfffff
28821,8810f4cf67fffff
28822,8810f4d1e7fffff
28823,8810a92105fffff
28824,8810f4c539fffff
28825,8810f48407fffff
28826,8810f664c7fffff
28827,8810f0488bfffff
28828,8810f489c9fffff
28829,8810f46227fffff
28830,8810f61adbfffff
28831,8810f43403fffff
28832,8810f6af69fffff
28833,8810f05207fffff
28834,8810f69a41fffff
28835,8810f44155fffff
28836,8810f5d6d7fffff
28837,8810f4253dfffff
28838,8810f4b85bfffff
28839,8810f6d329fffff
28840,88101a6e39fffff
28841,8810f44329fffff
28842,8810f5d837fffff
28843,8810f4bb05fffff
28844,8810f42f4bfffff
28845,8810f5cb39fffff
28846,8810a964b3fffff
28847,8810f292abfffff
28848,8810f088dbfffff
28849,8810f50b45fffff
28850,8810f0d61bfffff
28851,8810f6a1a3fffff
28852,8810f0c4c3fffff
28853,8810f0d189fffff
28854,8810f094c7fffff
28855,8810f401b3fffff
28856,8810f058b3fffff
28857,88101b698bfffff
28858,8810f5d931fffff
28859,8810f011d1fffff
28860,8810f4a44bfffff
28861,8810f632a9fffff
28862,8810f63b3dfffff
28863,8810f4265dfffff
28864,8810f6a537fffff
28865,8810f09b1bfffff
28866,8810f405c1fffff
28867,8810f42dc3fffff
28868,8810f62b41fffff
28869,8810f0d9d5fffff
28870,88101b70b7fffff
28871,8810f6c597fffff
28872,8810f01143fffff
28873,8810f0b357fffff
28874,8810f5c2c1fffff
28875,8810f6da9dfffff
28876,8810f6b599fffff
28877,8810f40525fffff
28878,8810f4b1b7fffff
28879,8810f5476dfffff
28880,8810f5098dfffff
28881,8810f081d9fffff
28882,88101b6127fffff
28883,8810f4b999fffff
28884,8810f048c5fffff
28885,8810aba4e9fffff
28886,8810f4b82dfffff
28887,8810f40f43fffff
28888,8810f58805fffff
28889,8810f424a9fffff
28890,8810f55963fffff
28891,8810f6a8d3fffff
28892,8810f6d6c1fffff
28893,8810f42eb9fffff
28894,8810f4c2d9fffff
28895,8810f4a1a3fffff
28896,8810f4d269fffff
28897,8810f69659fffff
28898,8810f42851fffff
28899,8810f0491dfffff
28900,8810f5501dfffff
28901,8810f0510dfffff
28902,8810f51201fffff
28903,8810f684d1fffff
28904,8810f441e7fffff
28905,8810f4aaedfffff
28906,8810f04059fffff
28907,8810a965d7fffff
28908,8810f6844bfffff
28909,8810f05acdfffff
28910,8810f0515bfffff
28911,8810f50b1dfffff
28912,8810f581cbfffff
28913,8810f47b59fffff
28914,88101a6e93fffff
28915,8810f46959fffff
28916,8810f4c2c5fffff
28917,8810f61a35fffff
28918,8810f29055fffff
28919,8810f5464bfffff
28920,88101b0b6bfffff
28921,8810f59603fffff
28922,8810f58813fffff
28923,8810f58a27fffff
28924,8810f410edfffff
28925,8810f58f59fffff
28926,8810f50111fffff
28927,8810f54b59fffff
28928,8810f61b35fffff
28929,8810f4d73dfffff
28930,8810f28ae9fffff
28931,8810f46255fffff
28932,8810f090c5fffff
28933,8810f084e1fffff
28934,8810f0d523fffff
28935,8810f5d11dfffff
28936,8810f051b1fffff
28937,8810f51849fffff
28938,8810f6b311fffff
28939,8810f621c3fffff
28940,8810f6299bfffff
28941,8810f46b6bfffff
28942,8810f40585fffff
28943,8810f51285fffff
28944,88101b0d2bfffff
28945,8810f4172bfffff
28946,8810f48893fffff
28947,8810a93ae9fffff
28948,8810f090c1fffff
28949,88101b6d81fffff
28950,8810f4c265fffff
28951,8810f4c29bfffff
28952,8810f6cf59fffff
28953,8810f4c42dfffff
28954,8810f610c9fffff
28955,88101b64c9fffff
28956,8810f6224dfffff
28957,8810f4d911fffff
28958,8810f050e3fffff
28959,8810f44343fffff
28960,8810f4c903fffff
28961,88101b76d1fffff
28962,8810f438d3fffff
28963,8810f6133bfffff
28964,8810a96f63fffff
28965,8810a92d95fffff
28966,8810f402d9fffff
28967,8810f0c2cbfffff
28968,88101b3b41fffff
28969,8810f45155fffff
28970,8810f0da97fffff
28971,8810a9683bfffff
28972,8810f6ba91fffff
28973,8810f0105dfffff
28974,8810f58dbbfffff
28975,8810f282dbfffff
28976,8810f51b31fffff
28977,8810f4b437fffff
28978,8810f511d5fffff
28979,8810f0931dfffff
28980,8810f69409fffff
28981,8810f4481bfffff
28982,8810f28169fffff
28983,8810f50289fffff
28984,8810a90db5fffff
28985,8810f6b645fffff
28986,8810f4ce4bfffff
28987,8810f68501fffff
28988,8810f5db23fffff
28989,8810f44701fffff
28990,8810f6101bfffff
28991,8810f69085fffff
28992,88101b0b4dfffff
28993,8810f4c313fffff
28994,8810f50309fffff
28995,8810f61a3dfffff
28996,8810f601a1fffff
28997,8810f59b27fffff
28998,8810f61215fffff
28999,8810f4ca25fffff
29000,8810f62d8dfffff
29001,8810f5408bfffff
29002,8810f54589fffff
29003,8810f58ebdfffff
29004,8810f68201fffff
29005,8810f6c66dfffff
29006,8810a92b51fffff
29007,8810f5c1e3fffff
29008,8810a96f5dfffff
29009,8810f4695bfffff
29010,8810f5c449fffff
29011,8810a92699fffff
29012,8810f46153fffff
29013,8810f0c857fffff
29014,88101b4c43fffff
29015,8810f6d895fffff
29016,8810f68d21fffff
29017,8810f5c283fffff
29018,8810f436abfffff
29019,8810a965b1fffff
29020,8810f6140dfffff
29021,8810f5823dfffff
29022,88101b7855fffff
29023,8810aba62dfffff
29024,8810f4b2bdfffff
29025,8810f68a2dfffff
29026,8810f29711fffff
29027,8810f09b6bfffff
29028,8810f0b8e9fffff
29029,8810f5c56bfffff
29030,8810f085c7fffff
29031,8810f47955fffff
29032,88101b3b5dfffff
29033,8810f40851fffff
29034,8810a920c1fffff
29035,8810f04b63fffff
29036,88101b40dbfffff
29037,8810f5c329fffff
29038,8810f6192bfffff
29039,8810f5cf11fffff
29040,8810f0b189fffff
29041,8810f54829fffff
29042,8810f2942dfffff
29043,8810f4aae1fffff
29044,8810f6a415fffff
29045,8810f62d5bfffff
29046,8810f6a253fffff
29047,8810f41325fffff
29048,8810f5db39fffff
29049,8810f59115fffff
29050,8810f5026bfffff
29051,8810f66ee9fffff
29052,8810f5c8abfffff
29053,8810f09761fffff
29054,8810f4b495fffff
29055,8810f5b951fffff
29056,8810f46e8dfffff
29057,8810f68309fffff
29058,8810f28199fffff
29059,8810f099e1fffff
29060,8810f555edfffff
29061,8810a926b1fffff
29062,8810f090a7fffff
29063,8810f000edfffff
29064,8810f5ceabfffff
29065,8810f6650bfffff
29066,8810f50151fffff
29067,8810a974a5fffff
29068,8810f445c3fffff
29069,8810f4d707fffff
29070,8810f48d03fffff
29071,8810a96651fffff
29072,8810f58e57fffff
29073,8810f6c2c7fffff
29074,8810f4d8cbfffff
29075,8810f420dbfffff
29076,8810f09a11fffff
29077,8810f4269dfffff
29078,8810a975bbfffff
29079,8810f458a3fffff
29080,8810f6aac5fffff
29081,8810f284ebfffff
29082,8810f0d683fffff
29083,8810f598edfffff
29084,8810f58b43fffff
29085,88101b74bbfffff
29086,88101b7303fffff
29087,8810aba4bdfffff
29088,8810f43a91fffff
29089,8810f51181fffff
29090,88101b65c7fffff
29091,8810f40567fffff
29092,8810f6b839fffff
29093,8810f40aedfffff
29094,8810f62d0dfffff
29095,8810f4a2a9fffff
29096,8810f01657fffff
29097,8810f401b1fffff
29098,8810f5d645fffff
29099,8810f47a47fffff
29100,8810f40721fffff
29101,8810f05921fffff
29102,8810f58093fffff
29103,8810f68e21fffff
29104,8810f40125fffff
29105,8810f4b69bfffff
29106,8810f019d5fffff
29107,8810f4ae11fffff
29108,8810f54807fffff
29109,88101b01c9fffff
29110,8810f442d9fffff
29111,8810f49849fffff
29112,8810f0db43fffff
29113,8810aba68dfffff
29114,8810f4c6a3fffff
29115,8810f09815fffff
29116,8810f4c137fffff
29117,8810f4a42dfffff
29118,88101b4a95fffff
29119,8810f69961fffff
29120,8810f43417fffff
29121,8810f4a921fffff
29122,8810f510d7fffff
29123,8810f0d6adfffff
29124,8810f5488bfffff
29125,8810f4b699fffff
29126,8810f0ced5fffff
29127,8810f43aa9fffff
29128,8810f6881dfffff
29129,8810f550d1fffff
29130,8810f55489fffff
29131,8810f6358bfffff
29132,8810f4ad15fffff
29133,8810f0c113fffff
29134,8810f4d231fffff
29135,8810f091b5fffff
29136,8810f01291fffff
29137,8810a92d99fffff
29138,8810f4425bfffff
29139,8810f51107fffff
29140,8810f585d3fffff
29141,8810f44501fffff
29142,8810f44657fffff
29143,8810f48135fffff
29144,8810f08285fffff
29145,8810f01581fffff
29146,8810f42849fffff
29147,8810f59707fffff
29148,8810f542a7fffff
29149,8810f6141dfffff
29150,8810f636c5fffff
29151,8810f458b5fffff
29152,8810aba44dfffff
29153,8810f59051fffff
29154,8810f0c497fffff
29155,8810f6a1b7fffff
29156,8810f6c4c5fffff
29157,8810f60829fffff
29158,8810f69b65fffff
29159,8810f44553fffff
29160,8810f6ab1dfffff
29161,8810f6214dfffff
29162,8810f58c57fffff
29163,8810f6201bfffff
29164,8810f69003fffff
29165,8810f40c05fffff
29166,8810f620ebfffff
29167,8810f55031fffff
29168,8810f4148bfffff
29169,8810f589bdfffff
29170,8810f0ccdbfffff
29171,88101b0eadfffff
29172,8810f0b167fffff
29173,8810f58847fffff
29174,8810f5c907fffff
29175,8810f5cf4dfffff
29176,8810f69155fffff
29177,8810f45423fffff
29178,8810f48b6bfffff
29179,8810f661e5fffff
29180,8810f6b48dfffff
29181,88101b00c5fffff
29182,8810f0c29dfffff
29183,8810f6974dfffff
29184,8810f41967fffff
29185,8810f002d1fffff
29186,8810f59913fffff
29187,8810f448bbfffff
29188,88101a6d1bfffff
29189,8810f04989fffff
29190,8810f54729fffff
29191,8810f61ad7fffff
29192,8810f05187fffff
29193,88101b0eb3fffff
29194,8810f00325fffff
29195,88101b7317fffff
29196,8810f59135fffff
29197,8810f0c425fffff
29198,8810f0c8b3fffff
29199,8810f592bdfffff
29200,8810f630b3fffff
29201,8810f664e3fffff
29202,8810f46f19fffff
29203,8810f6a40dfffff
29204,8810f4509bfffff
29205,8810f44465fffff
29206,8810f094b1fffff
29207,8810f63833fffff
29208,8810f5933dfffff
29209,8810f41ac7fffff
29210,8810f512d1fffff
29211,8810f6318bfffff
29212,8810f46657fffff
29213,8810f0bad5fffff
29214,8810f6d581fffff
29215,8810f62f35fffff
29216,8810f4bb5dfffff
29217,8810f46847fffff
29218,8810f40705fffff
29219,88101b6907fffff
29220,8810f582e1fffff
29221,88101b710dfffff
29222,88101b7937fffff
29223,8810f4a943fffff
29224,8810a93a85fffff
29225,88101b4dc3fffff
29226,8810f6805bfffff
29227,8810f09703fffff
29228,8810f410a5fffff
29229,8810f0d949fffff
29230,8810a92f2bfffff
29231,8810f04ad5fffff
29232,88101b2d8bfffff
29233,8810a92285fffff
29234,8810f45203fffff
29235,8810f62363fffff
29236,8810f464dbfffff
29237,8810f45751fffff
29238,8810a96f05fffff
29239,8810f5d10bfffff
29240,8810f28717fffff
29241,8810f6865dfffff
29242,8810f442b7fffff
29243,8810a93a1dfffff
29244,8810f50ae3fffff
29245,8810f432d9fffff
29246,88101b69e3fffff
29247,8810aba549fffff
29248,8810f585adfffff
29249,8810f4c569fffff
29250,8810f45735fffff
29251,8810f55b23fffff
29252,8810f5b921fffff
29253,88101b08bbfffff
29254,8810f61613fffff
29255,8810f6c8d9fffff
29256,8810a92ab7fffff
29257,88101b4531fffff
29258,8810aba463fffff
29259,8810a96d0bfffff
29260,8810f62023fffff
29261,8810f44aa5fffff
29262,88101a6557fffff
29263,8810f08c87fffff
29264,8810f6b063fffff
29265,8810f40cb5fffff
29266,8810f6a131fffff
29267,8810f08649fffff
29268,8810f6c4ddfffff
29269,8810f420e9fffff
29270,8810f6d4e7fffff
29271,8810f48503fffff
29272,8810f01551fffff
29273,8810f6d491fffff
29274,8810f46f3dfffff
29275,8810f441edfffff
29276,8810f5d2d3fffff
29277,8810f4d605fffff
29278,8810f62e13fffff
29279,88101b6645fffff
29280,8810f0cc5bfffff
29281,8810f2981bfffff
29282,8810f08c93fffff
29283,8810f41137fffff
29284,8810f5424dfffff
29285,8810f51759fffff
29286,8810f58e87fffff
29287,8810f54315fffff
29288,8810f0d9d3fffff
29289,8810f424dbfffff
29290,8810f6a42dfffff
29291,8810f4d401fffff
29292,8810f48697fffff
29293,88101b7b53fffff
29294,8810f6160bfffff
29295,8810f6666dfffff
29296,88101a6ed9fffff
29297,8810f4aea1fffff
29298,8810f4a623fffff
29299,8810f5da49fffff
29300,8810f68d63fffff
29301,8810a96289fffff
29302,8810f556b1fffff
29303,8810f61ac3fffff
29304,8810f43693fffff
29305,8810f45b67fffff
29306,8810f68425fffff
29307,8810f000e7fffff
29308,8810f6880bfffff
29309,88101b640dfffff
29310,8810f63333fffff
29311,8810f4c341fffff
29312,8810f5158dfffff
29313,8810f5480dfffff
29314,8810f4c25dfffff
29315,8810f29037fffff
29316,8810f6cf21fffff
29317,8810f05005fffff
29318,8810a9649bfffff
29319,8810f61693fffff
29320,8810f63b17fffff
29321,8810f0c151fffff
29322,8810f6a50dfffff
29323,8810f4c535fffff
29324,8810f290d9fffff
29325,8810f4af21fffff
29326,8810f46c5dfffff
29327,8810f2b337fffff
29328,8810f451d7fffff
29329,88101a6d01fffff
29330,8810f0ba57fffff
29331,8810f016d1fffff
29332,8810f47545fffff
29333,8810f42f35fffff
29334,8810f4b149fffff
29335,8810f01155fffff
29336,8810f69523fffff
29337,88101b6c65fffff
29338,8810f68f05fffff
29339,8810a96201fffff
29340,8810f51729fffff
29341,8810f4d301fffff
29342,8810f68ed3fffff
29343,8810f69957fffff
29344,8810f58c49fffff
29345,8810f6943dfffff
29346,8810a92b47fffff
29347,8810f62a9dfffff
29348,8810f434a5fffff
29349,8810f6d4b1fffff
29350,8810f01617fffff
29351,8810a92b41fffff
29352,8810f402ebfffff
29353,8810f44f03fffff
29354,8810f08763fffff
29355,8810f4cec3fffff
29356,8810f09343fffff
29357,8810f08553fffff
29358,8810f6a4b3fffff
29359,8810f42d29fffff
29360,8810f5d9d7fffff
29361,8810f4ab5bfffff
29362,8810f6206bfffff
29363,8810f6af05fffff
29364,8810f6919dfffff
29365,8810f01089fffff
29366,8810f6b9c3fffff
29367,8810f0ce2bfffff
29368,8810f4b281fffff
29369,8810f409a9fffff
29370,88101b6611fffff
29371,8810f0bacdfffff
29372,8810f580e3fffff
29373,8810aba601fffff
29374,8810f08885fffff
29375,8810f58da9fffff
29376,8810f49833fffff
29377,88101b01c3fffff
29378,8810f088e9fffff
29379,8810f5b93dfffff
29380,8810f43543fffff
29381,8810f4391dfffff
29382,8810f66c41fffff
29383,8810f6018bfffff
29384,8810f09163fffff
29385,8810f4051bfffff
29386,8810f0d199fffff
29387,8810f40ac7fffff
29388,88101b2da5fffff
29389,8810f42259fffff
29390,8810f4a291fffff
29391,8810f00707fffff
29392,8810f47237fffff
29393,8810f47989fffff
29394,8810f05ae3fffff
29395,8810f42159fffff
29396,8810f0106bfffff
29397,8810f611b1fffff
29398,8810f44721fffff
29399,8810f58d57fffff
29400,8810f509e1fffff
29401,8810a96f45fffff
29402,8810f6a16bfffff
29403,8810f09017fffff
29404,88101b723bfffff
29405,8810f6b107fffff
29406,88101b2b47fffff
29407,8810f61633fffff
29408,8810f6ab07fffff
29409,8810f089e1fffff
29410,8810f63497fffff
29411,8810f09809fffff
29412,88101b6edbfffff
29413,8810f68e43fffff
29414,8810f46023fffff
29415,8810f4195dfffff
29416,8810f61983fffff
29417,8810f4d409fffff
29418,8810f479c9fffff
29419,8810f40681fffff
29420,88101b6c63fffff
29421,88101b0d07fffff
29422,8810f685d7fffff
29423,8810f4495dfffff
29424,88101a6cadfffff
29425,8810f5d301fffff
29426,8810f402adfffff
29427,8810f5001dfffff
29428,8810f4c8bbfffff
29429,88101b459bfffff
29430,8810f05503fffff
29431,8810f4d907fffff
29432,8810f4761bfffff
29433,8810f60b4dfffff
29434,8810f0cc33fffff
29435,8810f47561fffff
29436,8810f66a95fffff
29437,8810f29087fffff
29438,8810f42c0dfffff
29439,8810f4c8a1fffff
29440,8810f431c5fffff
29441,8810f0c11dfffff
29442,8810f42331fffff
29443,8810f0ca69fffff
29444,88101b6f15fffff
29445,8810f0c8bbfffff
29446,8810f6c001fffff
29447,8810f04a9bfffff
29448,8810f55733fffff
29449,8810f09103fffff
29450,8810f551c3fffff
29451,8810f59021fffff
29452,88101b692dfffff
29453,8810f46d15fffff
29454,8810f4a061fffff
29455,8810f452ddfffff
29456,8810f50a4dfffff
29457,88101b3b09fffff
29458,88101b45ebfffff
29459,8810f55a1dfffff
29460,8810f68419fffff
29461,8810f291d9fffff
29462,8810f435dbfffff
29463,88101b44cbfffff
29464,88101b0c69fffff
29465,8810f46057fffff
29466,8810f0134bfffff
29467,8810f5d583fffff
29468,8810f6b5bdfffff
29469,8810f282c1fffff
29470,8810a96857fffff
29471,8810f6c445fffff
29472,8810f62f2bfffff
29473,8810f40691fffff
29474,88101b1893fffff
29475,88101b79b9fffff
29476,8810f09a45fffff
29477,8810f4d403fffff
29478,8810f014e5fffff
29479,8810a976b9fffff
29480,8810f01821fffff
29481,8810a96dddfffff
29482,88101a6ce7fffff
29483,8810f4a815fffff
29484,8810f67653fffff
29485,8810a97413fffff
29486,8810f44853fffff
29487,8810f01ae3fffff
29488,8810f29a13fffff
29489,8810f465a9fffff
29490,8810f69647fffff
29491,8810f46115fffff
29492,8810f43359fffff
29493,8810f09445fffff
29494,8810f0ab29fffff
29495,8810f6a6d7fffff
29496,8810f6b4cbfffff
29497,8810f5c4c3fffff
29498,8810f62e83fffff
29499,8810f0db33fffff
29500,8810f05941fffff
29501,8810f42359fffff
29502,8810f41241fffff
29503,8810f60591fffff
29504,8810f58ea1fffff
29505,8810f5c027fffff
29506,8810f444e3fffff
29507,8810f61707fffff
29508,8810f0c30dfffff
29509,8810f5c101fffff
29510,8810f0da03fffff
29511,88101b6729fffff
29512,8810a92ebdfffff
29513,8810f459bdfffff
29514,8810f42093fffff
29515,8810f04a49fffff
29516,8810f6126dfffff
29517,8810f62817fffff
29518,88101b0a87fffff
29519,8810f54b61fffff
29520,8810f551d3fffff
29521,8810f46ec7fffff
29522,8810f5003dfffff
29523,8810f51521fffff
29524,8810f696b7fffff
29525,8810a9a495fffff
29526,8810f5da87fffff
29527,8810f4c435fffff
29528,8810f489dbfffff
29529,8810f66143fffff
29530,8810f58549fffff
29531,8810f5c75bfffff
29532,88101b7485fffff
29533,8810f42087fffff
29534,8810f5ce31fffff
29535,8810f0d46bfffff
29536,8810f40c65fffff
29537,8810f48949fffff
29538,8810f62e5dfffff
29539,8810f621e1fffff
29540,8810f4b765fffff
29541,8810f63147fffff
29542,8810f0581bfffff
29543,8810a93b01fffff
29544,8810f4bb37fffff
29545,8810f6b6b7fffff
29546,8810f0b14dfffff
29547,8810f540c3fffff
29548,8810a96607fffff
29549,8810f468a5fffff
29550,8810f66439fffff
29551,8810f0c341fffff
29552,8810a926a7fffff
29553,8810f4c5cbfffff
29554,8810f4aacdfffff
29555,8810f6c0d3fffff
29556,88101b7539fffff
29557,88101b0a15fffff
29558,8810f08b17fffff
29559,8810f41815fffff
29560,8810f54709fffff
29561,88101b080bfffff
29562,8810f0d2e5fffff
29563,8810f4a43dfffff
29564,8810f50995fffff
29565,8810a92921fffff
29566,8810f4c0a9fffff
29567,8810f61487fffff
29568,8810f42323fffff
29569,88101b0de3fffff
29570,8810f4306bfffff
29571,8810f5c4edfffff
29572,8810f09801fffff
29573,8810f08115fffff
29574,8810f294a7fffff
29575,8810f44021fffff
29576,8810f2b247fffff
29577,8810f0cc91fffff
29578,8810f42549fffff
29579,8810f6331dfffff
29580,8810a92a2bfffff
29581,8810f04b25fffff
29582,8810f48a21fffff
29583,8810f58d83fffff
29584,8810f680d5fffff
29585,8810f54559fffff
29586,8810f43333fffff
29587,8810f54813fffff
29588,8810f4cb29fffff
29589,8810f499a1fffff
29590,8810f6c4e7fffff
29591,8810f5d59dfffff
29592,8810f695a7fffff
29593,88101b4f0bfffff
29594,88101b00d9fffff
29595,8810f08da7fffff
29596,8810f402a9fffff
29597,8810f44de5fffff
29598,8810f55831fffff
29599,8810f556e1fffff
29600,8810f6a721fffff
29601,8810f28607fffff
29602,8810f0164bfffff
29603,8810f6c5b7fffff
29604,8810f68d07fffff
29605,8810f6d1a9fffff
29606,8810f62221fffff
29607,8810f5013dfffff
29608,8810f0d861fffff
29609,8810f48c03fffff
29610,8810f0524bfffff
29611,8810f6ad51fffff
29612,8810f512ebfffff
29613,8810f0424dfffff
29614,8810a96037fffff
29615,8810f282d5fffff
29616,88101b42abfffff
29617,8810f54c53fffff
29618,8810f40d13fffff
29619,8810f44699fffff
29620,8810f51637fffff
29621,8810f5c869fffff
29622,8810f666b5fffff
29623,8810f28155fffff
29624,8810f5ce23fffff
29625,88101b3b6bfffff
29626,8810f50a47fffff
29627,8810f01847fffff
29628,8810f415d9fffff
29629,88101b4f43fffff
29630,8810f0963dfffff
29631,8810f09231fffff
29632,8810f5d2a5fffff
29633,8810f40f5bfffff
29634,8810f4dab9fffff
29635,8810f5d209fffff
29636,8810f62169fffff
29637,8810f43803fffff
29638,8810f4120dfffff
29639,8810f62debfffff
29640,8810f01127fffff
29641,8810f58345fffff
29642,8810f0d547fffff
29643,8810f60245fffff
29644,8810f44345fffff
29645,8810f08245fffff
29646,8810f4ce6dfffff
29647,8810f66c69fffff
29648,8810f432ebfffff
29649,8810f41939fffff
29650,88101b6727fffff
29651,8810f45133fffff
29652,8810f469dbfffff
29653,88101b29b1fffff
29654,8810f69b4dfffff
29655,8810f0b2c9fffff
29656,8810f29b51fffff
29657,8810f0c05bfffff
29658,8810f4ce99fffff
29659,8810f604c3fffff
29660,8810f4010dfffff
29661,8810f54337fffff
29662,8810f4c01bfffff
29663,8810f46137fffff
29664,8810f54a87fffff
29665,8810f4a56bfffff
29666,8810f6a691fffff
29667,8810f54303fffff
29668,8810f51099fffff
29669,8810f60eabfffff
29670,8810f5816dfffff
29671,8810f69407fffff
29672,8810f549a3fffff
29673,8810f0ca21fffff
29674,8810a92cabfffff
29675,8810f42417fffff
29676,8810f6b6c9fffff
29677,8810a926d5fffff
29678,88101a6c61fffff
29679,8810f5d81dfffff
29680,8810f6ace5fffff
29681,8810f6c01dfffff
29682,8810f01aedfffff
29683,8810f62813fffff
29684,8810f58421fffff
29685,8810f612a5fffff
29686,8810f58eedfffff
29687,8810f501cbfffff
29688,8810f47ae5fffff
29689,8810f6c553fffff
29690,8810f014e1fffff
29691,8810f011cdfffff
29692,8810f581d3fffff
29693,8810f55483fffff
29694,8810f61235fffff
29695,8810f28737fffff
29696,8810f51727fffff
29697,8810f66103fffff
29698,88101b6833fffff
29699,8810f48587fffff
29700,8810f6849bfffff
29701,8810f4d589fffff
29702,8810a93b43fffff
29703,8810f62431fffff
29704,8810f554ebfffff
29705,8810f012bbfffff
29706,8810f28127fffff
29707,8810f29701fffff
29708,8810f5c9c5fffff
29709,8810f59663fffff
29710,8810f48519fffff
29711,8810a964c7fffff
29712,8810f5c0c7fffff
29713,8810f664e1fffff
29714,8810f4d86dfffff
29715,8810a97697fffff
29716,8810f6bac1fffff
29717,8810f080bbfffff
29718,8810f4d603fffff
29719,8810f45211fffff
29720,8810f508adfffff
29721,8810f0a249fffff
29722,8810f4acebfffff
29723,8810a92629fffff
29724,8810f48f43fffff
29725,88101b0f41fffff
29726,8810f51a87fffff
29727,8810f4282bfffff
29728,8810f511c7fffff
29729,8810f416b1fffff
29730,8810f60e8bfffff
29731,8810f4b21bfffff
29732,8810f62f25fffff
29733,8810f6da95fffff
29734,8810f4d437fffff
29735,8810f2989bfffff
29736,8810f42843fffff
29737,8810f60a37fffff
29738,8810f48f17fffff
29739,8810f60ac9fffff
29740,8810a96d91fffff
29741,8810f47101fffff
29742,8810f2b24bfffff
29743,8810f6d743fffff
29744,8810f45aa9fffff
29745,8810f5d559fffff
29746,8810f280e5fffff
29747,8810f44725fffff
29748,88101b0e47fffff
29749,88101b7b09fffff
29750,8810a9650bfffff
29751,8810f55943fffff
29752,8810f6aabbfffff
29753,8810a96c87fffff
29754,8810f295adfffff
29755,8810f6bac7fffff
29756,8810f0c437fffff
29757,8810f63961fffff
29758,8810f5c5a9fffff
29759,8810f09361fffff
29760,8810f5c033fffff
29761,8810f67457fffff
29762,8810f5d5a9fffff
29763,8810f6a755fffff
29764,8810f68d23fffff
29765,8810f61b5dfffff
29766,8810f45969fffff
29767,8810f46cdbfffff
29768,8810f556ddfffff
29769,8810f4b1e9fffff
29770,88101b652dfffff
29771,8810f58557fffff
29772,8810f638a3fffff
29773,88101b66d5fffff
29774,88101a6899fffff
29775,8810f4c34dfffff
29776,8810a92db5fffff
29777,8810f04939fffff
29778,8810f5cd5bfffff
29779,8810f4674bfffff
29780,8810f62619fffff
29781,8810f51125fffff
29782,8810f66a83fffff
29783,88101b7551fffff
29784,8810f29659fffff
29785,8810f459cdfffff
29786,8810f5432bfffff
29787,88101b391dfffff
29788,8810f42163fffff
29789,8810f50ac5fffff
29790,8810f5c651fffff
29791,8810f55a01fffff
29792,8810f052ebfffff
29793,88101b0dc1fffff
29794,88101b75c1fffff
29795,8810f6b8c3fffff
29796,8810f4226dfffff
29797,8810a9275dfffff
29798,88101b3b27fffff
29799,8810f4a32bfffff
29800,8810f42535fffff
29801,8810f4589dfffff
29802,8810f46ae9fffff
29803,8810f4b883fffff
29804,88101b6d0dfffff
29805,8810f44d2bfffff
29806,8810f598b7fffff
29807,8810f485e5fffff
29808,8810f4d5a9fffff
29809,8810f425cdfffff
29810,8810f04067fffff
29811,8810f08859fffff
29812,8810f01827fffff
29813,8810f48e5dfffff
29814,8810f63061fffff
29815,8810f4495bfffff
29816,8810f55b0bfffff
29817,8810f61845fffff
29818,8810f68f5dfffff
29819,88101b54e1fffff
29820,8810f63aa5fffff
29821,88101b2d57fffff
29822,8810f5ca15fffff
29823,8810a92297fffff
29824,8810f63b63fffff
29825,8810a921d9fffff
29826,8810f6d705fffff
29827,8810f43283fffff
29828,88101b451dfffff
29829,8810f4b407fffff
29830,8810f59a0dfffff
29831,8810f589a9fffff
29832,88101b6193fffff
29833,8810a92055fffff
29834,8810f09167fffff
29835,8810f4c0b7fffff
29836,8810f0c909fffff
29837,8810f62711fffff
29838,8810f6b015fffff
29839,8810f29757fffff
29840,8810f42483fffff
29841,8810f0c8d1fffff
29842,8810f48911fffff
29843,8810f6123dfffff
29844,8810f0cb1bfffff
29845,8810f6800bfffff
29846,8810f5d2a1fffff
29847,8810f50ab7fffff
29848,8810a921b5fffff
29849,8810f6b461fffff
29850,8810f0da13fffff
29851,8810f6a215fffff
29852,8810f6d2e1fffff
29853,8810f50999fffff
29854,8810f4b5bbfffff
29855,8810f68959fffff
29856,88101b6809fffff
29857,8810f0d849fffff
29858,8810f4d851fffff
29859,8810f63133fffff
29860,8810f58a41fffff
29861,8810f68b13fffff
29862,8810f6b41bfffff
29863,8810f0d96dfffff
29864,8810a965adfffff
29865,8810f51861fffff
29866,8810f4c9e5fffff
29867,8810f62a91fffff
29868,8810f4b761fffff
29869,8810f6d6d7fffff
29870,8810f296ebfffff
29871,8810f42f21fffff
29872,88101b4cb1fffff
29873,8810f511abfffff
29874,8810a9612dfffff
29875,8810f50003fffff
29876,88101b7037fffff
29877,8810f40307fffff
29878,88101b6123fffff
29879,88101b3b49fffff
29880,8810f430d5fffff
29881,8810f4296bfffff
29882,8810f4542dfffff
29883,88101b655dfffff
29884,88101b6a9dfffff
29885,8810f29691fffff
29886,8810f6a9e9fffff
29887,8810f442d5fffff
29888,8810f4715bfffff
29889,88101a6505fffff
29890,8810f0c613fffff
29891,8810a9298dfffff
29892,8810f0108dfffff
29893,8810a96643fffff
29894,8810f44b29fffff
29895,8810f638e1fffff
29896,8810f5ca45fffff
29897,8810f62de3fffff
29898,8810f40537fffff
29899,8810f554c5fffff
29900,8810f5d4adfffff
29901,8810f0d5a7fffff
29902,8810f5c0ebfffff
29903,8810f43b13fffff
29904,8810f438a3fffff
29905,8810f40d49fffff
29906,8810f4b1edfffff
29907,8810f55217fffff
29908,8810f5c649fffff
29909,8810f674adfffff
29910,8810f0106dfffff
29911,8810aba6cdfffff
29912,8810f46f17fffff
29913,8810f016e5fffff
29914,8810f432a9fffff
29915,8810f54353fffff
29916,8810a90ca9fffff
29917,8810f095d1fffff
29918,8810a96d35fffff
29919,8810f59055fffff
29920,8810f508c1fffff
29921,88101b4ed9fffff
29922,8810f4432dfffff
29923,8810f42211fffff
29924,8810f69041fffff
29925,8810f0035bfffff
29926,8810f4753bfffff
29927,8810f08523fffff
29928,8810f50025fffff
29929,8810f5001bfffff
29930,8810f455a1fffff
29931,8810f682a7fffff
29932,88101b766bfffff
29933,8810f4ca51fffff
29934,8810f59965fffff
29935,8810f0c489fffff
29936,8810f5121bfffff
29937,8810f6a0ebfffff
29938,8810f480b7fffff
29939,8810f50d69fffff
29940,8810f408d9fffff
29941,8810f62e57fffff
29942,8810f48dd5fffff
29943,8810f58e61fffff
29944,8810f61847fffff
29945,8810f69735fffff
29946,88101b54a5fffff
29947,8810f4171dfffff
29948,8810f4d055fffff
29949,8810f0cd57fffff
29950,8810f635d9fffff
29951,8810f04841fffff
29952,8810f0b861fffff
29953,8810f58165fffff
29954,8810f68335fffff
29955,8810f63b55fffff
29956,8810f5cc11fffff
29957,8810f4c0e3fffff
29958,8810f6370bfffff
29959,8810f601b5fffff
29960,8810f43b0bfffff
29961,8810f4c509fffff
29962,8810f4bac5fffff
29963,8810f5d5c1fffff
29964,88101a6cd3fffff
29965,8810f42527fffff
29966,8810f08d8bfffff
29967,88101b01bbfffff
29968,8810f082d9fffff
29969,8810f66185fffff
29970,8810f46769fffff
29971,8810f099e3fffff
29972,8810f0c563fffff
29973,8810f55a15fffff
29974,8810f48d59fffff
29975,8810f47639fffff
29976,8810f5594bfffff
29977,8810f08725fffff
29978,8810f619b5fffff
29979,8810f4d319fffff
29980,8810f5972dfffff
29981,8810f6a6b3fffff
29982,88101b7a01fffff
29983,88101b61edfffff
29984,8810a96ecbfffff
29985,8810f4a14bfffff
29986,8810f40e2dfffff
29987,8810f4518dfffff
29988,8810a96405fffff
29989,8810f500e7fffff
29990,8810f68e8dfffff
29991,8810a93937fffff
29992,8810f4cb1bfffff
29993,8810f05063fffff
29994,8810f48a41fffff
29995,8810a96abbfffff
29996,8810a93993fffff
29997,8810f59aedfffff
29998,8810f5d9edfffff
29999,8810f46b07fffff
30000,8810f51253fffff
30001,8810f0925dfffff
30002,8810f415a7fffff
30003,8810f04965fffff
30004,8810f0c6d7fffff
30005,8810f62445fffff
30006,8810f41667fffff
30007,8810f695abfffff
30008,8810f682cdfffff
30009,8810f092a7fffff
30010,8810a93a19fffff
30011,8810f08b35fffff
30012,8810f63281fffff
30013,8810f6d4d3fffff
30014,8810f28083fffff
30015,8810f0d81dfffff
30016,8810f08713fffff
30017,8810f5c005fffff
30018,8810f470dbfffff
30019,8810f580d1fffff
30020,8810f0128dfffff
30021,8810f68887fffff
30022,8810f0d1b3fffff
30023,8810f44cc9fffff
30024,8810f0c9b1fffff
30025,8810a92597fffff
30026,8810f54363fffff
30027,8810f4c9c3fffff
30028,8810f5489bfffff
30029,8810f48527fffff
30030,8810f0b039fffff
30031,8810f415edfffff
30032,8810f4050bfffff
30033,8810f05811fffff
30034,8810f54825fffff
30035,8810f68b69fffff
30036,8810f5c63dfffff
30037,8810f611d9fffff
30038,8810f474bbfffff
30039,8810f4cf25fffff
30040,8810f48f29fffff
30041,8810f59aa5fffff
30042,8810f28751fffff
30043,8810f0d8b1fffff
30044,8810f0cc25fffff
30045,8810f414e7fffff
30046,8810a93aa5fffff
30047,8810f0806dfffff
30048,88101b4195fffff
30049,8810a9662bfffff
30050,8810f44537fffff
30051,8810f5d069fffff
30052,8810f6366bfffff
30053,8810f0d45bfffff
30054,8810f5cb63fffff
30055,8810f4c2d1fffff
30056,8810f4c223fffff
30057,8810f4b139fffff
30058,88101b392bfffff
30059,8810f4415bfffff
30060,8810f4a507fffff
30061,8810f44e43fffff
30062,8810f0432bfffff
30063,8810a97657fffff
30064,8810f681a9fffff
30065,8810f42103fffff
30066,8810f45a23fffff
30067,8810a9258dfffff
30068,8810a92abdfffff
30069,8810f4c74bfffff
30070,8810f46a05fffff
30071,88101b0b11fffff
30072,8810f42e91fffff
30073,8810f66533fffff
30074,8810f54445fffff
30075,88101b54c1fffff
30076,88101b79b3fffff
30077,8810f09837fffff
30078,8810f68da1fffff
30079,8810f69223fffff
30080,8810f4aa11fffff
30081,8810f441b1fffff
30082,8810f59017fffff
30083,8810f4b25dfffff
30084,8810f5023dfffff
30085,8810f69341fffff
30086,8810f01409fffff
30087,8810f469adfffff
30088,8810f42b43fffff
30089,8810f46c5bfffff
30090,8810f4600bfffff
30091,8810f67685fffff
30092,8810f428e7fffff
30093,8810f012edfffff
30094,8810f54c6bfffff
30095,8810f681edfffff
30096,8810f6d15dfffff
30097,8810f456b5fffff
30098,8810f62e55fffff
30099,8810f485adfffff
30100,8810f5995dfffff
30101,8810f614c5fffff
30102,8810f68a63fffff
30103,8810f43b41fffff
30104,8810f674e9fffff
30105,8810f4192bfffff
30106,8810f43a23fffff
30107,8810f5da8dfffff
30108,8810f099d5fffff
30109,8810f665b3fffff
30110,8810a96753fffff
30111,8810a9398bfffff
30112,8810f0d907fffff
30113,8810f48ad1fffff
30114,8810f404abfffff
30115,8810f6a6d5fffff
30116,8810f0c127fffff
30117,8810f01369fffff
30118,8810f0b1edfffff
30119,8810f549d9fffff
30120,8810f40303fffff
30121,8810f4c143fffff
30122,8810f5d6d5fffff
30123,8810f05ab9fffff
30124,8810f6b157fffff
30125,8810f0c23bfffff
30126,8810f6c69dfffff
30127,8810f45519fffff
30128,8810a92299fffff
30129,8810f09363fffff
30130,8810f44185fffff
30131,8810f6921bfffff
30132,8810f62db5fffff
30133,8810f61a8bfffff
30134,8810f406b3fffff
30135,8810f0bb03fffff
30136,8810f50195fffff
30137,8810f431a7fffff
30138,8810f0533bfffff
30139,8810f4d263fffff
30140,88101b653dfffff
30141,8810f5182bfffff
30142,8810a96763fffff
30143,8810f2956bfffff
30144,8810f000a9fffff
30145,8810f4853bfffff
30146,8810f59801fffff
30147,8810f0c22dfffff
30148,88101b08b1fffff
30149,8810f42dcdfffff
30150,8810f42cebfffff
30151,8810f0869bfffff
30152,8810f4c465fffff
30153,8810f05947fffff
30154,8810f5c069fffff
30155,8810f6c461fffff
30156,8810a960b7fffff
30157,8810f40297fffff
30158,8810f46309fffff
30159,88101b2949fffff
30160,8810f60367fffff
30161,8810f48debfffff
30162,8810f66cd1fffff
30163,8810f6369bfffff
30164,8810f5851dfffff
30165,8810a976cdfffff
30166,8810f0c413fffff
30167,8810f0b33dfffff
30168,88101b72e5fffff
30169,8810f630a3fffff
30170,8810f51557fffff
30171,8810f5c5b7fffff
30172,8810f41657fffff
30173,8810f66f05fffff
30174,8810f6c4c1fffff
30175,8810f508c7fffff
30176,88101b2b4bfffff
30177,8810f6a521fffff
30178,8810f6136bfffff
30179,8810a96e2bfffff
30180,88101b65b3fffff
30181,8810f45991fffff
30182,8810f42b6bfffff
30183,8810f51845fffff
30184,8810f476dbfffff
30185,88101b7651fffff
30186,8810f6b43bfffff
30187,8810f598b3fffff
30188,8810f6c155fffff
30189,8810f690ebfffff
30190,8810f6bac3fffff
30191,8810f04ac9fffff
30192,8810f6ab55fffff
30193,8810f5199bfffff
30194,8810f58f67fffff
30195,8810a93a37fffff
30196,8810f66499fffff
30197,8810f28203fffff
30198,8810f6b8b9fffff
30199,8810f0c541fffff
30200,8810f426a5fffff
30201,8810f4a64bfffff
30202,8810f5d1ddfffff
30203,8810f4c2b7fffff
30204,8810f09b4bfffff
30205,8810f0c82dfffff
30206,8810f4a6c7fffff
30207,8810f28757fffff
30208,8810f58cd5fffff
30209,8810f451cdfffff
30210,8810f50997fffff
30211,8810f4c1e1fffff
30212,8810f628d5fffff
30213,8810f5d863fffff
30214,8810f47661fffff
30215,8810f0121dfffff
30216,8810a90d9bfffff
30217,8810f5564bfffff
30218,8810f4b9a3fffff
30219,8810f6114dfffff
30220,8810f6d43bfffff
30221,8810f6b865fffff
30222,8810f464d1fffff
30223,8810f0cf6bfffff
30224,88101b788bfffff
30225,8810f69b47fffff
30226,8810a92cebfffff
30227,8810f0d98bfffff
30228,8810f6a807fffff
30229,8810a935d3fffff
30230,8810f5d223fffff
30231,8810f47553fffff
30232,8810f479a5fffff
30233,8810f58767fffff
30234,8810f4850dfffff
30235,8810f098b7fffff
30236,8810f5952dfffff
30237,8810f60005fffff
30238,8810f0c4e5fffff
30239,8810a928e3fffff
30240,8810f00233fffff
30241,8810f66037fffff
30242,8810f40f0dfffff
30243,8810a92f5dfffff
30244,8810f4733dfffff
30245,8810f42447fffff
30246,8810f4b9bdfffff
30247,88101b4e4bfffff
30248,8810f48a05fffff
30249,8810f0904bfffff
30250,8810f6d759fffff
30251,8810a92f59fffff
30252,8810f6c0d7fffff
30253,8810a97665fffff
30254,8810f4436bfffff
30255,8810f4a591fffff
30256,88101a6535fffff
30257,8810f44a17fffff
30258,8810f44e1bfffff
30259,8810f55027fffff
30260,8810f69b11fffff
30261,8810f55837fffff
30262,8810f54185fffff
30263,8810f4d59bfffff
30264,8810a921d5fffff
30265,8810f44351fffff
30266,8810f6ba19fffff
30267,8810f435b7fffff
30268,8810f47187fffff
30269,8810f08a2dfffff
30270,8810f5d8c3fffff
30271,8810f4b035fffff
30272,8810f6933dfffff
30273,8810f696dbfffff
30274,8810f6a801fffff
30275,8810f0cdabfffff
30276,8810f4882bfffff
30277,8810f01a95fffff
30278,8810f68883fffff
30279,8810f098d3fffff
30280,8810f4da51fffff
30281,8810f58f11fffff
30282,8810f43a63fffff
30283,8810f0b0c3fffff
30284,8810f69901fffff
30285,8810f015e3fffff
30286,8810f29a1bfffff
30287,8810f4209bfffff
30288,8810f4aaa7fffff
30289,8810f62411fffff
30290,8810f49b0dfffff
30291,8810f018d1fffff
30292,8810f51139fffff
30293,8810a96d21fffff
30294,8810f2921bfffff
30295,8810f4c939fffff
30296,8810f628c9fffff
30297,8810f46b65fffff
30298,8810a92d6dfffff
30299,8810f4bb23fffff
30300,8810f50a29fffff
30301,8810f0d735fffff
30302,8810f41257fffff
30303,8810f5b82bfffff
30304,8810f6caa7fffff
30305,8810f01907fffff
30306,8810f6d059fffff
30307,8810a93867fffff
30308,8810f41227fffff
30309,8810f42491fffff
30310,8810a920d5fffff
30311,8810f661ebfffff
30312,88101b001dfffff
30313,8810a975a1fffff
30314,8810f0b29dfffff
30315,8810a93961fffff
30316,8810f43019fffff
30317,8810f5c99dfffff
30318,8810a92d3dfffff
30319,8810f4c35dfffff
30320,88101b4f4bfffff
30321,8810f44aa7fffff
30322,88101b0ae9fffff
30323,8810f412d5fffff
30324,8810f688a9fffff
30325,8810f510bbfffff
30326,8810a92767fffff
30327,8810f29161fffff
30328,8810f0d147fffff
30329,8810f51187fffff
30330,8810f42a57fffff
30331,8810f665c1fffff
30332,8810a96413fffff
30333,8810f08061fffff
30334,8810f08b11fffff
30335,8810f60a83fffff
30336,8810f4bb39fffff
30337,8810f4b10bfffff
30338,8810f4acddfffff
30339,8810f6c8ebfffff
30340,8810f05045fffff
30341,8810a976e5fffff
30342,8810f6baabfffff
30343,88101b0989fffff
30344,8810f4c563fffff
30345,8810f40a0bfffff
30346,8810f4c523fffff
30347,8810f2b149fffff
30348,8810f402a3fffff
30349,88101b75b9fffff
30350,8810f468d9fffff
30351,88101b2d51fffff
30352,8810f6225dfffff
30353,8810f461adfffff
30354,8810f0cd59fffff
30355,88101b756dfffff
30356,8810f0113bfffff
30357,8810f61b15fffff
30358,8810f6c54bfffff
30359,8810f69aebfffff
30360,8810a96837fffff
30361,8810f082e7fffff
30362,8810f6d843fffff
30363,8810f29a59fffff
30364,8810f439d7fffff
30365,8810f46f61fffff
30366,8810f28245fffff
30367,88101b734bfffff
30368,8810f5cd39fffff
30369,8810f5ca23fffff
30370,8810f68e89fffff
30371,8810f69ae9fffff
30372,88101b4d13fffff
30373,8810f68cebfffff
30374,8810a90cddfffff
30375,8810a90cd3fffff
30376,8810f50243fffff
30377,8810f61195fffff
30378,8810f098cbfffff
30379,8810f60a33fffff
30380,8810f58ec7fffff
30381,8810f4d63bfffff
30382,8810f51a33fffff
30383,8810f42e65fffff
30384,8810f50ac9fffff
30385,8810f0ba33fffff
30386,8810a96a97fffff
30387,8810f5c945fffff
30388,8810a92db1fffff
30389,8810f45b03fffff
30390,8810f40ad3fffff
30391,8810f60491fffff
30392,8810f29b1bfffff
30393,88101b6c83fffff
30394,8810f55155fffff
30395,8810f40615fffff
30396,8810f41a03fffff
30397,8810f5c099fffff
30398,8810f42da5fffff
30399,8810f5d76dfffff
30400,8810f6ae2bfffff
30401,8810f46915fffff
30402,88101b631bfffff
30403,8810f5d067fffff
30404,88101b770dfffff
30405,8810a964a3fffff
30406,8810a92da5fffff
30407,8810f5855dfffff
30408,8810f5c891fffff
30409,8810f666a3fffff
30410,8810f4cc85fffff
30411,8810f6d651fffff
30412,8810f4a209fffff
30413,88101b61c3fffff
30414,8810f4480bfffff
30415,8810f6ccd7fffff
30416,8810f54889fffff
30417,8810f552a5fffff
30418,8810a968e3fffff
30419,8810f6a24dfffff
30420,8810f54447fffff
30421,8810f6b44bfffff
30422,8810f5cd97fffff
30423,88101b4dbdfffff
30424,8810a96e95fffff
30425,8810a90d93fffff
30426,88101b54d1fffff
30427,88101a6c11fffff
30428,8810f6011bfffff
30429,88101b6e19fffff
30430,88101b6c01fffff
30431,8810a92953fffff
30432,8810f6c8dbfffff
30433,8810f6a6a5fffff
30434,8810f42199fffff
30435,8810f44a4dfffff
30436,8810f0d9bdfffff
30437,8810f68b0dfffff
30438,8810f4c817fffff
30439,8810f0c99bfffff
30440,8810f08627fffff
30441,8810f4a541fffff
30442,88101b4d2dfffff
30443,8810f4b2c3fffff
30444,8810f42007fffff
30445,8810f6a259fffff
30446,8810f44961fffff
30447,8810f684e7fffff
30448,8810f6bb1dfffff
30449,8810f550cdfffff
30450,8810f40103fffff
30451,8810f6c369fffff
30452,8810f43b21fffff
30453,88101b0c5dfffff
30454,8810f4cb0bfffff
30455,8810f45313fffff
30456,8810f4c323fffff
30457,8810f0c905fffff
30458,8810f084e9fffff
30459,8810f42707fffff
30460,8810f4a1b3fffff
30461,8810a9202dfffff
30462,8810f5912bfffff
30463,8810f45889fffff
30464,8810a96ae7fffff
30465,8810f63565fffff
30466,8810f43849fffff
30467,8810f4620dfffff
30468,8810f0d857fffff
30469,8810f0d209fffff
30470,8810f4cac9fffff
30471,88101b4697fffff
30472,8810f095d3fffff
30473,88101b6c61fffff
30474,8810aba409fffff
30475,8810f54949fffff
30476,8810f4d553fffff
30477,8810f4ae69fffff
30478,8810f61007fffff
30479,8810f5411bfffff
30480,8810f44883fffff
30481,8810f55205fffff
30482,8810f512a7fffff
30483,8810f6a5cdfffff
30484,88101b6addfffff
30485,8810f46a11fffff
30486,8810f4d357fffff
30487,8810f59a51fffff
30488,8810a92c09fffff
30489,88101b7085fffff
30490,8810f591d1fffff
30491,8810f59b3bfffff
30492,8810f42895fffff
30493,8810f45299fffff
30494,8810f01a6bfffff
30495,8810f28035fffff
30496,88101b0dbdfffff
30497,8810f29131fffff
30498,8810f08eddfffff
30499,88101a6537fffff
30500,8810f59b07fffff
30501,8810f464b5fffff
30502,8810a975edfffff
30503,8810f0488dfffff
30504,8810f6a72bfffff
30505,8810f43b61fffff
30506,8810f08a51fffff
30507,88101a6d65fffff
30508,8810a96f41fffff
30509,88101b48dbfffff
30510,8810a9389bfffff
30511,8810f6b1d3fffff
30512,8810f58cd3fffff
30513,8810f4b6b7fffff
30514,88101b66bdfffff
30515,88101b2b31fffff
30516,8810f63285fffff
30517,8810f62695fffff
30518,8810f4d8e7fffff
30519,8810f42067fffff
30520,8810f43215fffff
30521,8810f4769dfffff
30522,8810f6b36bfffff
30523,8810f5828bfffff
30524,8810f4af07fffff
30525,8810f63a55fffff
30526,8810f409dbfffff
30527,8810f0cb1dfffff
30528,8810f40005fffff
30529,8810f296e5fffff
30530,8810f55761fffff
30531,8810f0889dfffff
30532,8810f4aa37fffff
30533,8810f62105fffff
30534,8810a96cadfffff
30535,8810f5c053fffff
30536,8810f63527fffff
30537,8810f08359fffff
30538,8810f4435dfffff
30539,8810f4a40dfffff
30540,8810f68985fffff
30541,8810f4ac81fffff
30542,8810f42a49fffff
30543,8810f4a60dfffff
30544,8810f6a1d1fffff
30545,8810f45ac9fffff
30546,8810f4d9bdfffff
30547,8810f4215dfffff
30548,88101b45b9fffff
30549,8810f6d237fffff
30550,8810f48485fffff
30551,8810f096b1fffff
30552,8810f44f1dfffff
30553,8810f6bad5fffff
30554,8810f68767fffff
30555,8810f6a745fffff
30556,8810f60b63fffff
30557,8810f68951fffff
30558,8810f4c8c5fffff
30559,8810f6a58dfffff
30560,88101b62b1fffff
30561,8810f45325fffff
30562,8810f0b9b7fffff
30563,8810f092a5fffff
30564,8810f41a29fffff
30565,8810f6b845fffff
30566,8810f47139fffff
30567,8810f0d28dfffff
30568,8810f48a29fffff
30569,8810f69587fffff
30570,8810f4b76dfffff
30571,8810f01b3bfffff
30572,8810f6c731fffff
30573,88101b0143fffff
30574,8810f46ab5fffff
30575,8810f66c8dfffff
30576,8810f44203fffff
30577,8810f44269fffff
30578,8810f61445fffff
30579,8810f6bb25fffff
30580,8810f54329fffff
30581,8810f634b7fffff
30582,8810f405b9fffff
30583,8810f5933bfffff
30584,8810f68c09fffff
30585,8810f54007fffff
30586,8810f51b53fffff
30587,8810f6b99dfffff
30588,8810f012d3fffff
30589,8810f676a7fffff
30590,88101b0e67fffff
30591,8810f29ac5fffff
30592,8810f69547fffff
30593,8810f4d535fffff
30594,8810f5c529fffff
30595,8810f09605fffff
30596,8810f5175bfffff
30597,8810f6ce2dfffff
30598,8810f45acdfffff
30599,88101b2917fffff
30600,8810a92d97fffff
30601,88101b6923fffff
30602,8810f059e9fffff
30603,8810f4a6ddfffff
30604,8810f058abfffff
30605,8810f68733fffff
30606,8810f4d063fffff
30607,8810f62c15fffff
30608,8810f6a9cbfffff
30609,8810f294b7fffff
30610,8810f5c91dfffff
30611,88101b4711fffff
30612,8810f46cd9fffff
30613,8810f45915fffff
30614,88101b62e1fffff
30615,88101b7097fffff
30616,8810f5cce9fffff
30617,8810f69b09fffff
30618,8810f414e3fffff
30619,8810f40555fffff
30620,8810f519c3fffff
30621,88101b0c11fffff
30622,8810f48687fffff
30623,8810f6c28dfffff
30624,8810f0c625fffff
30625,8810f54e8dfffff
30626,8810f62c33fffff
30627,8810f4142bfffff
30628,8810f49999fffff
30629,8810a92cadfffff
30630,88101b7647fffff
30631,8810f45005fffff
30632,8810f46a69fffff
30633,8810f0c85bfffff
30634,8810a92e2dfffff
30635,8810f6162bfffff
30636,8810f6d8d5fffff
30637,8810f46d3dfffff
30638,8810f4a451fffff
30639,8810f42639fffff
30640,8810f000c9fffff
30641,8810f6b29dfffff
30642,8810f468ddfffff
30643,8810f615c1fffff
30644,8810f085a1fffff
30645,88101a68d7fffff
30646,8810f6c64dfffff
30647,8810f628c1fffff
30648,8810f4a4c3fffff
30649,8810f01289fffff
30650,8810f42683fffff
30651,8810f60c13fffff
30652,8810f47a65fffff
30653,8810f63611fffff
30654,8810f45007fffff
30655,8810a92019fffff
30656,8810f6c287fffff
30657,8810f5d9e5fffff
30658,8810f60063fffff
30659,88101b71c3fffff
30660,8810f591bdfffff
30661,8810f41b2bfffff
30662,8810f59223fffff
30663,8810a938edfffff
30664,8810f5d185fffff
30665,8810f480a1fffff
30666,8810f01403fffff
30667,8810f5c9e9fffff
30668,8810f6b2c7fffff
30669,8810f446e9fffff
30670,8810f0430dfffff
30671,8810f0192dfffff
30672,8810f01699fffff
30673,8810a9246bfffff
30674,8810f47115fffff
30675,8810f6af6dfffff
30676,8810f5900bfffff
30677,8810f08003fffff
30678,8810f0b003fffff
30679,8810f68133fffff
30680,8810f544bbfffff
30681,8810f682b7fffff
30682,8810f42d57fffff
30683,8810f2822bfffff
30684,8810f68b3bfffff
30685,8810f40933fffff
30686,8810f59765fffff
30687,8810f445dbfffff
30688,88101a6c35fffff
30689,88101b6015fffff
30690,8810f436a7fffff
30691,88101b08a3fffff
30692,8810f0832bfffff
30693,8810f62a97fffff
30694,8810f55acdfffff
30695,8810f63ae5fffff
30696,8810f55159fffff
30697,8810f0b9c1fffff
30698,8810f04325fffff
30699,8810a92491fffff
30700,8810f61833fffff
30701,8810f01265fffff
30702,8810a938c9fffff
30703,8810f4595dfffff
30704,8810f28463fffff
30705,8810f51311fffff
30706,88101b6cb1fffff
30707,8810f43211fffff
30708,8810f5cdabfffff
30709,8810f4571dfffff
30710,8810f509e3fffff
30711,8810f682bbfffff
30712,8810f62b4bfffff
30713,8810f47a5bfffff
30714,8810f094a7fffff
30715,8810f61187fffff
30716,8810f0d1a7fffff
30717,8810f549cdfffff
30718,8810f0998dfffff
30719,88101b01b7fffff
30720,8810f59925fffff
30721,8810f50161fffff
30722,8810f55a9bfffff
30723,8810a96c47fffff
30724,8810f6d5e5fffff
30725,8810f6a1c7fffff
30726,8810a938a5fffff
30727,8810f088c7fffff
30728,8810f61697fffff
30729,8810f62d67fffff
30730,8810f50241fffff
30731,8810f0b157fffff
30732,8810f61191fffff
30733,8810f47527fffff
30734,8810a93985fffff
30735,8810f5818dfffff
30736,8810f66447fffff
30737,8810f419e7fffff
30738,8810f58d81fffff
30739,8810f50a85fffff
30740,88101b644bfffff
30741,8810f559d1fffff
30742,8810f01b69fffff
30743,8810a96ccdfffff
30744,8810f434ddfffff
30745,8810f46423fffff
30746,8810f51a51fffff
30747,8810f5cd19fffff
30748,8810f55405fffff
30749,8810f5c6b9fffff
30750,8810f444d7fffff
30751,8810f0ce4bfffff
30752,8810f4a53bfffff
30753,8810f691a1fffff
30754,8810f091d7fffff
30755,8810f5ceb3fffff
30756,8810f55991fffff
30757,8810f61a01fffff
30758,8810f55615fffff
30759,8810f61367fffff
30760,8810a96cd3fffff
30761,8810f0c0dbfffff
30762,8810a939c9fffff
30763,8810f29553fffff
30764,8810f45603fffff
30765,8810f5d539fffff
30766,8810f6a729fffff
30767,8810f48401fffff
30768,8810aba6b5fffff
30769,8810f0ba43fffff
30770,8810f55839fffff
30771,8810f0c023fffff
30772,8810f67613fffff
30773,8810f5c20dfffff
30774,8810f470d3fffff
30775,8810f42c47fffff
30776,8810f62a6bfffff
30777,8810f619a7fffff
30778,8810f082bdfffff
30779,8810f48c25fffff
30780,8810f442a1fffff
30781,88101b0551fffff
30782,8810aba441fffff
30783,8810f42687fffff
30784,8810f6a719fffff
30785,88101b6655fffff
30786,8810f0c119fffff
30787,8810f41861fffff
30788,8810f45595fffff
30789,8810f5cf23fffff
30790,8810f0b241fffff
30791,8810f62725fffff
30792,8810f47681fffff
30793,8810f6d495fffff
30794,8810f481c1fffff
30795,8810f41aabfffff
30796,88101b6f31fffff
30797,88101b0819fffff
30798,8810f051ddfffff
30799,8810f09117fffff
30800,8810f48935fffff
30801,8810f592c7fffff
30802,8810f05021fffff
30803,8810f0494dfffff
30804,8810f04a83fffff
30805,8810f5ca1dfffff
30806,8810f51757fffff
30807,8810f455e5fffff
30808,8810f0d9c7fffff
30809,88101b6955fffff
30810,8810f551d5fffff
30811,8810f4d439fffff
30812,8810f66431fffff
30813,8810f4ccbdfffff
30814,8810f6b721fffff
30815,8810f48f3bfffff
30816,8810f4b349fffff
30817,8810f4983bfffff
30818,8810f4daedfffff
30819,8810f4d565fffff
30820,8810f4843bfffff
30821,8810f559adfffff
30822,8810f41847fffff
30823,8810f435d1fffff
30824,8810f55285fffff
30825,8810f5cd29fffff
30826,8810f62561fffff
30827,8810f6212bfffff
30828,8810f63047fffff
30829,8810f01133fffff
30830,8810f282b5fffff
30831,8810f42a5dfffff
30832,8810f01625fffff
30833,8810f46d63fffff
30834,8810f6000dfffff
30835,8810f4859dfffff
30836,8810f42ccdfffff
30837,8810f4d139fffff
30838,8810f47619fffff
30839,88101a6e2bfffff
30840,8810f6ab13fffff
30841,8810f29881fffff
30842,8810f0d101fffff
30843,8810f581e9fffff
30844,8810f5d4b1fffff
30845,8810f4331dfffff
30846,8810f42b31fffff
30847,8810f4da97fffff
30848,8810f0d637fffff
30849,8810f2972bfffff
30850,8810f5125dfffff
30851,8810f08261fffff
30852,8810f6a26dfffff
30853,8810f68047fffff
30854,8810f66c6bfffff
30855,88101b56adfffff
30856,8810f50129fffff
30857,8810f6b5d5fffff
30858,8810f0d997fffff
30859,8810f46dd7fffff
30860,8810f59a1bfffff
30861,8810f40f51fffff
30862,88101b7a19fffff
30863,8810f6973bfffff
30864,8810f68dbdfffff
30865,8810f4d2a9fffff
30866,8810f48887fffff
30867,8810f09a97fffff
30868,8810f0ce67fffff
30869,8810f4da63fffff
30870,8810f4d99dfffff
30871,8810f4c457fffff
30872,8810f6b8cdfffff
30873,8810f43741fffff
30874,8810f6ae25fffff
30875,8810f5d96bfffff
30876,8810f4053dfffff
30877,8810f40165fffff
30878,8810f48c27fffff
30879,8810f4d93dfffff
30880,88101b4739fffff
30881,88101b6c95fffff
30882,8810f4ccd5fffff
30883,8810f4a805fffff
30884,8810f54e2dfffff
30885,8810f6b9d9fffff
30886,8810f41645fffff
30887,8810f4b2ddfffff
30888,88101b6495fffff
30889,8810f58addfffff
30890,8810f41a87fffff
30891,8810f58187fffff
30892,8810f05659fffff
30893,8810f501c1fffff
30894,8810f05b37fffff
30895,8810f474d9fffff
30896,88101b763bfffff
30897,8810f51141fffff
30898,8810f6b069fffff
30899,8810a9644dfffff
30900,88101b4ed5fffff
30901,88101b76b9fffff
30902,88101b45e5fffff
30903,8810f58b0dfffff
30904,8810f6a4d1fffff
30905,8810f4cc53fffff
30906,8810f6b853fffff
30907,8810f622ddfffff
30908,8810f54667fffff
30909,8810f55197fffff
30910,8810f62309fffff
30911,8810f6351dfffff
30912,8810f6883dfffff
30913,8810f6c43dfffff
30914,8810f0d983fffff
30915,8810f0128bfffff
30916,8810f5d0e9fffff
30917,8810f45505fffff
30918,8810f55131fffff
30919,8810f6108bfffff
30920,8810f45439fffff
30921,8810f416d3fffff
30922,8810f6748dfffff
30923,88101b7709fffff
30924,8810a96087fffff
30925,8810f4d6cbfffff
30926,8810f43111fffff
30927,88101b4e55fffff
30928,8810f4720dfffff
30929,8810f630e7fffff
30930,8810f5d525fffff
30931,8810f4a315fffff
30932,88101b6ac3fffff
30933,8810f40805fffff
30934,88101b76dbfffff
30935,8810f0b21dfffff
30936,8810f4ba33fffff
30937,8810f018a9fffff
30938,8810f46ea3fffff
30939,8810a960b1fffff
30940,8810f46157fffff
30941,8810f012a5fffff
30942,8810f4a89bfffff
30943,8810f4d1bdfffff
30944,8810f4b965fffff
30945,8810f66c4dfffff
30946,8810a92609fffff
30947,8810f0c8a9fffff
30948,8810f5c801fffff
30949,8810f5c163fffff
30950,88101b48d7fffff
30951,8810f54921fffff
30952,8810f041abfffff
30953,8810f61251fffff
30954,8810f468b1fffff
30955,8810f54897fffff
30956,8810f55993fffff
30957,8810f01761fffff
30958,8810f516e5fffff
30959,8810f5cb61fffff
30960,8810f41749fffff
30961,8810f0ca0dfffff
30962,8810a96ad3fffff
30963,8810f68693fffff
30964,8810f5c9a3fffff
30965,8810f0961dfffff
30966,8810f08a59fffff
30967,8810f0b9ebfffff
30968,8810f4c13bfffff
30969,8810f4c76bfffff
30970,8810f51155fffff
30971,8810f4b559fffff
30972,8810f6743dfffff
30973,8810f436cbfffff
30974,8810f5c8c5fffff
30975,8810f430c3fffff
30976,8810a92b11fffff
30977,8810f61113fffff
30978,88101b6513fffff
30979,8810f08a29fffff
30980,8810f409e7fffff
30981,8810f4cf21fffff
30982,8810f0d695fffff
30983,88101b71d1fffff
30984,8810f4a599fffff
30985,8810f04b33fffff
30986,8810f488e7fffff
30987,8810f46da1fffff
30988,8810f46dc7fffff
30989,8810f68b59fffff
30990,8810f2b357fffff
30991,8810f08addfffff
30992,88101b0cd9fffff
30993,8810f5494bfffff
30994,8810f689b7fffff
30995,8810f43761fffff
30996,8810f0d1c7fffff
30997,88101b5495fffff
30998,88101a6f39fffff
30999,8810f002abfffff
31000,8810f40367fffff
31001,8810f6a457fffff
31002,8810f62621fffff
31003,8810f6d635fffff
31004,8810f50b39fffff
31005,8810f4013dfffff
31006,8810f6a309fffff
31007,8810f635dbfffff
31008,8810f408e3fffff
31009,8810f08f0bfffff
31010,8810f5cf55fffff
31011,8810f592ebfffff
31012,8810f4ab21fffff
31013,8810f47487fffff
31014,8810f462cdfffff
31015,8810f29289fffff
31016,8810f548c1fffff
31017,8810f6b293fffff
31018,8810f29ac3fffff
31019,8810f42111fffff
31020,8810f51a9bfffff
31021,8810f682dbfffff
31022,8810f0da67fffff
31023,88101b0e81fffff
31024,8810f681b5fffff
31025,8810f01633fffff
31026,8810f588cbfffff
31027,8810a96023fffff
31028,88101b294bfffff
31029,8810f0c0d3fffff
31030,8810f09651fffff
31031,88101b674dfffff
31032,8810f47055fffff
31033,8810f6a5e9fffff
31034,8810f4a223fffff
31035,8810f554b3fffff
31036,8810a9274dfffff
31037,8810a974a1fffff
31038,8810f618c1fffff
31039,8810f4acdbfffff
31040,8810f6ac17fffff
31041,8810f50057fffff
31042,8810f6a98bfffff
31043,8810f40e63fffff
31044,8810f6c467fffff
31045,8810f0b159fffff
31046,8810f4719bfffff
31047,8810f4b1b3fffff
31048,8810f012ebfffff
31049,8810f0cf15fffff
31050,8810f00359fffff
31051,8810a96dedfffff
31052,8810f41225fffff
31053,88101b7129fffff
31054,8810f62a1dfffff
31055,8810f48683fffff
31056,8810f0d83bfffff
31057,8810f4290bfffff
31058,8810f0d1ebfffff
31059,8810f0ce05fffff
31060,8810f6d0a3fffff
31061,8810f4d5c9fffff
31062,88101b7589fffff
31063,88101b0cb3fffff
31064,8810f48ec7fffff
31065,8810f0922dfffff
31066,8810f4aeedfffff
31067,8810f419bbfffff
31068,8810f4d8d7fffff
31069,8810f41557fffff
31070,8810f5922bfffff
31071,8810f4ba53fffff
31072,8810f5d001fffff
31073,8810f4b5d1fffff
31074,8810a92657fffff
31075,8810f50a33fffff
31076,8810f452a9fffff
31077,8810f58a8dfffff
31078,8810f44b35fffff
31079,8810f6d32bfffff
31080,8810f40091fffff
31081,8810f08697fffff
31082,8810f6d637fffff
31083,8810f43aa5fffff
31084,8810f08529fffff
31085,8810f499d1fffff
31086,8810f28669fffff
31087,8810f4a43bfffff
31088,8810a924e3fffff
31089,8810a96d4bfffff
31090,8810f08dc5fffff
31091,8810f08b3dfffff
31092,8810f48a45fffff
31093,8810f6834bfffff
31094,8810f0c131fffff
31095,8810f6933bfffff
31096,8810f6c195fffff
31097,8810f438bbfffff
31098,8810a96d5dfffff
31099,8810f680bbfffff
31100,8810f5d65bfffff
31101,8810f4064bfffff
31102,8810f4721bfffff
31103,8810f59a33fffff
31104,8810a9765dfffff
31105,8810f04a85fffff
31106,8810f466d1fffff
31107,8810f0b155fffff
31108,8810f5c9a1fffff
31109,8810f048b9fffff
31110,88101b0a81fffff
31111,8810f414e9fffff
31112,88101b685dfffff
31113,8810f6d053fffff
31114,8810f0d2d5fffff
31115,8810f51255fffff
31116,8810f01531fffff
31117,8810f5d8ebfffff
31118,8810f481a7fffff
31119,8810f699c9fffff
31120,8810f059a7fffff
31121,8810a9613dfffff
31122,88101a6ea9fffff
31123,8810f0d319fffff
31124,8810f590e5fffff
31125,88101b6a17fffff
31126,88101b2c65fffff
31127,8810f085c3fffff
31128,8810f43aabfffff
31129,8810f40251fffff
31130,8810f45653fffff
31131,8810f63abdfffff
31132,8810f6ac8dfffff
31133,8810f44f07fffff
31134,8810a97493fffff
31135,8810aba6b1fffff
31136,8810f4d739fffff
31137,8810f44255fffff
31138,8810f08e0dfffff
31139,8810f45335fffff
31140,8810f40529fffff
31141,8810f42e6bfffff
31142,8810f01493fffff
31143,8810f414cdfffff
31144,8810f4b087fffff
31145,8810f6b4ddfffff
31146,8810f4d137fffff
31147,88101b7997fffff
31148,8810f47a25fffff
31149,8810f62635fffff
31150,8810f4b0e1fffff
31151,8810f5d82dfffff
31152,8810f41a0bfffff
31153,8810f01667fffff
31154,8810f5c841fffff
31155,8810a974c9fffff
31156,8810a92317fffff
31157,8810f57351fffff
31158,8810f6892bfffff
31159,8810f618d9fffff
31160,8810f40253fffff
31161,8810f5c635fffff
31162,8810a97621fffff
31163,8810f5c531fffff
31164,8810f62665fffff
31165,8810f424ebfffff
31166,8810a9262bfffff
31167,8810f58305fffff
31168,8810f0ab6bfffff
31169,88101b4f61fffff
31170,8810a92e27fffff
31171,8810f4c6cbfffff
31172,8810f5d803fffff
31173,8810f4ccc5fffff
31174,8810f63a45fffff
31175,8810f6ac6bfffff
31176,8810f5c2e3fffff
31177,8810f6bb33fffff
31178,8810f46a9bfffff
31179,8810f4d555fffff
31180,8810f4106dfffff
31181,8810f4d6a9fffff
31182,8810f0c749fffff
31183,8810f08b1dfffff
31184,8810f0881bfffff
31185,8810f55411fffff
31186,8810f29a93fffff
31187,8810f54a95fffff
31188,8810f45ab9fffff
31189,8810f684c9fffff
31190,8810f09151fffff
31191,88101b0967fffff
31192,8810f4a1cdfffff
31193,8810f60b3bfffff
31194,8810f48b27fffff
31195,8810a96cc7fffff
31196,8810f6d0d7fffff
31197,8810f6da0dfffff
31198,8810f4bb6dfffff
31199,88101b4e87fffff
31200,8810f281a9fffff
31201,8810f01b31fffff
31202,8810f4d4c3fffff
31203,8810aba603fffff
31204,8810f5cb4dfffff
31205,8810f095ebfffff
31206,8810f44305fffff
31207,8810f40eebfffff
31208,8810f5b913fffff
31209,8810f6ae5bfffff
31210,8810f61539fffff
31211,88101b684bfffff
31212,88101b6dcbfffff
31213,8810f4d4d3fffff
31214,8810f6913bfffff
31215,8810f6b99bfffff
31216,8810f635bdfffff
31217,8810f5bb3dfffff
31218,8810f6a9ddfffff
31219,8810f6d0bbfffff
31220,8810f40ad1fffff
31221,8810f481d3fffff
31222,8810f0523dfffff
31223,8810f50037fffff
31224,8810f4a03dfffff
31225,88101b64d1fffff
31226,8810f68345fffff
31227,8810f68267fffff
31228,8810f4c513fffff
31229,8810f51821fffff
31230,8810f08431fffff
31231,88101b6561fffff
31232,8810f40651fffff
31233,8810f63b53fffff
31234,88101b0987fffff
31235,8810f6a56bfffff
31236,8810f09685fffff
31237,8810f60361fffff
31238,8810f58f37fffff
31239,8810a976c7fffff
31240,8810f5d231fffff
31241,8810f5d417fffff
31242,8810f66f51fffff
31243,8810f6b613fffff
31244,8810f6d361fffff
31245,8810f6619dfffff
31246,8810f58cabfffff
31247,8810f050bbfffff
31248,8810f62717fffff
31249,8810f4d6d5fffff
31250,8810f5da83fffff
31251,8810f01561fffff
31252,8810f689a5fffff
31253,8810f58811fffff
31254,8810f42647fffff
31255,8810f01163fffff
31256,8810f44c0bfffff
31257,8810f55757fffff
31258,8810f08533fffff
31259,8810f46487fffff
31260,8810f61427fffff
31261,88101b090dfffff
31262,8810f4cb2bfffff
31263,8810f45a15fffff
31264,8810f2b22dfffff
31265,8810f0cb47fffff
31266,8810f4613bfffff
31267,8810f0b355fffff
31268,8810a9676bfffff
31269,8810f4ad11fffff
31270,8810f29333fffff
31271,8810f0d605fffff
31272,8810f442c9fffff
31273,8810f5c2d7fffff
31274,8810f6b0e1fffff
31275,8810f58d09fffff
31276,8810a929e7fffff
31277,8810f4c699fffff
31278,8810f6a8d1fffff
31279,8810f08013fffff
31280,8810f5d5e1fffff
31281,8810f5d52dfffff
31282,8810f6a847fffff
31283,8810f4a297fffff
31284,88101b685bfffff
31285,88101b741dfffff
31286,8810f4d8c1fffff
31287,8810f01269fffff
31288,8810f474b3fffff
31289,8810f61963fffff
31290,8810a922e1fffff
31291,8810f46d13fffff
31292,8810f089edfffff
31293,88101b60c1fffff
31294,8810f474cdfffff
31295,8810f50817fffff
31296,8810a92ec7fffff
31297,8810f40583fffff
31298,8810f0ce61fffff
31299,8810f4a99dfffff
31300,8810f28741fffff
31301,8810f469b9fffff
31302,8810f019c7fffff
31303,8810f6b9e1fffff
31304,8810a96f4dfffff
31305,8810f29191fffff
31306,8810f08909fffff
31307,8810f6c409fffff
31308,8810f0d115fffff
31309,8810f40237fffff
31310,8810f5d501fffff
31311,88101b548dfffff
31312,8810f510c7fffff
31313,8810a92185fffff
31314,8810f08551fffff
31315,8810f40017fffff
31316,8810f51101fffff
31317,8810f601c9fffff
31318,8810f5d2bdfffff
31319,8810f6ac5bfffff
31320,8810f44539fffff
31321,8810f621a7fffff
31322,8810f0809bfffff
31323,8810f40a27fffff
31324,88101b2c29fffff
31325,8810f6d6a1fffff
31326,8810f4aaa3fffff
31327,8810a921c9fffff
31328,8810f40c13fffff
31329,8810a96eb1fffff
31330,8810f5005dfffff
31331,88101a68b3fffff
31332,8810f46f67fffff
31333,8810f5cee9fffff
31334,8810f43ab1fffff
31335,88101b7449fffff
31336,88101b44b1fffff
31337,8810f441cbfffff
31338,8810f5c923fffff
31339,8810f6942dfffff
31340,8810f485c7fffff
31341,8810f29861fffff
31342,8810f6216bfffff
31343,8810f435d7fffff
31344,8810f2905bfffff
31345,8810f0cc99fffff
31346,8810f62ac9fffff
31347,8810f54761fffff
31348,88101b0807fffff
31349,8810f4c1d7fffff
31350,8810f6c8d3fffff
31351,8810a90c9bfffff
31352,88101b472bfffff
31353,8810f4a6abfffff
31354,8810f68353fffff
31355,8810f62753fffff
31356,8810f6adbdfffff
31357,8810f481a1fffff
31358,8810f42869fffff
31359,8810f6cf15fffff
31360,8810f4c945fffff
31361,8810f5d963fffff
31362,8810f298b7fffff
31363,88101b7a63fffff
31364,8810f6742bfffff
31365,8810f47603fffff
31366,8810f628d1fffff
31367,8810f6b4b1fffff
31368,8810f5bb65fffff
31369,8810f0d14dfffff
31370,8810f418a5fffff
31371,8810f4a8c3fffff
31372,8810f42f37fffff
31373,8810f088b1fffff
31374,88101a6dd1fffff
31375,88101a6c85fffff
31376,8810f4135dfffff
31377,88101b2d09fffff
31378,8810f62e3dfffff
31379,8810f4b60bfffff
31380,8810f446cdfffff
31381,8810f09a81fffff
31382,8810f4dae3fffff
31383,8810f05501fffff
31384,8810f46e3bfffff
31385,88101b62ebfffff
31386,8810f48c95fffff
31387,8810f4c4e1fffff
31388,8810f5d76bfffff
31389,8810f581e5fffff
31390,8810f0b261fffff
31391,88101b0039fffff
31392,8810f44005fffff
31393,88101b6de7fffff
31394,8810f4d06dfffff
31395,8810f44365fffff
31396,8810f66e45fffff
31397,8810f58b69fffff
31398,8810f46e9bfffff
31399,8810f0b36dfffff
31400,8810f4ce85fffff
31401,8810f5cf29fffff
31402,8810f6cd51fffff
31403,8810f6aad7fffff
31404,8810f405a3fffff
31405,8810f61301fffff
31406,8810a96231fffff
31407,8810f6c687fffff
31408,8810f4c42bfffff
31409,8810f084a1fffff
31410,8810a96695fffff
31411,8810f62eabfffff
31412,8810f4284bfffff
31413,8810f5c231fffff
31414,8810f50343fffff
31415,8810f5999bfffff
31416,8810f29511fffff
31417,8810f5c501fffff
31418,88101b49b7fffff
31419,8810f01643fffff
31420,88101b0d31fffff
31421,8810f63849fffff
31422,88101b445bfffff
31423,8810f0b303fffff
31424,8810f425cbfffff
31425,88101b6b5dfffff
31426,8810f61229fffff
31427,8810f0c9c3fffff
31428,8810f5168dfffff
31429,8810f59321fffff
31430,8810f6242dfffff
31431,88101b71d7fffff
31432,8810f4ac21fffff
31433,8810a965b7fffff
31434,8810f08701fffff
31435,8810f48e17fffff
31436,88101a6ec5fffff
31437,8810f45099fffff
31438,8810f69ac7fffff
31439,8810f50849fffff
31440,8810f40291fffff
31441,8810f40eabfffff
31442,8810f47923fffff
31443,8810f68013fffff
31444,8810f4c13dfffff
31445,8810f42105fffff
31446,8810f28303fffff
31447,8810f09665fffff
31448,8810f68159fffff
31449,8810f470e1fffff
31450,8810f0d713fffff
31451,8810f40429fffff
31452,8810a93921fffff
31453,8810f582c3fffff
31454,8810f0d95dfffff
31455,88101b5487fffff
31456,8810f546c3fffff
31457,8810f41b03fffff
31458,8810f0cdebfffff
31459,8810f59729fffff
31460,8810f6828dfffff
31461,8810f42e43fffff
31462,8810f46b63fffff
31463,8810f6a007fffff
31464,8810f4258bfffff
31465,8810f58a49fffff
31466,8810f48de1fffff
31467,8810f6a637fffff
31468,8810f41251fffff
31469,8810f44419fffff
31470,8810f4786bfffff
31471,8810f43185fffff
31472,8810f4c835fffff
31473,8810f5988bfffff
31474,8810f0cc69fffff
31475,8810f2826bfffff
31476,8810f0c453fffff
31477,88101b002bfffff
31478,8810f48cadfffff
31479,8810f66335fffff
31480,8810f6d06bfffff
31481,8810f452d9fffff
31482,8810f6b53dfffff
31483,8810f68b61fffff
31484,8810f4b2c5fffff
31485,8810f415c3fffff
31486,8810f59a83fffff
31487,8810f4d03dfffff
31488,8810f67683fffff
31489,8810f42947fffff
31490,8810f63a83fffff
31491,88101b0db7fffff
31492,8810f0c885fffff
31493,8810f6c6c9fffff
31494,8810f46e0dfffff
31495,8810f4980bfffff
31496,8810f48863fffff
31497,8810f46e2bfffff
31498,8810f0880dfffff
31499,8810f29453fffff
31500,8810f5019dfffff
31501,8810f50991fffff
31502,8810f5983bfffff
31503,8810f50823fffff
31504,8810f42867fffff
31505,8810a92ab1fffff
31506,8810f598a9fffff
31507,8810f54ec3fffff
31508,8810f59b3dfffff
31509,8810f54561fffff
31510,8810f696c9fffff
31511,8810f01867fffff
31512,8810f54f3bfffff
31513,8810a92741fffff
31514,8810f4dac1fffff
31515,8810f5d4e9fffff
31516,88101b6753fffff
31517,88101b7269fffff
31518,8810f50049fffff
31519,8810f04b4dfffff
31520,8810f29767fffff
31521,8810f5526dfffff
31522,8810f28649fffff
31523,8810f55749fffff
31524,8810f0533dfffff
31525,8810f42617fffff
31526,8810f4c001fffff
31527,8810f08721fffff
31528,8810f05b59fffff
31529,8810f4d569fffff
31530,88101b6d19fffff
31531,8810f0d4d9fffff
31532,8810f4c443fffff
31533,8810f6cf0bfffff
31534,8810f4a6b1fffff
31535,8810f59605fffff
31536,8810f0d12bfffff
31537,8810f415e9fffff
31538,8810f4b189fffff
31539,8810f410ddfffff
31540,8810a9758dfffff
31541,8810f68c97fffff
31542,8810f6094bfffff
31543,8810f0c5d7fffff
31544,8810f40e27fffff
31545,88101b4c89fffff
31546,8810f4d013fffff
31547,8810f0d60bfffff
31548,8810f46681fffff
31549,8810f0d80dfffff
31550,8810f01b07fffff
31551,8810f05267fffff
31552,8810f09a61fffff
31553,8810f09aebfffff
31554,8810f46e83fffff
31555,8810f5d715fffff
31556,8810f6313dfffff
31557,88101b44c5fffff
31558,8810f6a88bfffff
31559,8810f5cd0dfffff
31560,8810f55525fffff
31561,8810f68497fffff
31562,8810f40613fffff
31563,8810f012e3fffff
31564,8810f58101fffff
31565,8810f691a5fffff
31566,8810f5093bfffff
31567,8810f082cdfffff
31568,8810f48159fffff
31569,8810f5b9e7fffff
31570,8810f462e9fffff
31571,8810f4343dfffff
31572,8810a92addfffff
31573,88101b6d61fffff
31574,8810f4aa69fffff
31575,8810f09a99fffff
31576,8810f2906dfffff
31577,8810f0cb45fffff
31578,8810f58827fffff
31579,8810f08695fffff
31580,8810f4643bfffff
31581,8810f41817fffff
31582,8810f690bdfffff
31583,8810f0c317fffff
31584,8810f28565fffff
31585,8810f5d191fffff
31586,8810f499cdfffff
31587,8810f6ab11fffff
31588,8810f0da1dfffff
31589,8810f08485fffff
31590,8810f6d109fffff
31591,8810f5d519fffff
31592,8810f43a49fffff
31593,8810a9204bfffff
31594,88101b4d31fffff
31595,8810f60a01fffff
31596,8810f625a3fffff
31597,8810f6894dfffff
31598,8810f48839fffff
31599,88101b2963fffff
31600,8810f54699fffff
31601,8810f6d169fffff
31602,8810f59045fffff
31603,8810f46421fffff
31604,8810f098c7fffff
31605,8810f5891bfffff
31606,8810f5d40bfffff
31607,8810f616e7fffff
31608,8810f08887fffff
31609,8810f4a005fffff
31610,8810f6ae23fffff
31611,8810f294c9fffff
31612,8810f47519fffff
31613,8810f5c321fffff
31614,8810f5d52bfffff
31615,8810f6b93bfffff
31616,8810f4ad03fffff
31617,88101b7291fffff
31618,8810f6aaddfffff
31619,8810f58ab5fffff
31620,8810f4d71dfffff
31621,8810f01965fffff
31622,8810f63411fffff
31623,8810f484e1fffff
31624,8810f68607fffff
31625,8810f556e7fffff
31626,8810f5d69dfffff
31627,8810f684a9fffff
31628,88101b6541fffff
31629,88101b7621fffff
31630,8810f47b0bfffff
31631,88101b6187fffff
31632,8810f6d225fffff
31633,8810a9611dfffff
31634,8810f4c255fffff
31635,8810f548e5fffff
31636,8810f0c31bfffff
31637,8810f51619fffff
31638,8810f43abbfffff
31639,8810f28003fffff
31640,8810a92b69fffff
31641,8810f625abfffff
31642,8810f282c3fffff
31643,8810f4c09dfffff
31644,8810f4355dfffff
31645,8810f4b46dfffff
31646,88101b0553fffff
31647,8810f549e7fffff
31648,8810f08e4dfffff
31649,8810f2932dfffff
31650,8810f66eedfffff
31651,8810f54d2dfffff
31652,8810f42f05fffff
31653,88101b6959fffff
31654,8810f08ec7fffff
31655,8810f6640bfffff
31656,8810f0c9e5fffff
31657,8810f6aa5bfffff
31658,8810f41741fffff
31659,8810f436e9fffff
31660,88101b6057fffff
31661,8810f0174bfffff
31662,8810f48e3dfffff
31663,8810f48f47fffff
31664,8810f0d427fffff
31665,8810f0bb21fffff
31666,8810f28413fffff
31667,8810f590d3fffff
31668,8810f5482bfffff
31669,8810f42339fffff
31670,88101b49bdfffff
31671,8810f63ae3fffff
31672,8810f6768dfffff
31673,8810f69457fffff
31674,8810f441d5fffff
31675,8810f41419fffff
31676,8810f41831fffff
31677,8810f5d749fffff
31678,8810f58a87fffff
31679,8810aba6e9fffff
31680,8810f478e1fffff
31681,88101b2957fffff
31682,8810f59193fffff
31683,8810f41465fffff
31684,8810f4ab15fffff
31685,88101b299dfffff
31686,8810f5413dfffff
31687,8810f44c51fffff
31688,8810f69887fffff
31689,8810f47acdfffff
31690,8810f5d121fffff
31691,8810f6d081fffff
31692,8810f6a6cdfffff
31693,8810f68a35fffff
31694,8810f6b703fffff
31695,8810f63117fffff
31696,8810a934a9fffff
31697,8810f68233fffff
31698,8810f430adfffff
31699,8810f6b0b7fffff
31700,8810f51847fffff
31701,8810f05337fffff
31702,8810f545d9fffff
31703,8810f43649fffff
31704,88101b4cebfffff
31705,8810f40f07fffff
31706,8810f5d5dbfffff
31707,8810f63191fffff
31708,8810f51157fffff
31709,8810f62a13fffff
31710,8810f051edfffff
31711,8810f54f2dfffff
31712,8810f58c33fffff
31713,8810f680ebfffff
31714,8810f58583fffff
31715,8810f542e7fffff
31716,8810f42c3dfffff
31717,8810f454d9fffff
31718,8810f015cbfffff
31719,8810f6161dfffff
31720,8810f55505fffff
31721,8810f42b11fffff
31722,8810f0b015fffff
31723,8810f08113fffff
31724,8810f47193fffff
31725,8810f58d13fffff
31726,8810f466ddfffff
31727,8810f4a1b9fffff
31728,88101b0c6bfffff
31729,8810f08355fffff
31730,8810f68dc3fffff
31731,8810f29011fffff
31732,8810f04207fffff
31733,8810f4af63fffff
31734,8810f471c9fffff
31735,8810f5d6c1fffff
31736,8810f41b3dfffff
31737,8810f01733fffff
31738,8810f08217fffff
31739,8810f46441fffff
31740,8810f43207fffff
31741,8810f5462dfffff
31742,8810f5935bfffff
31743,8810f6c269fffff
31744,8810f4b6cdfffff
31745,8810f5550dfffff
31746,88101b70a1fffff
31747,8810f66511fffff
31748,8810f0d01bfffff
31749,8810f4ce25fffff
31750,88101b29ddfffff
31751,8810f6c6c1fffff
31752,8810f04a6dfffff
31753,8810a96f43fffff
31754,88101b4667fffff
31755,8810f63a39fffff
31756,8810f4c619fffff
31757,8810f41245fffff
31758,8810f42227fffff
31759,8810aba4edfffff
31760,88101b6e55fffff
31761,8810a96027fffff
31762,8810f09119fffff
31763,8810f4276dfffff
31764,8810f4840dfffff
31765,8810f4c661fffff
31766,8810f0d029fffff
31767,8810f54b1bfffff
31768,8810f5402bfffff
31769,8810f0d0ebfffff
31770,8810a9681bfffff
31771,8810f0d6bdfffff
31772,8810f44a6dfffff
31773,8810f41185fffff
31774,8810f4d9c3fffff
31775,8810f4006bfffff
31776,8810f6af53fffff
31777,8810f45663fffff
31778,8810f4ac13fffff
31779,8810f42c01fffff
31780,8810f476abfffff
31781,8810f47723fffff
31782,8810f44ebdfffff
31783,8810f54863fffff
31784,8810f04adbfffff
31785,8810f44811fffff
31786,8810a92995fffff
31787,88101b7acbfffff
31788,8810f0d467fffff
31789,8810f510a3fffff
31790,8810f5cc93fffff
31791,8810f09413fffff
31792,8810f4ca23fffff
31793,8810f0d8c3fffff
31794,8810f45347fffff
31795,8810f085e7fffff
31796,8810f58347fffff
31797,8810f4994bfffff
31798,8810a93695fffff
31799,8810f5c13dfffff
31800,8810a924ddfffff
31801,8810f4b319fffff
31802,8810f46e09fffff
31803,8810f08a57fffff
31804,8810f5b86dfffff
31805,8810f28181fffff
31806,8810f4d639fffff
31807,8810f62425fffff
31808,88101b3907fffff
31809,8810aba643fffff
31810,8810f49817fffff
31811,88101b6125fffff
31812,8810f095bdfffff
31813,8810f59967fffff
31814,88101b768bfffff
31815,8810f59625fffff
31816,8810a96f27fffff
31817,8810f611a1fffff
31818,8810f43a81fffff
31819,8810f08da3fffff
31820,8810f62137fffff
31821,8810f47705fffff
31822,8810f611b7fffff
31823,8810f45357fffff
31824,8810a926a5fffff
31825,8810f6d693fffff
31826,8810f4ca59fffff
31827,8810f41923fffff
31828,8810f519a9fffff
31829,8810f286a1fffff
31830,88101b6a2dfffff
31831,8810f46ab7fffff
31832,8810f44eb9fffff
31833,8810f61923fffff
31834,8810f2940bfffff
31835,8810f0dac5fffff
31836,8810a925abfffff
31837,8810f429a9fffff
31838,8810f59169fffff
31839,8810f5c091fffff
31840,8810f0c819fffff
31841,8810f081e3fffff
31842,8810f4baa3fffff
31843,8810f41065fffff
31844,8810f4c6b7fffff
31845,8810aba415fffff
31846,8810f464d3fffff
31847,8810f5912dfffff
31848,8810f5c88bfffff
31849,8810f680c9fffff
31850,8810f0d6e1fffff
31851,8810f632b7fffff
31852,8810f5d695fffff
31853,8810f5c821fffff
31854,8810f091b3fffff
31855,88101b5493fffff
31856,88101b6011fffff
31857,8810a965e9fffff
31858,8810f58f1dfffff
31859,8810f09637fffff
31860,8810f68681fffff
31861,8810f4425dfffff
31862,8810f54869fffff
31863,8810f61327fffff
31864,8810f0d555fffff
31865,8810f43033fffff
31866,8810f69ab9fffff
31867,8810f4c845fffff
31868,8810f68923fffff
31869,8810f48131fffff
31870,8810f40e53fffff
31871,88101b4e0bfffff
31872,8810f62c17fffff
31873,8810f5d8a1fffff
31874,8810f5d895fffff
31875,8810f0d0e7fffff
31876,88101b4729fffff
31877,88101a68d1fffff
31878,8810f48c83fffff
31879,8810aba4adfffff
31880,8810f4d765fffff
31881,88101b652bfffff
31882,8810a96105fffff
31883,8810f46cabfffff
31884,8810f0da37fffff
31885,8810f09287fffff
31886,8810f47511fffff
31887,8810a939a7fffff
31888,8810f4ca69fffff
31889,8810f0d76dfffff
31890,8810f4c80bfffff
31891,8810f4075dfffff
31892,8810f40ec9fffff
31893,8810f0daadfffff
31894,8810f40825fffff
31895,88101b46c3fffff
31896,8810f48f69fffff
31897,8810f54051fffff
31898,8810f5c4e5fffff
31899,8810a92cb7fffff
31900,8810f4b4a7fffff
31901,8810f5c25dfffff
31902,8810f0d301fffff
31903,8810f6808dfffff
31904,8810f68da3fffff
31905,8810f51817fffff
31906,8810f291bbfffff
31907,8810f46c4dfffff
31908,8810f5c655fffff
31909,8810a9688dfffff
31910,8810f48aebfffff
31911,8810a921e9fffff
31912,8810f66ed3fffff
31913,8810f09045fffff
31914,8810f66435fffff
31915,8810f41889fffff
31916,8810f6c191fffff
31917,8810a92223fffff
31918,8810f6a989fffff
31919,8810f59849fffff
31920,8810f58099fffff
31921,8810a92759fffff
31922,8810f47345fffff
31923,8810f54433fffff
31924,8810f4daa5fffff
31925,8810f6a8d5fffff
31926,8810f4b4e7fffff
31927,8810f45767fffff
31928,8810f6d4b5fffff
31929,8810f5d935fffff
31930,8810f09943fffff
31931,8810f42315fffff
31932,8810f5d309fffff
31933,8810f50239fffff
31934,8810f61051fffff
31935,8810f4a2d9fffff
31936,8810f428a5fffff
31937,8810f29847fffff
31938,8810f5b9abfffff
31939,8810f6a5b5fffff
31940,8810a96ab7fffff
31941,88101b66b3fffff
31942,8810f44615fffff
31943,8810f434b1fffff
31944,8810f44015fffff
31945,8810f69489fffff
31946,8810f45745fffff
31947,8810f63a87fffff
31948,8810f5c58bfffff
31949,8810f01123fffff
31950,8810f40c25fffff
31951,8810a92155fffff
31952,8810f58f3dfffff
31953,8810f28317fffff
31954,8810f05aabfffff
31955,8810f0db31fffff
31956,8810f0434dfffff
31957,8810f04337fffff
31958,8810f4b285fffff
31959,8810f42599fffff
31960,8810f48c4dfffff
31961,8810f48559fffff
31962,8810f4c959fffff
31963,8810a90c87fffff
31964,8810f680a5fffff
31965,8810f61b53fffff
31966,8810f46d69fffff
31967,8810f475a7fffff
31968,8810f0c429fffff
31969,8810f5990bfffff
31970,8810f588e5fffff
31971,8810f6a619fffff
31972,8810f620e7fffff
31973,8810f4a5bbfffff
31974,8810f46f01fffff
31975,8810f660b3fffff
31976,8810f612a1fffff
31977,8810a926d7fffff
31978,88101b76c1fffff
31979,8810f4d285fffff
31980,8810f51083fffff
31981,88101b6629fffff
31982,8810f458c3fffff
31983,8810f54a23fffff
31984,8810f6ae31fffff
31985,8810f0120bfffff
31986,8810f59ad3fffff
31987,8810f40739fffff
31988,88101b7ad5fffff
31989,88101b6b27fffff
31990,88101b6ad5fffff
31991,8810f29b67fffff
31992,8810f4711bfffff
31993,8810f6d803fffff
31994,8810f676d5fffff
31995,8810f08eb9fffff
31996,8810aba447fffff
31997,8810f46d19fffff
31998,8810f5cb41fffff
31999,8810f09465fffff
32000,8810f41697fffff
32001,8810f695b1fffff
32002,8810f698c9fffff
32003,8810f6ce95fffff
32004,8810f5d233fffff
32005,8810f4663dfffff
32006,88101b6763fffff
32007,88101b768dfffff
32008,8810f29613fffff
32009,8810a92e07fffff
32010,8810a96f1bfffff
32011,8810f62597fffff
32012,8810f54981fffff
32013,8810f6b957fffff
32014,8810f5b81dfffff
32015,8810a9674dfffff
32016,8810f68d43fffff
32017,8810f60a23fffff
32018,8810f6996bfffff
32019,8810f6a73bfffff
32020,8810f46931fffff
32021,8810f416e5fffff
32022,88101a6e91fffff
32023,8810a96897fffff
32024,8810f42611fffff
32025,8810f618b1fffff
32026,88101b6887fffff
32027,8810f094adfffff
32028,8810f45589fffff
32029,8810f630d9fffff
32030,8810f0d8a5fffff
32031,8810f58063fffff
32032,88101b6413fffff
32033,8810f541b1fffff
32034,8810f5c91bfffff
32035,8810f68553fffff
32036,8810f444edfffff
32037,8810f6c055fffff
32038,8810f41989fffff
32039,8810f404d1fffff
32040,8810f6a499fffff
32041,8810f41083fffff
32042,8810f6bb1bfffff
32043,8810f636d9fffff
32044,8810f43b43fffff
32045,8810f0944bfffff
32046,8810f6da5bfffff
32047,88101b4ee7fffff
32048,8810f599adfffff
32049,8810f5d691fffff
32050,8810f05083fffff
32051,8810f54257fffff
32052,88101b609dfffff
32053,8810f58d05fffff
32054,8810f6d4b9fffff
32055,8810f5c285fffff
32056,8810f4118dfffff
32057,8810f68235fffff
32058,8810f5c429fffff
32059,8810f68649fffff
32060,8810f42595fffff
32061,8810f698b1fffff
32062,8810f08c19fffff
32063,8810f412bbfffff
32064,8810f0c153fffff
32065,8810f40e61fffff
32066,8810f57325fffff
32067,8810f45699fffff
32068,8810a92c89fffff
32069,8810f46515fffff
32070,8810f58b3dfffff
32071,8810f5d015fffff
32072,8810f44ee3fffff
32073,8810f54939fffff
32074,8810f540e5fffff
32075,8810f4c243fffff
32076,8810f5c93bfffff
32077,88101b0dedfffff
32078,88101b4e1dfffff
32079,8810f47831fffff
32080,8810f2805bfffff
32081,8810f516c7fffff
32082,8810f449cbfffff
32083,88101b2c01fffff
32084,8810f6a463fffff
32085,8810f43281fffff
32086,88101b44a3fffff
32087,8810f55865fffff
32088,8810f41613fffff
32089,8810f5db11fffff
32090,8810f086bbfffff
32091,8810f4d503fffff
32092,88101b6025fffff
32093,8810f4c495fffff
32094,88101b7841fffff
32095,88101b6a09fffff
32096,8810f68de7fffff
32097,8810f4136dfffff
32098,8810f42187fffff
32099,88101b0c9dfffff
32100,8810f4a281fffff
32101,8810f2815dfffff
32102,8810f4d6e7fffff
32103,8810f44e2bfffff
32104,8810f08a25fffff
32105,8810f0d565fffff
32106,8810a929c1fffff
32107,8810f54a47fffff
32108,8810f58c39fffff
32109,88101b4483fffff
32110,8810f6ac5dfffff
32111,8810f2b349fffff
32112,8810f5cae9fffff
32113,8810f68e53fffff
32114,8810f2b331fffff
32115,8810f68543fffff
32116,8810f04813fffff
32117,8810f6a6b1fffff
32118,8810f40aa9fffff
32119,8810f4ce09fffff
32120,8810f05ad5fffff
32121,8810f4322dfffff
32122,8810f4d717fffff
32123,8810f4160dfffff
32124,8810f40ce5fffff
32125,8810f4b705fffff
32126,8810a96d11fffff
32127,8810f6bb09fffff
32128,8810f6c727fffff
32129,8810f29211fffff
32130,8810f632e5fffff
32131,8810f01433fffff
32132,8810f0820bfffff
32133,8810f6c547fffff
32134,8810f515e1fffff
32135,8810f285dbfffff
32136,8810f0ce31fffff
32137,8810f0931bfffff
32138,8810f47057fffff
32139,8810f68587fffff
32140,8810f58251fffff
32141,8810f44429fffff
32142,8810f0d5abfffff
32143,8810a93a55fffff
32144,8810f549adfffff
32145,8810f468cbfffff
32146,88101b5489fffff
32147,88101b70e3fffff
32148,8810f47ad5fffff
32149,8810f68965fffff
32150,88101b0e11fffff
32151,8810f4aa49fffff
32152,88101b286dfffff
32153,8810f6d605fffff
32154,8810f6a6d1fffff
32155,8810f459b9fffff
32156,8810f08a99fffff
32157,8810f45047fffff
32158,8810f44253fffff
32159,8810f5d1c7fffff
32160,8810f554adfffff
32161,8810f5880bfffff
32162,8810f0d8a3fffff
32163,8810f61a5dfffff
32164,8810f43025fffff
32165,8810f4c6dbfffff
32166,8810f47265fffff
32167,8810f55627fffff
32168,8810f67453fffff
32169,8810f0b161fffff
32170,8810f41559fffff
32171,8810f4ae8dfffff
32172,8810f62d31fffff
32173,88101b3b4bfffff
32174,8810f0c74dfffff
32175,8810f0d6e7fffff
32176,8810f46757fffff
32177,8810f55921fffff
32178,8810f43aa1fffff
32179,8810f4c4a5fffff
32180,8810f0d489fffff
32181,88101b0b07fffff
32182,8810f0da1bfffff
32183,8810f47addfffff
32184,8810f2b163fffff
32185,8810f6cadbfffff
32186,8810f5bb55fffff
32187,8810a96505fffff
32188,8810f5d087fffff
32189,8810f0d031fffff
32190,8810f0104bfffff
32191,8810f68b6bfffff
32192,8810f05a23fffff
32193,8810f6173bfffff
32194,8810f41061fffff
32195,8810f04abbfffff
32196,8810f48a87fffff
32197,8810f624d3fffff
32198,8810f415b5fffff
32199,88101b715bfffff
32200,8810f40905fffff
32201,8810f0c5b9fffff
32202,8810f4555bfffff
32203,8810f48599fffff
32204,8810f59149fffff
32205,8810f5d291fffff
32206,8810f6b1adfffff
32207,8810f08e0bfffff
32208,8810f44b59fffff
32209,8810f4b637fffff
32210,8810f54e45fffff
32211,8810f66f0bfffff
32212,8810f425d7fffff
32213,8810f63745fffff
32214,8810a92dcbfffff
32215,8810f0da93fffff
32216,8810f550e7fffff
32217,8810f45819fffff
32218,8810f689a3fffff
32219,8810f0112dfffff
32220,8810f6d233fffff
32221,8810f626cbfffff
32222,8810f66c39fffff
32223,8810f47537fffff
32224,8810f445d3fffff
32225,8810f66a11fffff
32226,8810f512b5fffff
32227,8810f6ae1bfffff
32228,8810f5d6a3fffff
32229,8810a939dbfffff
32230,8810f4caadfffff
32231,8810f452a5fffff
32232,8810f61a2bfffff
32233,8810f01ad1fffff
32234,8810f05a37fffff
32235,8810f5429bfffff
32236,8810f0c8b1fffff
32237,8810f46111fffff
32238,8810f6b8d3fffff
32239,8810f6d11bfffff
32240,8810f41315fffff
32241,8810a92d13fffff
32242,88101b6317fffff
32243,8810f6829dfffff
32244,8810f456ebfffff
32245,8810f4515dfffff
32246,8810f4ca41fffff
32247,8810f6b96dfffff
32248,88101b7a89fffff
32249,8810f4085bfffff
32250,8810f40f55fffff
32251,8810f08c45fffff
32252,8810f59237fffff
32253,8810f5d267fffff
32254,8810f282adfffff
32255,88101b74d1fffff
32256,8810f45801fffff
32257,8810f5014dfffff
32258,8810f68557fffff
32259,8810f62181fffff
32260,8810f44297fffff
32261,8810f42557fffff
32262,88101b6f1dfffff
32263,8810f4d81dfffff
32264,8810f5c433fffff
32265,8810f4272dfffff
32266,8810f6a057fffff
32267,8810f0d059fffff
32268,88101b701bfffff
32269,8810f6902dfffff
32270,8810f432a7fffff
32271,8810f2960bfffff
32272,8810f6a947fffff
32273,8810f6acd3fffff
32274,8810f4a65dfffff
32275,8810f01559fffff
32276,8810f01501fffff
32277,8810f4a603fffff
32278,8810f5d927fffff
32279,88101b00a1fffff
32280,88101b7963fffff
32281,8810f68dd9fffff
32282,8810f6a181fffff
32283,88101b0ed3fffff
32284,8810f44091fffff
32285,8810f45b5dfffff
32286,8810a925e1fffff
32287,8810f432d3fffff
32288,8810f50265fffff
32289,8810f42e23fffff
32290,8810f59b1bfffff
32291,8810f45091fffff
32292,8810f46163fffff
32293,88101b4f19fffff
32294,8810f0b205fffff
32295,8810a92093fffff
32296,8810f66cb3fffff
32297,8810f6ce27fffff
32298,8810f43687fffff
32299,8810f5d8d1fffff
32300,8810f479b9fffff
32301,8810f61a49fffff
32302,8810f69b69fffff
32303,8810f4451bfffff
32304,8810f29605fffff
32305,8810f6a81bfffff
32306,88101b54b1fffff
32307,8810f4a445fffff
32308,8810f6088dfffff
32309,8810f28401fffff
32310,8810f6c4edfffff
32311,8810f0cd35fffff
32312,8810f66547fffff
32313,8810f4660bfffff
32314,8810f4274bfffff
32315,8810f430cbfffff
32316,88101b7b39fffff
32317,8810f4ce45fffff
32318,88101b4f35fffff
32319,8810f40683fffff
32320,8810f4c65bfffff
32321,8810f6ae97fffff
32322,8810a96081fffff
32323,8810f549e1fffff
32324,8810f09463fffff
32325,8810f29b4bfffff
32326,8810f4726bfffff
32327,88101b0d1bfffff
32328,8810f40ee1fffff
32329,8810f08d41fffff
32330,8810f45027fffff
32331,8810f57359fffff
32332,88101b7335fffff
32333,8810f549c3fffff
32334,8810f29b2bfffff
32335,8810f4ba1dfffff
32336,8810f665adfffff
32337,8810f05b17fffff
32338,8810f08a4bfffff
32339,8810f6bb49fffff
32340,8810f2991bfffff
32341,8810f6643dfffff
32342,8810f48567fffff
32343,8810f455a5fffff
32344,8810f6a0e3fffff
32345,8810f47367fffff
32346,8810f68547fffff
32347,8810f0ca05fffff
32348,8810f0998bfffff
32349,8810f6a681fffff
32350,88101b6ac5fffff
32351,8810f5ba1dfffff
32352,88101b0a4dfffff
32353,88101b00b7fffff
32354,8810f011b3fffff
32355,8810f47b2dfffff
32356,8810f68eedfffff
32357,8810f0c9cbfffff
32358,8810f4ad29fffff
32359,8810f682a5fffff
32360,8810f42031fffff
32361,8810f6940bfffff
32362,8810f01b67fffff
32363,8810f60319fffff
32364,8810f55763fffff
32365,8810f4d331fffff
32366,8810f44417fffff
32367,8810a96937fffff
32368,88101b66adfffff
32369,8810f6763bfffff
32370,8810f6cabdfffff
32371,8810f4d581fffff
32372,8810a92521fffff
32373,8810f6a83bfffff
32374,8810a96469fffff
32375,8810f4732dfffff
32376,8810f0135bfffff
32377,8810f51b07fffff
32378,8810f4aabdfffff
32379,8810f554a5fffff
32380,8810f08837fffff
32381,8810f49b1dfffff
32382,8810f40e31fffff
32383,8810f5488dfffff
32384,8810f0cb13fffff
32385,8810f42769fffff
32386,8810f08f51fffff
32387,8810f46935fffff
32388,88101b6de1fffff
32389,8810f4d1a7fffff
32390,8810f625a5fffff
32391,8810f5c59dfffff
32392,8810f691ebfffff
32393,8810f4b9cbfffff
32394,8810f4c339fffff
32395,8810f5c43dfffff
32396,8810f59091fffff
32397,8810f66ed7fffff
32398,8810f452e3fffff
32399,8810f05039fffff
32400,88101b759bfffff
32401,8810f00319fffff
32402,8810f471abfffff
32403,8810f68533fffff
32404,8810f50a93fffff
32405,8810f446dbfffff
32406,8810f5c49dfffff
32407,8810f40135fffff
32408,8810a96c8dfffff
32409,8810f015e9fffff
32410,8810f04369fffff
32411,8810f48b17fffff
32412,8810f62d83fffff
32413,8810f08719fffff
32414,88101b6f03fffff
32415,8810f6c2adfffff
32416,8810f48b29fffff
32417,8810f6b551fffff
32418,8810f0b867fffff
32419,8810f62d61fffff
32420,88101b54a9fffff
32421,8810f0c66dfffff
32422,8810f6d655fffff
32423,8810f62547fffff
32424,8810f0ab45fffff
32425,8810f68251fffff
32426,88101b66a3fffff
32427,8810f61087fffff
32428,88101b4e85fffff
32429,8810f48499fffff
32430,8810f42807fffff
32431,88101b19bbfffff
32432,8810f0868bfffff
32433,8810f0db17fffff
32434,8810f4a56dfffff
32435,88101b789dfffff
32436,8810f5c019fffff
32437,8810f6a065fffff
32438,8810f68007fffff
32439,8810f284c3fffff
32440,8810f6c889fffff
32441,88101b0e31fffff
32442,8810f0b135fffff
32443,8810f48a67fffff
32444,8810f41289fffff
32445,8810f48b2dfffff
32446,8810f05127fffff
32447,8810f43001fffff
32448,8810f08d19fffff
32449,8810f6a4e3fffff
32450,8810f55011fffff
32451,8810f46899fffff
32452,8810f51033fffff
32453,88101b7861fffff
32454,8810a938c5fffff
32455,8810f67437fffff
32456,8810f68003fffff
32457,8810f5c69bfffff
32458,8810f6b60bfffff
32459,8810f59857fffff
32460,8810f282e3fffff
32461,8810f4b165fffff
32462,8810f29283fffff
32463,8810f09137fffff
32464,8810f618cbfffff
32465,8810f0856bfffff
32466,88101b4519fffff
32467,8810f418e1fffff
32468,8810f6b487fffff
32469,8810f42ae9fffff
32470,8810f50225fffff
32471,8810f0021bfffff
32472,8810f47aabfffff
32473,8810f48ea9fffff
32474,8810f61b63fffff
32475,8810f01567fffff
32476,88101a6ec7fffff
32477,8810f4d161fffff
32478,88101b56e5fffff
32479,8810f6a4cdfffff
32480,88101b7363fffff
32481,8810f094dbfffff
32482,88101b0103fffff
32483,88101b4655fffff
32484,8810f41a6bfffff
32485,8810f5cd59fffff
32486,8810f4546dfffff
32487,8810f60349fffff
32488,8810f0923bfffff
32489,8810f54965fffff
32490,8810f41895fffff
32491,88101b54d7fffff
32492,8810f6c247fffff
32493,8810f6384dfffff
32494,8810f01529fffff
32495,8810f54095fffff
32496,8810f4688bfffff
32497,8810f47243fffff
32498,8810f68a45fffff
32499,8810f4c4cbfffff
32500,8810a9246dfffff
32501,8810f0bb0bfffff
32502,8810f4cb65fffff
32503,8810f6ae87fffff
32504,8810f5962bfffff
32505,8810f54819fffff
32506,8810f66557fffff
32507,8810f69693fffff
32508,8810f091e3fffff
32509,8810f55445fffff
32510,8810f54155fffff
32511,8810f4a31dfffff
32512,8810f4ad59fffff
32513,8810f0c051fffff
32514,8810f4ad35fffff
32515,8810f6c707fffff
32516,8810f51349fffff
32517,8810a92937fffff
32518,8810f61067fffff
32519,8810f4183dfffff
32520,8810f5006bfffff
32521,8810f6b4e9fffff
32522,8810f442b1fffff
32523,8810f28553fffff
32524,8810f6a4a1fffff
32525,8810f451b5fffff
32526,8810f0919bfffff
32527,8810f41ab9fffff
32528,8810f4100dfffff
32529,8810f4a21dfffff
32530,8810f015d7fffff
32531,8810f4cc6bfffff
32532,88101b0ea7fffff
32533,8810f54aa1fffff
32534,8810f4c281fffff
32535,8810f41ad3fffff
32536,8810f554d3fffff
32537,8810f63031fffff
32538,8810f418a7fffff
32539,8810f4b5e3fffff
32540,8810f48cc3fffff
32541,8810f29481fffff
32542,8810f4cb61fffff
32543,8810f5c085fffff
32544,8810f42291fffff
32545,8810f01195fffff
32546,8810f4cd47fffff
32547,8810f4605dfffff
32548,8810f4d315fffff
32549,8810f639c3fffff
32550,88101b6155fffff
32551,8810f5c81bfffff
32552,8810f50285fffff
32553,8810f4ce0bfffff
32554,8810f5db67fffff
32555,8810f5cc49fffff
32556,8810f29ab5fffff
32557,88101b54a3fffff
32558,8810f6613dfffff
32559,8810f59163fffff
32560,8810f61501fffff
32561,8810f44f39fffff
32562,8810f635edfffff
32563,8810f5d319fffff
32564,8810f47ad1fffff
32565,8810a96033fffff
32566,8810f081dbfffff
32567,88101b4ec1fffff
32568,8810f6a66bfffff
32569,8810f0a209fffff
32570,8810f421ddfffff
32571,8810f42929fffff
32572,8810f4d181fffff
32573,8810f5190bfffff
32574,8810f45229fffff
32575,88101b619bfffff
32576,8810f09525fffff
32577,8810f4d11bfffff
32578,8810f4309dfffff
32579,8810f6d0e9fffff
32580,88101b0c19fffff
32581,8810a96401fffff
32582,8810f58b05fffff
32583,8810f08ac9fffff
32584,8810f08153fffff
32585,8810f6120bfffff
32586,8810f6ab47fffff
32587,8810f47313fffff
32588,8810f66e8dfffff
32589,8810f016a1fffff
32590,8810f69911fffff
32591,88101b4295fffff
32592,8810a9291bfffff
32593,8810f47b23fffff
32594,8810f60311fffff
32595,8810f46c89fffff
32596,8810f0c5c7fffff
32597,88101b4417fffff
32598,8810a934c1fffff
32599,8810f6d337fffff
32600,8810f6b51dfffff
32601,8810f48e9bfffff
32602,8810f556bdfffff
32603,88101b7643fffff
32604,8810f512e3fffff
32605,8810f40743fffff
32606,8810f62897fffff
32607,8810f40b53fffff
32608,8810f08547fffff
32609,88101b6a93fffff
32610,8810f62dcdfffff
32611,8810f0b29bfffff
32612,8810f63ab9fffff
32613,8810f4149bfffff
32614,8810f28113fffff
32615,8810f5888bfffff
32616,8810f09661fffff
32617,8810f5d315fffff
32618,8810f4451dfffff
32619,8810f66ce5fffff
32620,8810f61645fffff
32621,8810f54159fffff
32622,8810f5d867fffff
32623,8810f0cec1fffff
32624,8810f48183fffff
32625,8810f0193bfffff
32626,8810f4a039fffff
32627,8810f62515fffff
32628,8810f6a82dfffff
32629,8810f45807fffff
32630,88101b68bbfffff
32631,8810f28307fffff
32632,8810f63b2bfffff
32633,8810f088d1fffff
32634,8810f682adfffff
32635,8810a928b5fffff
32636,88101b003bfffff
32637,8810f46d83fffff
32638,8810f6a1c9fffff
32639,8810f68449fffff
32640,8810f6d6c7fffff
32641,8810f08f4bfffff
32642,8810f434bbfffff
32643,8810f59955fffff
32644,8810f4514dfffff
32645,8810f0c73bfffff
32646,8810f09099fffff
32647,8810f0963bfffff
32648,8810f5513dfffff
32649,8810f5d35dfffff
32650,88101b62d5fffff
32651,8810f010e1fffff
32652,8810f55a99fffff
32653,8810f681ddfffff
32654,8810f2821dfffff
32655,8810f408c5fffff
32656,8810f422adfffff
32657,8810f66c19fffff
32658,88101b4437fffff
32659,8810f540cbfffff
32660,8810f4609dfffff
32661,8810f4a245fffff
32662,8810f09937fffff
32663,8810f441a3fffff
32664,8810f5031dfffff
32665,8810a925b5fffff
32666,8810f4334bfffff
32667,8810f43b15fffff
32668,8810f480a5fffff
32669,8810f420bbfffff
32670,8810f60163fffff
32671,8810f58e51fffff
32672,8810f4a8a3fffff
32673,88101b6ca5fffff
32674,8810f5c361fffff
32675,8810f46063fffff
32676,8810f55905fffff
32677,8810f05a59fffff
32678,8810f280e1fffff
32679,8810f4d103fffff
32680,8810f68a5dfffff
32681,8810f2843dfffff
32682,8810f44cabfffff
32683,8810f290edfffff
32684,8810f44a4bfffff
32685,8810f4d6dbfffff
32686,8810f4d547fffff
32687,8810f05ad1fffff
32688,88101b4d37fffff
32689,8810f49911fffff
32690,8810f44427fffff
32691,8810f62657fffff
32692,88101b0f1bfffff
32693,8810f692e5fffff
32694,8810f0da4dfffff
32695,8810f636adfffff
32696,8810f468b7fffff
32697,8810a966bbfffff
32698,88101b60c7fffff
32699,8810f286e1fffff
32700,8810f6b917fffff
32701,8810f45b11fffff
32702,8810f0d9abfffff
32703,8810f05237fffff
32704,8810f48e2dfffff
32705,8810f474c5fffff
32706,8810f4a605fffff
32707,8810f4ae15fffff
32708,8810f4d58dfffff
32709,8810f0b065fffff
32710,88101b05c1fffff
32711,88101b0a45fffff
32712,88101b4561fffff
32713,8810f4b6c7fffff
32714,8810f6831dfffff
32715,8810a96e29fffff
32716,8810f434dbfffff
32717,88101b69adfffff
32718,8810f588d1fffff
32719,8810f58831fffff
32720,8810f09ad3fffff
32721,8810f28189fffff
32722,8810f54253fffff
32723,8810f549a1fffff
32724,8810f4aec7fffff
32725,8810f60ac5fffff
32726,8810f0ca37fffff
32727,88101a6d3bfffff
32728,8810f0b359fffff
32729,88101b6309fffff
32730,8810f6b1e5fffff
32731,88101a650bfffff
32732,8810f582edfffff
32733,8810f556a1fffff
32734,8810f4442dfffff
32735,8810f088cbfffff
32736,8810f511dbfffff
32737,88101b79b5fffff
32738,8810f290bbfffff
32739,8810a9392dfffff
32740,8810f4d659fffff
32741,8810f4a44dfffff
32742,8810f4cd23fffff
32743,8810f55227fffff
32744,8810f42dcbfffff
32745,8810f4d28dfffff
32746,88101b0c43fffff
32747,8810f01a8dfffff
32748,8810f46cbdfffff
32749,8810a93a21fffff
32750,8810f44817fffff
32751,8810f69b51fffff
32752,88101b0a1bfffff
32753,8810f58f17fffff
32754,8810f4c347fffff
32755,8810f4cb43fffff
32756,8810f09455fffff
32757,8810f605c7fffff
32758,8810f54113fffff
32759,8810f46e0bfffff
32760,8810f5153dfffff
32761,8810f002e9fffff
32762,8810f4b0abfffff
32763,8810a929a9fffff
32764,8810f66e2bfffff
32765,8810f69469fffff
32766,8810aba623fffff
32767,8810f551c7fffff
32768,8810f51a99fffff
32769,8810f015ddfffff
32770,8810f29815fffff
32771,8810f62a3bfffff
32772,8810a96e93fffff
32773,8810f4ae19fffff
32774,8810f46a51fffff
32775,8810a9a4bdfffff
32776,8810f68805fffff
32777,8810f0d6dbfffff
32778,8810f47859fffff
32779,8810f5c349fffff
32780,88101b48e3fffff
32781,8810f4aed5fffff
32782,88101b0cadfffff
32783,8810f61ab5fffff
32784,88101b681bfffff
32785,88101b4f33fffff
32786,8810f611a7fffff
32787,8810f4c92dfffff
32788,8810f55557fffff
32789,8810f0858bfffff
32790,8810f6b1e3fffff
32791,8810f42915fffff
32792,8810f51197fffff
32793,88101b4183fffff
32794,8810f62691fffff
32795,8810f420cdfffff
32796,8810f43831fffff
32797,8810f468adfffff
32798,8810f6aadbfffff
32799,8810f6969dfffff
32800,8810f685d9fffff
32801,8810f58411fffff
32802,8810f48cd1fffff
32803,8810f63a1bfffff
32804,8810f5c74dfffff
32805,88101b4f1dfffff
32806,8810a97589fffff
32807,8810f401d9fffff
32808,8810f4d0c5fffff
32809,8810f4d021fffff
32810,8810f0ab59fffff
32811,8810f0c881fffff
32812,8810a966a1fffff
32813,8810f580ebfffff
32814,88101b45cdfffff
32815,8810f6d859fffff
32816,8810f48865fffff
32817,88101b6233fffff
32818,8810f08a61fffff
32819,8810f48e01fffff
32820,8810f699a9fffff
32821,8810f01201fffff
32822,8810f0bb0dfffff
32823,8810f63ae7fffff
32824,8810f680e9fffff
32825,88101b4815fffff
32826,8810f47195fffff
32827,88101b614bfffff
32828,8810f614e3fffff
32829,88101b4de9fffff
32830,8810f5c1dbfffff
32831,88101b7009fffff
32832,8810f69923fffff
32833,8810f5d89dfffff
32834,8810f04859fffff
32835,8810f09503fffff
32836,8810f05a53fffff
32837,8810f46333fffff
32838,88101b2b35fffff
32839,8810f0d053fffff
32840,8810f2874dfffff
32841,8810f59adbfffff
32842,8810f48e2bfffff
32843,8810f4a84bfffff
32844,8810f2930bfffff
32845,8810f5c9bbfffff
32846,8810f519ebfffff
32847,8810f6d105fffff
32848,8810f4d663fffff
32849,8810f6d29bfffff
32850,8810f42e33fffff
32851,8810f0c8a7fffff
32852,8810f6ce25fffff
32853,8810f4c33dfffff
32854,8810f04b0dfffff
32855,8810f44ad9fffff
32856,8810f692b1fffff
32857,88101b56e9fffff
32858,8810f43205fffff
32859,8810a92a33fffff
32860,8810f48b51fffff
32861,8810f468d5fffff
32862,8810f6133dfffff
32863,8810f47359fffff
32864,8810f6a483fffff
32865,8810f60abbfffff
32866,8810f5d80bfffff
32867,88101b6087fffff
32868,8810f5d161fffff
32869,8810a92a9bfffff
32870,8810f6930bfffff
32871,8810f546cdfffff
32872,8810f591d9fffff
32873,8810a92c63fffff
32874,88101b6ab5fffff
32875,8810f44aedfffff
32876,8810f49951fffff
32877,8810f46de5fffff
32878,8810f4d56bfffff
32879,8810f4c599fffff
32880,8810f58ec5fffff
32881,8810f4c809fffff
32882,8810f420d5fffff
32883,88101b4ccbfffff
32884,8810f48415fffff
32885,8810f0c923fffff
32886,8810f4ba1bfffff
32887,8810f014a5fffff
32888,8810f5028bfffff
32889,8810f4d8b9fffff
32890,88101b2907fffff
32891,8810f2b225fffff
32892,8810f460c3fffff
32893,8810f41b27fffff
32894,8810f48b3bfffff
32895,88101b0845fffff
32896,8810f41b43fffff
32897,8810f43309fffff
32898,8810f4a0a9fffff
32899,8810f43721fffff
32900,8810f0db49fffff
32901,8810f6c5b3fffff
32902,88101b466dfffff
32903,8810f4a45dfffff
32904,8810f55251fffff
32905,8810f5c581fffff
32906,8810f605abfffff
32907,8810f61289fffff
32908,8810f54485fffff
32909,8810f68633fffff
32910,8810f5c131fffff
32911,8810f0da45fffff
32912,8810f09523fffff
32913,8810f61563fffff
32914,8810f664c5fffff
32915,88101a6dc3fffff
32916,8810f44f25fffff
32917,8810f011e1fffff
32918,8810f434cbfffff
32919,8810f6d709fffff
32920,8810f61649fffff
32921,8810f0d749fffff
32922,8810f581adfffff
32923,8810f4588dfffff
32924,8810f0cb53fffff
32925,8810f638d3fffff
32926,8810f6393dfffff
32927,8810f41ac1fffff
32928,8810f58469fffff
32929,8810f01085fffff
32930,8810f675c1fffff
32931,88101b7127fffff
32932,8810f6b201fffff
32933,8810f47051fffff
32934,8810f6114bfffff
32935,8810f550adfffff
32936,8810f6d761fffff
32937,8810f6acedfffff
32938,8810f059e1fffff
32939,8810f01a89fffff
32940,88101b74a1fffff
32941,8810a9742dfffff
32942,8810f42f51fffff
32943,8810a92519fffff
32944,8810a92a43fffff
32945,8810f549b5fffff
32946,8810a92ce3fffff
32947,8810f42de9fffff
32948,8810f4d289fffff
32949,8810f0c239fffff
32950,8810f082adfffff
32951,8810f43067fffff
32952,8810f4ac6dfffff
32953,88101b0915fffff
32954,8810f635c3fffff
32955,8810f58021fffff
32956,88101b41a7fffff
32957,8810f479e9fffff
32958,8810f40169fffff
32959,8810f29725fffff
32960,8810f6a53dfffff
32961,8810f47849fffff
32962,8810f4d2e1fffff
32963,8810a96455fffff
32964,8810f63ad3fffff
32965,8810f04a97fffff
32966,8810a975b7fffff
32967,88101b7459fffff
32968,8810f54529fffff
32969,8810f4ae27fffff
32970,8810f6ce69fffff
32971,88101b0ab5fffff
32972,8810f4a485fffff
32973,8810f5d807fffff
32974,8810f4460bfffff
32975,88101b019dfffff
32976,8810f40c03fffff
32977,88101b0ae1fffff
32978,8810f5d92dfffff
32979,88101b69b1fffff
32980,88101b6881fffff
32981,8810f0b989fffff
32982,8810f09723fffff
32983,8810f6a4d5fffff
32984,8810f48f13fffff
32985,8810f04831fffff
32986,8810f60ad3fffff
32987,8810f54a5dfffff
32988,8810f590c1fffff
32989,8810f48c01fffff
32990,8810f6a355fffff
32991,88101b602bfffff
32992,8810f4cd43fffff
32993,8810f5d117fffff
32994,8810f5ccbbfffff
32995,8810f44049fffff
32996,88101b70edfffff
32997,8810f62c2dfffff
32998,8810f58051fffff
32999,8810f62c65fffff
33000,8810f01599fffff
33001,88101b09edfffff
33002,8810a96d89fffff
33003,8810f0c703fffff
33004,8810f4a665fffff
33005,8810f5b985fffff
33006,8810f46a21fffff
33007,8810f47283fffff
33008,8810a976c9fffff
33009,8810f44f43fffff
33010,8810f68b5bfffff
33011,88101b3927fffff
33012,8810f00087fffff
33013,8810f000c7fffff
33014,8810f545edfffff
33015,8810f4a4c1fffff
33016,8810f68237fffff
33017,88101b6b65fffff
33018,8810f48f39fffff
33019,8810f4ac37fffff
33020,8810f090e3fffff
33021,8810f61133fffff
33022,8810f43525fffff
33023,8810f4ce1dfffff
33024,88101b0f4bfffff
33025,8810f5d609fffff
33026,8810f6a913fffff
33027,8810f694c5fffff
33028,8810f08e29fffff
33029,8810f54b69fffff
33030,8810f6da99fffff
33031,8810a90cb7fffff
33032,8810f4b499fffff
33033,8810f6246dfffff
33034,8810a92eebfffff
33035,8810f0c5c1fffff
33036,8810f40633fffff
33037,8810f489d7fffff
33038,88101b2de9fffff
33039,8810f61025fffff
33040,8810f58d3bfffff
33041,8810f54023fffff
33042,8810f4c547fffff
33043,8810f556c9fffff
33044,88101b648dfffff
33045,8810f60a29fffff
33046,8810f6866dfffff
33047,8810f4d9ddfffff
33048,8810f638c5fffff
33049,8810f48c1bfffff
33050,8810f6842bfffff
33051,8810a90cbdfffff
33052,8810a92697fffff
33053,8810f0d991fffff
33054,8810f4415dfffff
33055,8810f4616dfffff
33056,8810f40809fffff
33057,8810f636b3fffff
33058,8810f44625fffff
33059,8810f40b35fffff
33060,8810f42e99fffff
33061,88101b4453fffff
33062,8810a938cbfffff
33063,8810f6918bfffff
33064,8810f5098bfffff
33065,8810a92569fffff
33066,8810f0b1ddfffff
33067,8810f5c15bfffff
33068,8810f29641fffff
33069,8810f68305fffff
33070,8810f5d683fffff
33071,8810f69981fffff
33072,8810f612d7fffff
33073,8810f6c051fffff
33074,8810f58ec1fffff
33075,8810f29a61fffff
33076,8810a96723fffff
33077,88101b0de5fffff
33078,8810f0b259fffff
33079,8810f09537fffff
33080,8810f0b9e9fffff
33081,88101a6c17fffff
33082,8810f62f23fffff
33083,8810f48ea5fffff
33084,8810f40263fffff
33085,8810f2846dfffff
33086,8810f43ab3fffff
33087,8810f696c3fffff
33088,8810f51049fffff
33089,8810a93abbfffff
33090,8810f6d46bfffff
33091,8810a96d03fffff
33092,8810f612a3fffff
33093,88101b7ac5fffff
33094,8810f4374bfffff
33095,8810f4b951fffff
33096,8810f0d593fffff
33097,8810f43a31fffff
33098,8810f69acbfffff
33099,8810f6d4dbfffff
33100,8810f42281fffff
33101,8810f54463fffff
33102,8810f096cdfffff
33103,8810f4d421fffff
33104,8810f04815fffff
33105,8810f55913fffff
33106,8810f6d217fffff
33107,8810f04a53fffff
33108,8810f5cc65fffff
33109,8810f6cd4bfffff
33110,8810f08927fffff
33111,88101a6eb5fffff
33112,8810f42c35fffff
33113,8810f41693fffff
33114,8810f6b355fffff
33115,8810f471bbfffff
33116,88101b6cd5fffff
33117,8810f54ee1fffff
33118,8810f62f17fffff
33119,8810f55981fffff
33120,8810f60157fffff
33121,8810f01ae1fffff
33122,8810f29117fffff
33123,8810f5ce5dfffff
33124,8810f41a83fffff
33125,8810f420b1fffff
33126,8810f018c7fffff
33127,8810f46713fffff
33128,88101b7017fffff
33129,8810f44a51fffff
33130,88101b44a5fffff
33131,8810f59629fffff
33132,8810f46703fffff
33133,8810f46637fffff
33134,8810f000ebfffff
33135,8810f40b65fffff
33136,8810f4ab67fffff
33137,8810f089d3fffff
33138,8810f00019fffff
33139,8810f62061fffff
33140,8810f0073dfffff
33141,8810f43101fffff
33142,8810f0ca39fffff
33143,88101b39ebfffff
33144,8810f280bbfffff
33145,8810a925bdfffff
33146,8810f00743fffff
33147,8810f619d5fffff
33148,8810f4c5e9fffff
33149,8810f68d53fffff
33150,8810f4b74bfffff
33151,8810f010e9fffff
33152,8810f0522bfffff
33153,8810a965e5fffff
33154,8810a97489fffff
33155,8810f50b2dfffff
33156,8810f6633dfffff
33157,8810f634d3fffff
33158,8810f68639fffff
33159,8810f611e7fffff
33160,8810f44515fffff
33161,8810f4ab0dfffff
33162,8810f41405fffff
33163,8810f088d9fffff
33164,8810f47017fffff
33165,8810f6d753fffff
33166,8810f4b1a5fffff
33167,8810f0cc53fffff
33168,88101b44b3fffff
33169,8810f2b263fffff
33170,8810f544d9fffff
33171,8810f08565fffff
33172,8810f68d27fffff
33173,8810a92e3dfffff
33174,8810f55187fffff
33175,8810a960e1fffff
33176,8810f6b9e7fffff
33177,8810a9689bfffff
33178,8810f4af4dfffff
33179,8810f68d33fffff
33180,8810f0b995fffff
33181,8810f66f67fffff
33182,8810f68097fffff
33183,8810f54367fffff
33184,8810f519adfffff
33185,8810f5820dfffff
33186,8810f4b957fffff
33187,8810f6c53bfffff
33188,8810f0d007fffff
33189,8810f60149fffff
33190,8810f4d65bfffff
33191,88101b62e9fffff
33192,88101b2965fffff
33193,88101b60a5fffff
33194,8810f5c0c9fffff
33195,8810f5d5bdfffff
33196,8810f5d25bfffff
33197,8810f5892dfffff
33198,8810f01145fffff
33199,8810f4ae9bfffff
33200,8810a92997fffff
33201,8810f69849fffff
33202,88101a6f1bfffff
33203,8810a92a17fffff
33204,8810f4204bfffff
33205,8810f0b069fffff
33206,88101b7aa9fffff
33207,8810f590d9fffff
33208,8810f018c5fffff
33209,88101b64e5fffff
33210,8810f6d1a5fffff
33211,8810f4a741fffff
33212,8810f68de1fffff
33213,8810f62a53fffff
33214,8810f5911bfffff
33215,8810f58a05fffff
33216,8810f676b3fffff
33217,8810f43953fffff
33218,88101b7527fffff
33219,8810f475d9fffff
33220,8810f4cc59fffff
33221,8810f29543fffff
33222,8810f6104dfffff
33223,8810f499a5fffff
33224,8810f4730bfffff
33225,8810f6ba95fffff
33226,8810f44697fffff
33227,8810f4c0e1fffff
33228,8810f5cae1fffff
33229,8810a9741dfffff
33230,8810f472a3fffff
33231,8810f0841bfffff
33232,8810f6d71dfffff
33233,8810f28481fffff
33234,8810f44285fffff
33235,8810f68cd9fffff
33236,8810f4c6edfffff
33237,8810f45abbfffff
33238,8810f6a329fffff
33239,8810f4164bfffff
33240,8810f624e1fffff
33241,8810f44825fffff
33242,88101b4e8dfffff
33243,8810f4401dfffff
33244,8810f4cb57fffff
33245,8810f66563fffff
33246,8810f551a5fffff
33247,8810f59b29fffff
33248,8810f489e3fffff
33249,8810a975abfffff
33250,8810a964ebfffff
33251,8810f620e9fffff
33252,8810f44509fffff
33253,8810f46341fffff
33254,8810f6a8d7fffff
33255,8810f5584dfffff
33256,8810f4a145fffff
33257,8810f05b45fffff
33258,8810f4d1a3fffff
33259,8810f48431fffff
33260,8810f012cbfffff
33261,88101b488bfffff
33262,8810f01003fffff
33263,8810f5ba29fffff
33264,8810f29b25fffff
33265,8810f61135fffff
33266,8810f01489fffff
33267,88101b02b7fffff
33268,8810f42025fffff
33269,8810a92621fffff
33270,8810f4a9e3fffff
33271,8810f55183fffff
33272,8810f54c2bfffff
33273,8810f4604bfffff
33274,8810f6a92bfffff
33275,8810f4c19dfffff
33276,8810f2b327fffff
33277,8810f54e89fffff
33278,8810f45363fffff
33279,88101b2c23fffff
33280,88101b7121fffff
33281,8810f4270bfffff
33282,8810f472abfffff
33283,88101b6063fffff
33284,8810f6b585fffff
33285,8810f6cab7fffff
33286,8810f4d295fffff
33287,8810f40a81fffff
33288,8810f43029fffff
33289,8810f0c645fffff
33290,8810f08eb1fffff
33291,8810f5593bfffff
33292,8810f61567fffff
33293,8810f0cf41fffff
33294,8810a92f15fffff
33295,8810f09a51fffff
33296,8810f42665fffff
33297,8810f48b05fffff
33298,8810f085cdfffff
33299,8810f40aa7fffff
33300,8810f478a9fffff
33301,8810f622abfffff
33302,88101b39e9fffff
33303,8810f69513fffff
33304,8810f43305fffff
33305,8810f4ac5dfffff
33306,8810f546a9fffff
33307,8810f420d9fffff
33308,8810f4d2c3fffff
33309,8810f42d61fffff
33310,8810f510e9fffff
33311,8810f6609dfffff
33312,8810f6d757fffff
33313,8810f462c7fffff
33314,8810f4cb35fffff
33315,8810f68935fffff
33316,88101a6db7fffff
33317,88101b6965fffff
33318,8810f4c9c5fffff
33319,8810f4890dfffff
33320,8810f5d8b7fffff
33321,8810f50a53fffff
33322,8810f6aee3fffff
33323,88101b6ccbfffff
33324,8810f29297fffff
33325,8810a974e5fffff
33326,8810a96631fffff
33327,8810f60583fffff
33328,8810f41159fffff
33329,88101b0811fffff
33330,8810f6a939fffff
33331,8810f05365fffff
33332,8810f43911fffff
33333,88101b69b7fffff
33334,8810f42023fffff
33335,8810f68f4bfffff
33336,8810f58025fffff
33337,8810f04a57fffff
33338,8810f28a0bfffff
33339,8810f58223fffff
33340,8810f68b23fffff
33341,8810f5d99dfffff
33342,8810f2b35dfffff
33343,8810f69665fffff
33344,8810f445b1fffff
33345,8810f4712dfffff
33346,8810f541cdfffff
33347,8810f61a27fffff
33348,8810f4ab1dfffff
33349,8810f4483bfffff
33350,88101b0803fffff
33351,8810a96487fffff
33352,88101b74ebfffff
33353,8810f0d311fffff
33354,8810f094a1fffff
33355,8810f5d163fffff
33356,8810f6ada5fffff
33357,8810f63631fffff
33358,8810a92525fffff
33359,8810f5c703fffff
33360,8810f5ce15fffff
33361,8810f42c99fffff
33362,8810f58ab1fffff
33363,8810f43131fffff
33364,8810f4acb3fffff
33365,8810f46749fffff
33366,8810f6a011fffff
33367,8810f0aa69fffff
33368,8810f052d3fffff
33369,88101b64a7fffff
33370,8810f6ab33fffff
33371,8810f084d1fffff
33372,8810f4a6c5fffff
33373,8810a9673bfffff
33374,8810f42c8bfffff
33375,8810f46997fffff
33376,8810f280adfffff
33377,8810f40539fffff
33378,8810f6c183fffff
33379,8810f51719fffff
33380,88101b0a23fffff
33381,8810f28419fffff
33382,8810f5c587fffff
33383,8810f6c49bfffff
33384,8810f48a99fffff
33385,8810f51445fffff
33386,8810f4643dfffff
33387,8810f28635fffff
33388,8810f46623fffff
33389,8810f0c86dfffff
33390,8810f6b40dfffff
33391,8810f618ddfffff
33392,8810f410a9fffff
33393,8810f6c025fffff
33394,8810f08e31fffff
33395,8810f47825fffff
33396,88101b6e63fffff
33397,88101b66c5fffff
33398,88101b4f3bfffff
33399,88101b088dfffff
33400,8810f62da3fffff
33401,8810f470d9fffff
33402,8810f44563fffff
33403,8810f0109dfffff
33404,8810f4330bfffff
33405,8810a92205fffff
33406,8810f49867fffff
33407,8810f665dbfffff
33408,8810f4ad05fffff
33409,8810f68657fffff
33410,8810f5d065fffff
33411,8810f5d735fffff
33412,8810f08961fffff
33413,8810f4a5b9fffff
33414,8810f466a5fffff
33415,8810f4cdb1fffff
33416,8810f50821fffff
33417,8810a93929fffff
33418,8810a974d9fffff
33419,8810f29167fffff
33420,8810f62f09fffff
33421,8810f69525fffff
33422,8810f6bb2dfffff
33423,8810f4304dfffff
33424,8810f601e5fffff
33425,8810f48b47fffff
33426,8810f5d225fffff
33427,8810f28e49fffff
33428,8810f0b0c7fffff
33429,8810f50335fffff
33430,8810f41111fffff
33431,8810f4c1d9fffff
33432,8810f58eabfffff
33433,8810f6a2edfffff
33434,8810f050e5fffff
33435,8810f458b3fffff
33436,8810f5c8b3fffff
33437,88101b095dfffff
33438,8810f5caa1fffff
33439,8810f4c251fffff
33440,8810f4ad5dfffff
33441,8810f474b7fffff
33442,8810f4703bfffff
33443,8810f40551fffff
33444,8810f4cf1bfffff
33445,88101b65c5fffff
33446,88101b2825fffff
33447,8810f43829fffff
33448,8810f691ddfffff
33449,8810f04209fffff
33450,8810f44237fffff
33451,8810f43b47fffff
33452,8810f0d9cbfffff
33453,8810f451c5fffff
33454,8810f63101fffff
33455,8810f0c407fffff
33456,8810f46d85fffff
33457,8810f0d801fffff
33458,8810f6c289fffff
33459,8810f40ea5fffff
33460,8810f4754bfffff
33461,8810f546adfffff
33462,8810f4ce33fffff
33463,8810f0803dfffff
33464,8810f2b167fffff
33465,8810f68c03fffff
33466,8810f42e1dfffff
33467,88101a6c67fffff
33468,8810f40b6bfffff
33469,8810f512c5fffff
33470,8810f280cdfffff
33471,8810f4ceadfffff
33472,8810a936a1fffff
33473,8810f4722dfffff
33474,8810f50f67fffff
33475,8810f086b9fffff
33476,8810f4a1c3fffff
33477,8810f54043fffff
33478,8810f62d09fffff
33479,8810f439a1fffff
33480,8810f5c5ebfffff
33481,8810f610a7fffff
33482,8810f0818bfffff
33483,8810f5092dfffff
33484,8810f286d3fffff
33485,8810f0d581fffff
33486,8810f47965fffff
33487,8810f442e1fffff
33488,8810a929c7fffff
33489,8810f40759fffff
33490,88101b4451fffff
33491,8810f544adfffff
33492,8810f0556bfffff
33493,88101b7887fffff
33494,8810f5813bfffff
33495,8810f0d0b7fffff
33496,8810f466e3fffff
33497,8810a976c1fffff
33498,8810f4704dfffff
33499,8810f418d1fffff
33500,8810f08349fffff
33501,8810f4115bfffff
33502,8810f60a4dfffff
33503,8810f63aabfffff
33504,88101b4469fffff
33505,8810f57269fffff
33506,8810f6cc9bfffff
33507,8810f681adfffff
33508,8810f46d0dfffff
33509,8810f6c331fffff
33510,8810f50b61fffff
33511,8810a92e83fffff
33512,8810f0c0d7fffff
33513,8810f445edfffff
33514,88101b4da1fffff
33515,8810f29b01fffff
33516,8810f47ac5fffff
33517,8810f4d5c7fffff
33518,88101b0dabfffff
33519,8810f475cbfffff
33520,8810f089b7fffff
33521,8810f0036bfffff
33522,88101b5693fffff
33523,8810f5d72bfffff
33524,8810a935d5fffff
33525,8810f5994dfffff
33526,8810f68e13fffff
33527,8810f48a53fffff
33528,8810f416e1fffff
33529,8810f6c65dfffff
33530,8810f4305bfffff
33531,8810f47539fffff
33532,8810f43893fffff
33533,8810f6b1cdfffff
33534,8810f42757fffff
33535,8810f6a80dfffff
33536,8810f68f49fffff
33537,8810f09061fffff
33538,8810f6c013fffff
33539,8810f42165fffff
33540,8810f5d62bfffff
33541,8810f43aa7fffff
33542,8810f0c547fffff
33543,8810f694ddfffff
33544,8810f664e5fffff
33545,8810f6b83dfffff
33546,8810f51647fffff
33547,8810f4d0b7fffff
33548,8810f675d9fffff
33549,8810f5cecdfffff
33550,8810f69683fffff
33551,88101b7747fffff
33552,8810f2860bfffff
33553,88101b56edfffff
33554,88101b69dbfffff
33555,8810f4c41bfffff
33556,8810f5c829fffff
33557,8810f01823fffff
33558,8810f4ab37fffff
33559,8810f0d0e3fffff
33560,8810f54f6bfffff
33561,8810f58525fffff
33562,8810f63a5bfffff
33563,8810f455ddfffff
33564,8810f6a62bfffff
33565,8810f5853dfffff
33566,8810f69769fffff
33567,8810f09b2bfffff
33568,88101a6da1fffff
33569,8810f686c1fffff
33570,8810f45257fffff
33571,8810f46a5dfffff
33572,8810f00569fffff
33573,8810f4b0bdfffff
33574,8810f4cd4dfffff
33575,8810f54b67fffff
33576,8810f4562bfffff
33577,8810f5c53bfffff
33578,88101b2b2dfffff
33579,8810f6daedfffff
33580,8810f46f29fffff
33581,8810f6d223fffff
33582,88101b4e81fffff
33583,8810f6ab3bfffff
33584,8810f4c0d9fffff
33585,8810f59189fffff
33586,8810f540c9fffff
33587,88101b6a47fffff
33588,8810f44c29fffff
33589,8810f6a359fffff
33590,8810f086d9fffff
33591,8810f54335fffff
33592,8810f5c987fffff
33593,8810f4080dfffff
33594,8810f418e9fffff
33595,8810f54563fffff
33596,8810f636ddfffff
33597,8810f0d183fffff
33598,8810f5ccddfffff
33599,8810f5d8b5fffff
33600,8810f58f05fffff
33601,8810f6d14bfffff
33602,8810f50f45fffff
33603,8810f4ba23fffff
33604,8810f57329fffff
33605,8810a96859fffff
33606,8810f431ddfffff
33607,8810f6a581fffff
33608,88101b6725fffff
33609,8810f46313fffff
33610,8810f09615fffff
33611,8810f40467fffff
33612,8810f28a5bfffff
33613,8810f0173dfffff
33614,8810f48423fffff
33615,8810f4c829fffff
33616,8810f58d85fffff
33617,8810f2932bfffff
33618,8810f2b227fffff
33619,8810f441ebfffff
33620,8810f63305fffff
33621,8810f0d951fffff
33622,8810f49b47fffff
33623,8810f51621fffff
33624,8810f54733fffff
33625,8810f4d9dbfffff
33626,8810f04221fffff
33627,8810f5cd69fffff
33628,8810f6b9cbfffff
33629,88101b7411fffff
33630,8810f444ddfffff
33631,8810f4224bfffff
33632,8810a92e33fffff
33633,8810f612d3fffff
33634,8810f44913fffff
33635,8810a92aa9fffff
33636,8810f6d003fffff
33637,8810a925d3fffff
33638,8810f6a401fffff
33639,8810f0d0a1fffff
33640,8810f4cb3dfffff
33641,8810f4c8a7fffff
33642,8810f634d1fffff
33643,8810f002e3fffff
33644,88101a6dd9fffff
33645,8810f6376dfffff
33646,8810f612b9fffff
33647,8810f6b183fffff
33648,8810f63051fffff
33649,8810f4c983fffff
33650,8810f01687fffff
33651,88101b630bfffff
33652,8810f4a195fffff
33653,88101b40a5fffff
33654,8810a90cadfffff
33655,8810f54189fffff
33656,8810a962c3fffff
33657,8810f6b5e3fffff
33658,8810f62135fffff
33659,8810f54a49fffff
33660,88101b4c4dfffff
33661,8810f09241fffff
33662,8810f6cf35fffff
33663,88101b0b61fffff
33664,8810f0ce43fffff
33665,8810f48a85fffff
33666,8810f0cb51fffff
33667,8810f6d55dfffff
33668,8810f50005fffff
33669,8810f68469fffff
33670,8810f0994dfffff
33671,8810f471bdfffff
33672,8810f63551fffff
33673,8810f48dc5fffff
33674,8810f59301fffff
33675,8810f08451fffff
33676,8810f44f5dfffff
33677,8810f58061fffff
33678,8810a96407fffff
33679,8810f08367fffff
33680,8810f6c449fffff
33681,8810f62dc7fffff
33682,8810f62237fffff
33683,8810f0d247fffff
33684,8810f6b459fffff
33685,8810f400bbfffff
33686,8810f6c2b9fffff
33687,8810f699d5fffff
33688,8810f5c6a9fffff
33689,8810f0d691fffff
33690,8810f54ec9fffff
33691,8810f6ab19fffff
33692,8810f54345fffff
33693,88101b60c9fffff
33694,8810f46445fffff
33695,8810f462bdfffff
33696,8810f0886bfffff
33697,88101b2931fffff
33698,8810f5c4bbfffff
33699,8810f46355fffff
33700,8810f09557fffff
33701,8810f47365fffff
33702,8810f426c1fffff
33703,8810f68487fffff
33704,8810f4d561fffff
33705,8810f40acdfffff
33706,8810f6640dfffff
33707,8810f6b0e7fffff
33708,8810f28065fffff
33709,8810f5519bfffff
33710,8810f55123fffff
33711,8810f55989fffff
33712,88101b6d01fffff
33713,8810f6015dfffff
33714,8810f6b8adfffff
33715,88101b0f47fffff
33716,8810f29127fffff
33717,8810f4d131fffff
33718,8810f2834dfffff
33719,8810f616adfffff
33720,8810f50181fffff
33721,8810f4652bfffff
33722,8810f624d9fffff
33723,8810f6d33dfffff
33724,8810f62019fffff
33725,8810f43a5dfffff
33726,8810f4c555fffff
33727,8810f4b4b7fffff
33728,8810f5ba33fffff
33729,8810f092c7fffff
33730,8810f46821fffff
33731,8810f689abfffff
33732,8810f4b245fffff
33733,8810f6a2a9fffff
33734,8810f43451fffff
33735,8810f446abfffff
33736,8810a928e1fffff
33737,8810f6213dfffff
33738,8810f60125fffff
33739,8810f4ce5bfffff
33740,8810f499d9fffff
33741,88101b69c7fffff
33742,8810f281e3fffff
33743,8810f44947fffff
33744,8810f4ad5bfffff
33745,8810f4b6d5fffff
33746,88101b788dfffff
33747,8810f4412bfffff
33748,8810f5c663fffff
33749,8810f49b61fffff
33750,8810f4663bfffff
33751,8810f50a1dfffff
33752,8810f63887fffff
33753,8810f63a9bfffff
33754,8810f68dabfffff
33755,8810f48e81fffff
33756,8810f6ab39fffff
33757,8810f00049fffff
33758,88101b0ac3fffff
33759,8810f611c1fffff
33760,8810f04349fffff
33761,8810f6311bfffff
33762,8810f0d755fffff
33763,8810f5918bfffff
33764,8810f4568dfffff
33765,88101b0735fffff
33766,8810f45425fffff
33767,8810f422a3fffff
33768,88101b4635fffff
33769,8810f6d283fffff
33770,8810f0c751fffff
33771,8810f51025fffff
33772,8810f402bdfffff
33773,8810f0c1edfffff
33774,8810f4c35bfffff
33775,8810f690d5fffff
33776,8810f462d9fffff
33777,8810f0b33bfffff
33778,8810f40909fffff
33779,88101b44d3fffff
33780,8810f29ad3fffff
33781,8810f42ac5fffff
33782,8810f5d925fffff
33783,8810f42a89fffff
33784,8810f661b3fffff
33785,88101b7b25fffff
33786,8810f46b43fffff
33787,8810f45aadfffff
33788,8810f4ced9fffff
33789,8810f62351fffff
33790,8810f4ce5dfffff
33791,8810f0ba11fffff
33792,8810f68897fffff
33793,8810f47559fffff
33794,8810f0ce63fffff
33795,8810f54d09fffff
33796,8810f6a32bfffff
33797,88101b6507fffff
33798,8810f4bb1dfffff
33799,88101a6c6dfffff
33800,8810f68763fffff
33801,8810f62267fffff
33802,8810f6946bfffff
33803,88101a6ea3fffff
33804,8810f50259fffff
33805,8810a920bdfffff
33806,8810f084d7fffff
33807,8810f6ce53fffff
33808,8810f0c421fffff
33809,8810f08959fffff
33810,8810f47361fffff
33811,8810f664e7fffff
33812,8810f518d9fffff
33813,8810f0cb67fffff
33814,8810f44369fffff
33815,8810aba457fffff
33816,8810f6c55dfffff
33817,8810f6840dfffff
33818,88101b3903fffff
33819,8810f0cb57fffff
33820,8810f0da47fffff
33821,8810f61039fffff
33822,8810a9259bfffff
33823,8810f5403bfffff
33824,8810f0c965fffff
33825,88101b7593fffff
33826,8810f40f2bfffff
33827,8810f0c2ddfffff
33828,8810f45151fffff
33829,8810f551edfffff
33830,8810f42949fffff
33831,8810f552d1fffff
33832,8810f45223fffff
33833,8810a96439fffff
33834,8810f411a1fffff
33835,88101b4293fffff
33836,8810f62591fffff
33837,8810f6c603fffff
33838,8810f41ac9fffff
33839,8810f6348dfffff
33840,8810f40233fffff
33841,8810f444e9fffff
33842,8810f46733fffff
33843,8810f4840bfffff
33844,8810f484e3fffff
33845,8810f6a55dfffff
33846,88101b602dfffff
33847,88101b0cc5fffff
33848,8810f28735fffff
33849,8810f0c31dfffff
33850,8810f501b1fffff
33851,8810f59339fffff
33852,8810f4b587fffff
33853,8810f01b53fffff
33854,8810f628b3fffff
33855,8810f519e1fffff
33856,8810f284cdfffff
33857,8810a96f3bfffff
33858,8810f40593fffff
33859,8810f5904dfffff
33860,8810f41161fffff
33861,88101b4d6bfffff
33862,8810f63545fffff
33863,88101b62d1fffff
33864,88101b44adfffff
33865,8810f6234bfffff
33866,8810f45989fffff
33867,8810f4d62bfffff
33868,8810f46639fffff
33869,8810f5455dfffff
33870,8810f09237fffff
33871,8810f5baedfffff
33872,8810f5945dfffff
33873,8810f402b3fffff
33874,8810f6c0abfffff
33875,8810f516cdfffff
33876,8810f62a4bfffff
33877,8810f58d3dfffff
33878,8810f5ce09fffff
33879,8810f631e7fffff
33880,8810f4a2b3fffff
33881,8810f4b289fffff
33882,8810f63157fffff
33883,8810f48439fffff
33884,8810f58f09fffff
33885,8810a92ae9fffff
33886,8810f50053fffff
33887,8810f6c305fffff
33888,8810a934b5fffff
33889,8810f014d7fffff
33890,8810f60809fffff
33891,8810f44cc5fffff
33892,8810f498adfffff
33893,8810f4c4bdfffff
33894,8810a9264bfffff
33895,88101b44d7fffff
33896,8810f484dbfffff
33897,8810f4a6c3fffff
33898,88101b0515fffff
33899,8810f01445fffff
33900,8810f5bb25fffff
33901,8810f42a61fffff
33902,8810f4ce27fffff
33903,8810f4283bfffff
33904,8810f0daedfffff
33905,8810f61823fffff
33906,8810f29b5dfffff
33907,8810f40093fffff
33908,8810f05243fffff
33909,8810f5da25fffff
33910,8810f6b857fffff
33911,8810f465c3fffff
33912,8810f611cdfffff
33913,8810a96697fffff
33914,8810f4154bfffff
33915,8810f4ac93fffff
33916,8810f68255fffff
33917,8810f55567fffff
33918,8810f415adfffff
33919,88101b4403fffff
33920,8810f5cb4bfffff
33921,8810f406d5fffff
33922,8810f51329fffff
33923,8810f63a25fffff
33924,8810f556d7fffff
33925,8810f478bbfffff
33926,88101b6d83fffff
33927,8810f41635fffff
33928,8810f61037fffff
33929,8810f57a69fffff
33930,8810f51921fffff
33931,8810f54859fffff
33932,8810f44f4dfffff
33933,8810f0a94dfffff
33934,8810f549b1fffff
33935,8810f436c5fffff
33936,8810f44411fffff
33937,8810f05b29fffff
33938,8810f432d7fffff
33939,8810f4428dfffff
33940,8810f43915fffff
33941,8810f282d3fffff
33942,8810f55723fffff
33943,8810f6c72dfffff
33944,8810f59ab3fffff
33945,8810f6c70bfffff
33946,8810f5d4b3fffff
33947,8810f4d03bfffff
33948,8810f6330dfffff
33949,8810f55553fffff
33950,8810a96295fffff
33951,8810f58953fffff
33952,8810f54747fffff
33953,8810a962bdfffff
33954,88101b65b5fffff
33955,8810a93901fffff
33956,88101b44c7fffff
33957,8810f614e9fffff
33958,8810a96e47fffff
33959,8810f51b2dfffff
33960,8810f685e5fffff
33961,8810f6260bfffff
33962,8810f62c07fffff
33963,8810f465cbfffff
33964,8810f62085fffff
33965,88101b6dd5fffff
33966,8810f4d727fffff
33967,8810f46e67fffff
33968,8810f0b119fffff
33969,8810f05347fffff
33970,8810f58a6dfffff
33971,88101b294dfffff
33972,8810f48847fffff
33973,8810a92527fffff
33974,8810f04819fffff
33975,8810f416a9fffff
33976,8810f41a35fffff
33977,8810f6b58bfffff
33978,8810f08d2dfffff
33979,8810f6850dfffff
33980,88101b61e5fffff
33981,8810f6d46dfffff
33982,8810f45135fffff
33983,88101b0b53fffff
33984,8810f09b35fffff
33985,8810f29009fffff
33986,8810f29adbfffff
33987,8810f09b11fffff
33988,8810f5164dfffff
33989,8810f42f49fffff
33990,8810f60cbdfffff
33991,8810f4cf09fffff
33992,8810f58439fffff
33993,8810f5c1a5fffff
33994,8810f50ad5fffff
33995,8810f42c05fffff
33996,88101b54bbfffff
33997,8810f43007fffff
33998,8810f404bbfffff
33999,8810f42127fffff
34000,8810f01a53fffff
34001,88101b0d17fffff
34002,8810a92983fffff
34003,8810f406b5fffff
34004,8810f499c7fffff
34005,8810f48b41fffff
34006,8810f66483fffff
34007,8810f62e87fffff
34008,88101b781dfffff
34009,8810f4618dfffff
34010,8810a936e3fffff
34011,88101b4859fffff
34012,8810f0900dfffff
34013,8810f66e83fffff
34014,8810f6944bfffff
34015,8810f46037fffff
34016,8810f41911fffff
34017,8810f692ebfffff
34018,8810f4583dfffff
34019,8810f4c887fffff
34020,8810f45039fffff
34021,8810f69709fffff
34022,8810f62e19fffff
34023,8810f410d1fffff
34024,8810a9201dfffff
34025,8810f6af09fffff
34026,8810f6d321fffff
34027,8810f599c1fffff
34028,8810f6900bfffff
34029,8810f4d919fffff
34030,8810f08d81fffff
34031,8810f43461fffff
34032,8810a9241bfffff
34033,8810f294d7fffff
34034,8810f29351fffff
34035,8810f0b31dfffff
34036,8810f42f47fffff
34037,8810f47b05fffff
34038,8810f68e35fffff
34039,8810f62485fffff
34040,8810f058e7fffff
34041,8810f0c235fffff
34042,8810f6a843fffff
34043,8810f466a1fffff
34044,8810a938dbfffff
34045,8810f47489fffff
34046,8810f08edbfffff
34047,8810f45113fffff
34048,8810f6b693fffff
34049,88101b7929fffff
34050,8810f04835fffff
34051,8810f4a823fffff
34052,8810f42241fffff
34053,8810f0aa05fffff
34054,8810f63019fffff
34055,8810f6194bfffff
34056,8810a93693fffff
34057,8810f281edfffff
34058,8810f40e37fffff
34059,8810f699bbfffff
34060,8810f50f23fffff
34061,8810f29197fffff
34062,8810f62353fffff
34063,8810f50047fffff
34064,8810f692a7fffff
34065,8810f6d6b3fffff
34066,8810f41969fffff
34067,8810f6d155fffff
34068,8810f616bdfffff
34069,8810f58c59fffff
34070,8810f4ac07fffff
34071,88101b4567fffff
34072,8810f66cd5fffff
34073,8810f6113dfffff
34074,8810a962e3fffff
34075,8810f4093dfffff
34076,8810f54657fffff
34077,8810f47019fffff
34078,8810f51243fffff
34079,8810f58335fffff
34080,8810f46511fffff
34081,8810f4c8d5fffff
34082,8810f6bb51fffff
34083,8810f432c5fffff
34084,8810f4d963fffff
34085,8810f429d3fffff
34086,88101b6f37fffff
34087,8810f01a6dfffff
34088,8810f6d149fffff
34089,8810f29137fffff
34090,8810f6215bfffff
34091,8810f448d7fffff
34092,8810f45157fffff
34093,8810f44d99fffff
34094,8810f54f5bfffff
34095,8810f458a7fffff
34096,8810f466b9fffff
34097,8810f098c1fffff
34098,8810f5c095fffff
34099,8810f40aa3fffff
34100,8810f0b967fffff
34101,8810f5d945fffff
34102,8810f44de9fffff
34103,8810f58909fffff
34104,8810f478abfffff
34105,8810f5836bfffff
34106,8810f460d5fffff
34107,8810f49829fffff
34108,8810f4328dfffff
34109,8810f296e3fffff
34110,8810f4cc3dfffff
34111,8810f4a0b1fffff
34112,8810f418abfffff
34113,8810f68b5dfffff
34114,8810f6b2d5fffff
34115,8810f40411fffff
34116,8810f5c941fffff
34117,8810f5d923fffff
34118,8810f55b03fffff
34119,8810f28213fffff
34120,8810f29869fffff
34121,8810f626d7fffff
34122,88101b759dfffff
34123,8810a92a29fffff
34124,8810a9228dfffff
34125,8810f62d3bfffff
34126,8810f59141fffff
34127,8810f05301fffff
34128,8810f6cf33fffff
34129,8810f4a5d1fffff
34130,8810f58253fffff
34131,8810f4c23bfffff
34132,8810f5c659fffff
34133,8810f6148dfffff
34134,88101b54d3fffff
34135,8810f684ddfffff
34136,8810f58c69fffff
34137,8810f59839fffff
34138,8810a92f49fffff
34139,8810f62e29fffff
34140,8810f09991fffff
34141,88101b2b65fffff
34142,8810f5588dfffff
34143,8810f04b29fffff
34144,8810f44d65fffff
34145,8810f6aac9fffff
34146,8810f0b9c5fffff
34147,8810f5da0bfffff
34148,8810f4c607fffff
34149,8810f4758dfffff
34150,8810f29b05fffff
34151,88101b54cdfffff
34152,8810f54cc7fffff
34153,8810a97447fffff
34154,8810f0ce91fffff
34155,8810f4ad07fffff
34156,8810f4a531fffff
34157,8810a962e9fffff
34158,8810f62055fffff
34159,88101b76b1fffff
34160,8810f48901fffff
34161,8810f47817fffff
34162,8810f0cf6dfffff
34163,8810f47185fffff
34164,8810f61101fffff
34165,8810f58dc7fffff
34166,8810f580d5fffff
34167,8810f4626dfffff
34168,8810f4475dfffff
34169,8810a96515fffff
34170,8810a9214bfffff
34171,8810f62ccbfffff
34172,8810f01663fffff
34173,8810f68695fffff
34174,8810f695b9fffff
34175,8810f676cdfffff
34176,8810f4d711fffff
34177,8810f59a85fffff
34178,88101b0a61fffff
34179,8810f0d367fffff
34180,8810aba423fffff
34181,8810f42e0dfffff
34182,8810f6b2ddfffff
34183,8810f4336bfffff
34184,88101a6e8dfffff
34185,8810f41407fffff
34186,8810f60f6bfffff
34187,8810f44f31fffff
34188,8810f68d57fffff
34189,8810f08eabfffff
34190,88101b699bfffff
34191,8810f5491dfffff
34192,8810f0db69fffff
34193,8810a93a83fffff
34194,88101b3b2bfffff
34195,8810f5596bfffff
34196,8810f0ab65fffff
34197,8810f68953fffff
34198,8810f4b065fffff
34199,8810f5d091fffff
34200,8810f67481fffff
34201,8810f54623fffff
34202,8810f60acbfffff
34203,8810f0160dfffff
34204,8810f58927fffff
34205,8810f63a97fffff
34206,8810f612edfffff
34207,8810f40213fffff
34208,8810f296bdfffff
34209,88101b74cdfffff
34210,88101b7809fffff
34211,8810f51011fffff
34212,8810f01255fffff
34213,8810a96613fffff
34214,8810f5d947fffff
34215,8810f6603dfffff
34216,8810f43751fffff
34217,8810f01555fffff
34218,8810f5c9e3fffff
34219,8810f4ca2bfffff
34220,8810aba4d1fffff
34221,8810f58069fffff
34222,8810f630bbfffff
34223,8810f691d5fffff
34224,8810f48941fffff
34225,8810f43155fffff
34226,8810f05807fffff
34227,8810f60ce9fffff
34228,8810f4b899fffff
34229,8810a92415fffff
34230,8810f0c15dfffff
34231,8810f62195fffff
34232,8810f01437fffff
34233,8810f63aa3fffff
34234,8810f5d6b3fffff
34235,8810f4c925fffff
34236,8810f48505fffff
34237,8810f51195fffff
34238,8810f6a60bfffff
34239,8810f446e3fffff
34240,8810f54001fffff
34241,8810f0aa0dfffff
34242,8810f42a95fffff
34243,8810a96e83fffff
34244,8810f08c57fffff
34245,8810f0d927fffff
34246,8810f0b987fffff
34247,8810f08731fffff
34248,8810f6926dfffff
34249,8810f085ddfffff
34250,88101b6633fffff
34251,8810f68f47fffff
34252,8810f40485fffff
34253,8810f052cbfffff
34254,8810f61b03fffff
34255,8810f29b5bfffff
34256,8810a935b9fffff
34257,8810f6da35fffff
34258,8810f43563fffff
34259,88101b0197fffff
34260,8810f43b29fffff
34261,8810a92b5dfffff
34262,8810f09049fffff
34263,8810f04a41fffff
34264,8810f4ad33fffff
34265,8810f47719fffff
34266,8810f552c3fffff
34267,8810f0c355fffff
34268,8810a976e9fffff
34269,88101b00a9fffff
34270,88101b4dedfffff
34271,8810f4d5dbfffff
34272,8810f42f25fffff
34273,8810f55703fffff
34274,8810f0853dfffff
34275,8810f01463fffff
34276,8810f556e5fffff
34277,8810f42043fffff
34278,8810f6c8e9fffff
34279,8810a925b9fffff
34280,8810f5ba0dfffff
34281,8810f4ca01fffff
34282,88101b79b1fffff
34283,8810f44f6dfffff
34284,8810f4bb03fffff
34285,8810f0c1cbfffff
34286,8810f0c0e1fffff
34287,8810f42e0bfffff
34288,8810f280b9fffff
34289,8810f5d451fffff
34290,8810f4c199fffff
34291,8810f5c29bfffff
34292,8810f684c5fffff
34293,88101b61b5fffff
34294,8810f48abdfffff
34295,8810f694e9fffff
34296,8810f0854bfffff
34297,88101b4733fffff
34298,8810f54a11fffff
34299,8810a93925fffff
34300,8810f6271dfffff
34301,8810f46b57fffff
34302,8810f680a9fffff
34303,8810a93583fffff
34304,88101b0ce5fffff
34305,88101b0f1dfffff
34306,8810f48125fffff
34307,8810f6884dfffff
34308,8810f40209fffff
34309,8810f0cdc9fffff
34310,8810f628a9fffff
34311,8810f628ddfffff
34312,8810f6cad7fffff
34313,8810f5d711fffff
34314,8810f62041fffff
34315,8810f4ce93fffff
34316,8810a92ca9fffff
34317,88101a65bdfffff
34318,8810f4610dfffff
34319,8810f48d23fffff
34320,8810f47135fffff
34321,8810f45015fffff
34322,8810f6d711fffff
34323,8810f59b2bfffff
34324,8810f5ccd9fffff
34325,8810f6da8bfffff
34326,8810f639a1fffff
34327,8810f42435fffff
34328,8810f4122dfffff
34329,8810f610d5fffff
34330,8810a92e1bfffff
34331,8810f54d17fffff
34332,8810f48859fffff
34333,8810f43a27fffff
34334,8810f60a53fffff
34335,8810f54115fffff
34336,8810f682ddfffff
34337,8810f6d525fffff
34338,8810f4aecbfffff
34339,8810f0d063fffff
34340,8810f461e3fffff
34341,8810f58325fffff
34342,8810f46225fffff
34343,8810f62723fffff
34344,8810f439a7fffff
34345,8810f4a0dbfffff
34346,8810f45123fffff
34347,88101a6513fffff
34348,8810f6d6e9fffff
34349,8810a92d93fffff
34350,8810f4b84bfffff
34351,8810f08d57fffff
34352,8810f04ae1fffff
34353,8810f69921fffff
34354,8810f4cc17fffff
34355,8810f4da8dfffff
34356,8810f6c149fffff
34357,8810f4b5b7fffff
34358,88101b3963fffff
34359,88101b6dc3fffff
34360,8810f47753fffff
34361,8810f6c5cbfffff
34362,8810f48dd9fffff
34363,8810f01185fffff
34364,8810f40c07fffff
34365,8810f681a5fffff
34366,8810f6baa1fffff
34367,8810f4b735fffff
34368,8810f05b03fffff
34369,8810f552a1fffff
34370,8810f61887fffff
34371,88101b2d83fffff
34372,8810f28747fffff
34373,8810f28037fffff
34374,88101b0983fffff
34375,8810f480a7fffff
34376,8810f6b353fffff
34377,88101b6701fffff
34378,8810f4c545fffff
34379,8810f0ca83fffff
34380,8810f68a1dfffff
34381,8810f5d949fffff
34382,8810f0c2abfffff
34383,8810f5c03dfffff
34384,8810f43435fffff
34385,88101b699dfffff
34386,8810f681e5fffff
34387,8810f6a841fffff
34388,8810f0c9a7fffff
34389,8810f458e1fffff
34390,8810f2b25dfffff
34391,88101b7681fffff
34392,8810f4ce69fffff
34393,8810a92d67fffff
34394,8810a96d41fffff
34395,88101b76edfffff
34396,8810f6c63bfffff
34397,8810f6c0ebfffff
34398,8810f4b4a1fffff
34399,8810f69121fffff
34400,8810f4a94bfffff
34401,8810f5d0bdfffff
34402,8810f59355fffff
34403,8810f5c6ebfffff
34404,8810f626bdfffff
34405,8810f0108bfffff
34406,88101b6933fffff
34407,8810f5cb1bfffff
34408,8810a96197fffff
34409,8810f62db1fffff
34410,8810f6d281fffff
34411,8810f42f5dfffff
34412,8810a9258bfffff
34413,8810f5d521fffff
34414,8810a934adfffff
34415,8810f48165fffff
34416,88101b635dfffff
34417,8810f592bbfffff
34418,88101b4eb9fffff
34419,8810f09729fffff
34420,8810f454adfffff
34421,8810f08ab1fffff
34422,8810f09461fffff
34423,8810f502cdfffff
34424,8810f4b009fffff
34425,8810f44145fffff
34426,8810f4b157fffff
34427,8810f5ce6dfffff
34428,88101b75a3fffff
34429,8810f55203fffff
34430,8810f4a5b7fffff
34431,8810f41801fffff
34432,88101b6aa7fffff
34433,8810f54021fffff
34434,8810f5da61fffff
34435,8810f40803fffff
34436,8810f45115fffff
34437,8810f5d1a7fffff
34438,8810f55355fffff
34439,8810f465e3fffff
34440,8810f411d5fffff
34441,8810f62161fffff
34442,8810f6ab27fffff
34443,88101b620dfffff
34444,8810f501b3fffff
34445,8810a92f13fffff
34446,8810f08d8dfffff
34447,8810f6c0e1fffff
34448,8810f6da6bfffff
34449,8810f4c0b5fffff
34450,8810f5c9b7fffff
34451,8810f6141bfffff
34452,8810f4611dfffff
34453,8810f42037fffff
34454,8810f5c55dfffff
34455,8810f54b35fffff
34456,8810f46291fffff
34457,8810f29a45fffff
34458,8810f40b1dfffff
34459,8810f29025fffff
34460,8810f44455fffff
34461,8810f00303fffff
34462,8810f60943fffff
34463,8810f5c6e5fffff
34464,8810f459e1fffff
34465,8810f6ab6dfffff
34466,8810f62ecdfffff
34467,8810f4bb35fffff
34468,8810f41035fffff
34469,8810f0d48bfffff
34470,8810f5d919fffff
34471,8810f6a5c3fffff
34472,8810f42a65fffff
34473,8810f6b883fffff
34474,8810f47667fffff
34475,8810f4024bfffff
34476,88101b39cdfffff
34477,8810f089b9fffff
34478,8810f4bb1bfffff
34479,8810f0d5e5fffff
34480,8810f43935fffff
34481,8810f048d5fffff
34482,8810f08ad3fffff
34483,8810f439c7fffff
34484,8810f5c515fffff
34485,8810f08e9bfffff
34486,8810f0c951fffff
34487,8810f55709fffff
34488,8810f5ce35fffff
34489,8810f6106bfffff
34490,88101b4555fffff
34491,88101b6851fffff
34492,8810f5d66bfffff
34493,8810f44cd1fffff
34494,8810f4bb63fffff
34495,8810f08943fffff
34496,8810f04249fffff
34497,8810f43ac9fffff
34498,8810f55845fffff
34499,8810f4d257fffff
34500,8810f6acb1fffff
34501,8810f42b15fffff
34502,8810f4a159fffff
34503,8810f6b28dfffff
34504,88101b7b45fffff
34505,8810f44b67fffff
34506,8810f4a04bfffff
34507,8810a96817fffff
34508,8810f0024bfffff
34509,8810f41533fffff
34510,8810a92c9bfffff
34511,8810f08497fffff
34512,8810f410adfffff
34513,8810f5ce83fffff
34514,88101b4d1dfffff
34515,8810f4a48bfffff
34516,8810f60589fffff
34517,8810f5c335fffff
34518,8810f61761fffff
34519,8810f69319fffff
34520,8810f40c57fffff
34521,8810f4a543fffff
34522,8810f546a3fffff
34523,8810f58355fffff
34524,8810a96553fffff
34525,8810f0d109fffff
34526,8810f68a67fffff
34527,8810f5d405fffff
34528,8810f51b57fffff
34529,8810f0cf55fffff
34530,8810f6159bfffff
34531,8810f46595fffff
34532,8810f4b683fffff
34533,8810f4376bfffff
34534,8810f28ac1fffff
34535,8810f5592dfffff
34536,8810f466adfffff
34537,8810f29567fffff
34538,8810f01b49fffff
34539,8810f510e1fffff
34540,8810f6da89fffff
34541,8810f63841fffff
34542,88101b7233fffff
34543,8810f516ebfffff
34544,8810f49841fffff
34545,8810a9369bfffff
34546,8810f44a0dfffff
34547,88101a6d33fffff
34548,8810f54b55fffff
34549,8810f5b831fffff
34550,8810f48f1dfffff
34551,8810f5d2d1fffff
34552,8810f4b967fffff
34553,8810f04aedfffff
34554,88101b76a3fffff
34555,8810f09b41fffff
34556,88101b4991fffff
34557,8810f295a5fffff
34558,8810f6c76bfffff
34559,8810f438e1fffff
34560,8810a921bbfffff
34561,8810f675dbfffff
34562,8810f0cd45fffff
34563,88101b4d95fffff
34564,8810f415b3fffff
34565,8810f446b9fffff
34566,8810a93687fffff
34567,8810f68cb3fffff
34568,8810f42b61fffff
34569,8810f05051fffff
34570,8810f515edfffff
34571,8810f54c09fffff
34572,88101b6e15fffff
34573,8810f4d5d7fffff
34574,8810a922d7fffff
34575,8810f4da23fffff
34576,8810f66e05fffff
34577,8810f6ad33fffff
34578,8810f614b5fffff
34579,88101b4493fffff
34580,8810f4d183fffff
34581,8810f6ccd3fffff
34582,8810f68e6bfffff
34583,8810f40985fffff
34584,8810f49b49fffff
34585,88101b7591fffff
34586,88101b6717fffff
34587,8810f48441fffff
34588,8810f60113fffff
34589,8810f4b491fffff
34590,8810f632b5fffff
34591,8810f6b617fffff
34592,8810f6af65fffff
34593,88101b6265fffff
34594,8810f66181fffff
34595,8810f6ad55fffff
34596,8810a936d1fffff
34597,8810f0c88dfffff
34598,8810f4662bfffff
34599,8810f29355fffff
34600,8810f4b895fffff
34601,8810f6b569fffff
34602,8810f5c661fffff
34603,8810f4a749fffff
34604,8810f6aa23fffff
34605,8810f5c9d1fffff
34606,8810f58e8bfffff
34607,8810f46ccdfffff
34608,8810f62c37fffff
34609,8810f01165fffff
34610,8810f4c6a7fffff
34611,88101b7663fffff
34612,8810a9620bfffff
34613,8810f696c5fffff
34614,88101b7205fffff
34615,8810f42c2bfffff
34616,8810f499e1fffff
34617,8810f4c861fffff
34618,8810f40003fffff
34619,8810f42c0bfffff
34620,8810f4ae47fffff
34621,88101b002dfffff
34622,8810a96d85fffff
34623,8810f45813fffff
34624,8810f4b8e9fffff
34625,8810f6d6cdfffff
34626,8810f01acdfffff
34627,8810f291e1fffff
34628,8810f058ddfffff
34629,8810f28659fffff
34630,88101b0d6dfffff
34631,88101b0b21fffff
34632,8810f432edfffff
34633,8810a92807fffff
34634,8810f4340bfffff
34635,8810f6131bfffff
34636,8810f58b41fffff
34637,8810f5ce1bfffff
34638,8810f04881fffff
34639,8810f292ddfffff
34640,8810f08ee1fffff
34641,8810f485ebfffff
34642,8810f6d161fffff
34643,8810f05323fffff
34644,8810f458ebfffff
34645,8810f6c6d5fffff
34646,8810f425a1fffff
34647,8810f0b0b7fffff
34648,8810f29b23fffff
34649,8810f04b27fffff
34650,8810f60ccbfffff
34651,8810f43233fffff
34652,8810f60905fffff
34653,8810f29709fffff
34654,88101b770bfffff
34655,8810f6a339fffff
34656,8810f559cdfffff
34657,8810f0b76dfffff
34658,8810f080e1fffff
34659,8810f5bb2dfffff
34660,8810f0d52bfffff
34661,8810a921a1fffff
34662,88101a6f27fffff
34663,8810f6ab17fffff
34664,8810f50b41fffff
34665,88101b6d49fffff
34666,8810f63427fffff
34667,8810f0816bfffff
34668,8810a96f0dfffff
34669,8810f416adfffff
34670,8810f58a37fffff
34671,8810f0da99fffff
34672,8810f5c8d3fffff
34673,8810f698ebfffff
34674,88101b3981fffff
34675,88101b4447fffff
34676,8810f59b51fffff
34677,8810f0521dfffff
34678,8810f68119fffff
34679,8810f422cbfffff
34680,8810f41487fffff
34681,88101b40b7fffff
34682,8810f429e7fffff
34683,8810f625ebfffff
34684,8810f0c661fffff
34685,8810f01281fffff
34686,8810f43a69fffff
34687,8810f4059dfffff
34688,8810f54a29fffff
34689,8810f692edfffff
34690,8810f4d029fffff
34691,8810f4b243fffff
34692,8810f68801fffff
34693,8810f6a1bbfffff
34694,8810f408b3fffff
34695,8810f0983dfffff
34696,8810f4c9d7fffff
34697,8810f6b5cbfffff
34698,8810f5595dfffff
34699,8810f0165bfffff
34700,8810a96751fffff
34701,8810f44c19fffff
34702,8810f4a1e7fffff
34703,8810f4a103fffff
34704,8810f0d431fffff
34705,8810f68213fffff
34706,8810f59715fffff
34707,8810f6b713fffff
34708,8810f68a6bfffff
34709,8810f46e91fffff
34710,8810f4b551fffff
34711,8810f638abfffff
34712,8810a962a1fffff
34713,8810f0432dfffff
34714,8810f5020dfffff
34715,8810f44eb5fffff
34716,8810f412b3fffff
34717,8810f5dad9fffff
34718,88101b46b3fffff
34719,8810f6b6a3fffff
34720,8810f4aa4dfffff
34721,8810f0d619fffff
34722,88101b78b9fffff
34723,8810f08025fffff
34724,8810a964edfffff
34725,8810f47b67fffff
34726,8810f05a49fffff
34727,8810f09069fffff
34728,8810f412d9fffff
34729,8810f0ccb1fffff
34730,8810f4d193fffff
34731,8810f5d75dfffff
34732,8810f5c6abfffff
34733,8810f019dbfffff
34734,8810f4c9a5fffff
34735,8810f4cf03fffff
34736,8810f43355fffff
34737,8810f0c333fffff
34738,8810f4b203fffff
34739,8810f590a5fffff
34740,8810a960cbfffff
34741,8810f6d0dbfffff
34742,8810f40119fffff
34743,8810f0d44bfffff
34744,8810f6b1bdfffff
34745,8810f544b5fffff
34746,8810f45043fffff
34747,8810f6d89dfffff
34748,8810f08b4dfffff
34749,8810f51815fffff
34750,8810f012d9fffff
34751,8810f4b6a3fffff
34752,8810f6cad3fffff
34753,8810f4291bfffff
34754,8810f5ce1dfffff
34755,8810f43903fffff
34756,8810f41351fffff
34757,8810f4352dfffff
34758,8810a966adfffff
34759,8810f4cc5bfffff
34760,8810f44cbdfffff
34761,8810f57341fffff
34762,8810f4361bfffff
34763,8810f0c5cbfffff
34764,8810f68b6dfffff
34765,8810f41067fffff
34766,8810f6d2d9fffff
34767,8810f626d5fffff
34768,8810f6c2bdfffff
34769,8810f0175dfffff
34770,8810a96185fffff
34771,8810f04947fffff
34772,8810f51713fffff
34773,8810f4b929fffff
34774,8810f62c09fffff
34775,8810f0a243fffff
34776,8810f6b2b1fffff
34777,8810f60d9bfffff
34778,8810f5096dfffff
34779,8810f284b5fffff
34780,8810f0ccb9fffff
34781,8810a96dcdfffff
34782,88101b0f0dfffff
34783,8810f635c9fffff
34784,8810f499c9fffff
34785,8810f08851fffff
34786,8810f69435fffff
34787,8810f42063fffff
34788,8810f4d4e7fffff
34789,8810f4d02dfffff
34790,8810f6d5b9fffff
34791,8810f43369fffff
34792,8810f46925fffff
34793,8810a96c45fffff
34794,8810f46427fffff
34795,8810f6c097fffff
34796,8810a93487fffff
34797,8810f4ca61fffff
34798,8810f285d3fffff
34799,8810f68b4bfffff
34800,8810f40b1bfffff
34801,8810f554e9fffff
34802,8810f47453fffff
34803,8810f449ddfffff
34804,8810f46189fffff
34805,8810f60a8bfffff
34806,88101b79e5fffff
34807,8810f6d0e1fffff
34808,8810f4745bfffff
34809,8810f40547fffff
34810,8810f4adb9fffff
34811,8810f58c1bfffff
34812,8810f09a1bfffff
34813,8810f4d053fffff
34814,8810f2962bfffff
34815,8810f4553bfffff
34816,8810f69983fffff
34817,8810f58821fffff
34818,8810f61709fffff
34819,8810f4c609fffff
34820,8810f61481fffff
34821,88101b69a3fffff
34822,8810f4a695fffff
34823,8810f6a2e3fffff
34824,8810f5d167fffff
34825,8810a96599fffff
34826,8810f48d8bfffff
34827,8810f44441fffff
34828,8810f08e67fffff
34829,8810f41445fffff
34830,8810f55143fffff
34831,8810f40d5bfffff
34832,8810a97429fffff
34833,8810f4b8d9fffff
34834,88101b0a93fffff
34835,8810f5c239fffff
34836,8810f6a363fffff
34837,8810f40453fffff
34838,8810f5d151fffff
34839,8810f4d72dfffff
34840,8810f28359fffff
34841,8810f55721fffff
34842,8810f6a701fffff
34843,8810f55b1dfffff
34844,8810a92731fffff
34845,8810f0c63bfffff
34846,8810f409d9fffff
34847,8810f0d1c3fffff
34848,8810f0d5d7fffff
34849,8810f50147fffff
34850,8810f0831bfffff
34851,8810f59519fffff
34852,8810f5da05fffff
34853,8810f0c5b1fffff
34854,8810f4046dfffff
34855,8810f4a2d5fffff
34856,8810f69611fffff
34857,88101b05adfffff
34858,8810f43351fffff
34859,8810f554c9fffff
34860,8810f62c45fffff
34861,88101b55d9fffff
34862,8810a96ccbfffff
34863,8810a96089fffff
34864,8810f29539fffff
34865,8810f05945fffff
34866,8810f55b27fffff
34867,8810f09625fffff
34868,8810f6b611fffff
34869,8810f05239fffff
34870,8810f5c823fffff
34871,8810f4d8b1fffff
34872,8810f46265fffff
34873,8810f42a4bfffff
34874,8810a968edfffff
34875,8810f4356bfffff
34876,8810f435c9fffff
34877,8810f51317fffff
34878,8810f09597fffff
34879,8810f63a43fffff
34880,8810f599d3fffff
34881,8810f589a7fffff
34882,8810f606d5fffff
34883,8810f4c9e7fffff
34884,8810f42a35fffff
34885,8810f47819fffff
34886,8810f43989fffff
34887,8810f05521fffff
34888,8810f44eb7fffff
34889,8810f29a51fffff
34890,88101b6b2dfffff
34891,8810f4ad47fffff
34892,8810f63135fffff
34893,8810f4420dfffff
34894,8810f55917fffff
34895,8810f690a5fffff
34896,8810f60955fffff
34897,8810f49983fffff
34898,8810f6913dfffff
34899,8810f44d49fffff
34900,8810f59505fffff
34901,88101b642bfffff
34902,8810f4898bfffff
34903,8810f44741fffff
34904,8810f694d1fffff
34905,8810f46e03fffff
34906,8810a92981fffff
34907,8810f419d5fffff
34908,8810f0d329fffff
34909,8810f6af19fffff
34910,8810f6b4a7fffff
34911,8810f0d0a9fffff
34912,8810f63b61fffff
34913,8810a9609dfffff
34914,8810a9666bfffff
34915,8810f408a9fffff
34916,8810f4c167fffff
34917,8810f09b51fffff
34918,88101b4625fffff
34919,88101b0085fffff
34920,8810f4589bfffff
34921,8810f62e97fffff
34922,8810f48d97fffff
34923,8810f45ae1fffff
34924,8810f55a83fffff
34925,8810f4aaadfffff
34926,8810f66437fffff
34927,8810f5540bfffff
34928,8810f08cb9fffff
34929,8810f42a99fffff
34930,8810a9764dfffff
34931,8810f426e9fffff
34932,8810f421abfffff
34933,88101b758dfffff
34934,88101b7603fffff
34935,8810f69325fffff
34936,8810f4884bfffff
34937,8810a92dc9fffff
34938,8810f09505fffff
34939,8810f50959fffff
34940,8810f0cde7fffff
34941,8810f47515fffff
34942,8810f40569fffff
34943,8810f01aa9fffff
34944,8810f68239fffff
34945,8810f6a435fffff
34946,8810f29943fffff
34947,88101b61cdfffff
34948,8810f629bbfffff
34949,8810f4b0d7fffff
34950,8810a92eadfffff
34951,88101b6b3bfffff
34952,88101b0d37fffff
34953,8810f00749fffff
34954,8810f40951fffff
34955,8810f55401fffff
34956,88101b472dfffff
34957,88101b4d15fffff
34958,8810f4c8b3fffff
34959,8810f0cc31fffff
34960,8810f48333fffff
34961,8810f6b937fffff
34962,8810f292c5fffff
34963,8810f4b9a1fffff
34964,8810f09829fffff
34965,8810f04169fffff
34966,8810f466a7fffff
34967,8810f6bb55fffff
34968,8810f05189fffff
34969,8810f6b555fffff
34970,8810f5c207fffff
34971,8810f50223fffff
34972,8810f4b019fffff
34973,8810f4a0cdfffff
34974,8810f410d9fffff
34975,8810f01a61fffff
34976,8810f68715fffff
34977,88101b2827fffff
34978,8810f08cc7fffff
34979,8810f4796bfffff
34980,8810f41a15fffff
34981,88101b3b29fffff
34982,8810f4668bfffff
34983,8810f5c58dfffff
34984,8810f2955bfffff
34985,8810f5d883fffff
34986,8810f4984bfffff
34987,88101b44b5fffff
34988,8810f6ae83fffff
34989,8810f6b8e9fffff
34990,8810f41461fffff
34991,8810f0cc63fffff
34992,8810f59555fffff
34993,8810f6a139fffff
34994,8810f6ba8dfffff
34995,8810a92965fffff
34996,8810f598e5fffff
34997,8810f6b0c3fffff
34998,8810a93a01fffff
34999,88101b2921fffff
35000,8810f5d2bbfffff
35001,8810f61aedfffff
35002,8810f4506bfffff
35003,8810f0d9a9fffff
35004,8810f4d737fffff
35005,8810f68905fffff
35006,8810f5d04bfffff
35007,88101b6585fffff
35008,8810f418a1fffff
35009,8810f48c4bfffff
35010,8810f54301fffff
35011,8810f28405fffff
35012,88101b7135fffff
35013,8810f6d68bfffff
35014,8810a92c2dfffff
35015,8810f4499dfffff
35016,8810f5d037fffff
35017,8810f002a5fffff
35018,8810f46d51fffff
35019,8810f458c9fffff
35020,8810f59741fffff
35021,8810f428c7fffff
35022,8810f61699fffff
35023,8810f29a37fffff
35024,8810a97661fffff
35025,8810f48a0dfffff
35026,8810f46b45fffff
35027,8810f5d421fffff
35028,8810f29305fffff
35029,8810f28631fffff
35030,8810f552e5fffff
35031,8810f5d189fffff
35032,8810f608c9fffff
35033,8810f4ae59fffff
35034,8810a92c53fffff
35035,88101b6e0bfffff
35036,88101b7093fffff
35037,8810f0d137fffff
35038,88101b6091fffff
35039,8810f4acabfffff
35040,8810f6a2a7fffff
35041,8810f5509bfffff
35042,8810f45249fffff
35043,8810f5c235fffff
35044,8810f41235fffff
35045,8810f42db9fffff
35046,8810f46239fffff
35047,8810f475ebfffff
35048,8810f66ad7fffff
35049,8810f4bb2bfffff
35050,8810f508d3fffff
35051,8810f639c5fffff
35052,8810f68915fffff
35053,8810f0c095fffff
35054,8810f4a937fffff
35055,8810f60369fffff
35056,8810f4273dfffff
35057,8810f50d4dfffff
35058,8810f47091fffff
35059,8810f69ac3fffff
35060,8810f096ddfffff
35061,8810f08205fffff
35062,8810f585cdfffff
35063,8810f09abbfffff
35064,8810f40da1fffff
35065,8810f5195dfffff
35066,8810f4a933fffff
35067,8810f4da95fffff
35068,8810f5482dfffff
35069,88101b2dc3fffff
35070,8810f401d5fffff
35071,8810f0c085fffff
35072,8810f401ebfffff
35073,8810f47837fffff
35074,8810f09a83fffff
35075,8810f04131fffff
35076,8810f6a5d7fffff
35077,8810f41845fffff
35078,8810f69b1dfffff
35079,8810f6d113fffff
35080,8810f4d5b3fffff
35081,8810f61447fffff
35082,8810f684a3fffff
35083,8810f6a839fffff
35084,8810f620b9fffff
35085,8810f00265fffff
35086,8810f63a89fffff
35087,8810f29287fffff
35088,8810f0b16dfffff
35089,8810f46f49fffff
35090,8810f460a9fffff
35091,8810f68835fffff
35092,8810f5b9c9fffff
35093,8810f445c5fffff
35094,8810f6b507fffff
35095,8810f44567fffff
35096,8810f40de9fffff
35097,8810f5b801fffff
35098,8810f6d083fffff
35099,8810f43221fffff
35100,8810f58857fffff
35101,8810f59915fffff
35102,8810f0d229fffff
35103,8810f29955fffff
35104,8810f28343fffff
35105,8810f54285fffff
35106,8810f6b415fffff
35107,8810f61a13fffff
35108,8810f0bb31fffff
35109,88101b7511fffff
35110,8810f46a01fffff
35111,8810f51737fffff
35112,8810f61721fffff
35113,88101b4425fffff
35114,8810f46963fffff
35115,8810f5108bfffff
35116,8810f45531fffff
35117,8810f42dddfffff
35118,8810f61111fffff
35119,8810f4d525fffff
35120,8810f42a2dfffff
35121,8810f5d603fffff
35122,8810a92d83fffff
35123,8810f2948dfffff
35124,8810f40dd7fffff
35125,8810f4c735fffff
35126,8810f09a27fffff
35127,8810f5d88bfffff
35128,8810f0ccd7fffff
35129,8810f4c851fffff
35130,8810f5c205fffff
35131,8810f08521fffff
35132,8810f6396bfffff
35133,8810f62633fffff
35134,8810f4d981fffff
35135,8810f6c717fffff
35136,8810f46017fffff
35137,8810f42313fffff
35138,8810f68ec1fffff
35139,88101a65b9fffff
35140,8810a965e7fffff
35141,8810f54b33fffff
35142,8810f6a33dfffff
35143,8810f4cdd7fffff
35144,8810f08f5bfffff
35145,88101b2c05fffff
35146,8810f6aa91fffff
35147,8810f08631fffff
35148,8810f29483fffff
35149,8810f54093fffff
35150,88101b2955fffff
35151,8810f0436dfffff
35152,8810f50aa3fffff
35153,8810f4cd97fffff
35154,88101b29bbfffff
35155,8810f635b1fffff
35156,88101b6ae1fffff
35157,8810f540dbfffff
35158,8810f29833fffff
35159,8810f40dc1fffff
35160,88101b3925fffff
35161,8810f44ce3fffff
35162,8810a92dc5fffff
35163,8810f09aadfffff
35164,8810f015c5fffff
35165,8810f44319fffff
35166,8810f54491fffff
35167,8810f04247fffff
35168,8810f46b17fffff
35169,88101b09e9fffff
35170,88101b0a29fffff
35171,8810f4c813fffff
35172,8810f459b3fffff
35173,8810f5961dfffff
35174,8810f62d3dfffff
35175,8810f01641fffff
35176,8810f29895fffff
35177,8810f0b983fffff
35178,8810a96c0dfffff
35179,8810f6d0d3fffff
35180,8810f4112dfffff
35181,8810f0d963fffff
35182,8810f68e17fffff
35183,8810f4141dfffff
35184,8810f016a9fffff
35185,8810f68857fffff
35186,8810f4028dfffff
35187,8810f4d0b5fffff
35188,8810f47ac1fffff
35189,8810f6c349fffff
35190,8810f58ee9fffff
35191,8810f5c569fffff
35192,8810f08e3bfffff
35193,8810f4a1e9fffff
35194,8810f592b7fffff
35195,8810f50d6bfffff
35196,8810f4a613fffff
35197,8810f0c0b1fffff
35198,8810f09297fffff
35199,8810f6d25bfffff
35200,8810f4d747fffff
35201,8810f50861fffff
35202,8810f47a0bfffff
35203,8810f431bbfffff
35204,8810f42cd9fffff
35205,8810f5cb33fffff
35206,8810f681cdfffff
35207,8810f04b2bfffff
35208,8810f29231fffff
35209,8810f58eb1fffff
35210,8810f509bbfffff
35211,8810f68039fffff
35212,8810f0c61dfffff
35213,8810f46143fffff
35214,8810f4634bfffff
35215,8810f6d191fffff
35216,8810f6c427fffff
35217,8810f4c0c1fffff
35218,8810f50033fffff
35219,8810f4cd6dfffff
35220,8810f29a27fffff
35221,8810f0cd05fffff
35222,8810f452ebfffff
35223,8810f2850dfffff
35224,88101b6827fffff
35225,8810f499edfffff
35226,8810f48a5bfffff
35227,8810f0da53fffff
35228,8810f6da03fffff
35229,88101b76ddfffff
35230,8810f501e5fffff
35231,8810f685c3fffff
35232,88101b0dc5fffff
35233,8810a961b1fffff
35234,8810f616b1fffff
35235,8810f611a5fffff
35236,8810f50883fffff
35237,8810f08237fffff
35238,8810f40319fffff
35239,8810f40029fffff
35240,8810f291a7fffff
35241,8810f55919fffff
35242,8810f01b0bfffff
35243,8810f63185fffff
35244,8810f0b297fffff
35245,8810f6c693fffff
35246,8810f4c5abfffff
35247,8810f5c447fffff
35248,8810f0c8dbfffff
35249,8810f435b5fffff
35250,8810f4101dfffff
35251,8810f5ceb7fffff
35252,8810f5b825fffff
35253,8810f0c45bfffff
35254,8810f44897fffff
35255,88101b4517fffff
35256,8810f68ee1fffff
35257,8810f0d4bdfffff
35258,88101a6d5bfffff
35259,8810f50b37fffff
35260,8810f48d25fffff
35261,8810f46a41fffff
35262,8810f5c989fffff
35263,8810f4069bfffff
35264,8810f429bdfffff
35265,8810f43299fffff
35266,88101a6cc5fffff
35267,8810f081bdfffff
35268,8810f408adfffff
35269,8810f48f0bfffff
35270,88101b7167fffff
35271,8810f0b1b1fffff
35272,8810f4d223fffff
35273,8810f0cc57fffff
35274,8810f62205fffff
35275,8810f4296dfffff
35276,8810f48801fffff
35277,8810f0ca2dfffff
35278,8810f458c1fffff
35279,8810f45827fffff
35280,8810f5960dfffff
35281,8810f67423fffff
35282,8810f6b0c5fffff
35283,8810f5d6d9fffff
35284,8810f69359fffff
35285,8810a96441fffff
35286,88101b4f15fffff
35287,8810f69765fffff
35288,8810f0c13dfffff
35289,8810f6850bfffff
35290,8810f401c9fffff
35291,8810f5c1bdfffff
35292,8810a96403fffff
35293,8810f5d565fffff
35294,8810f66587fffff
35295,8810f54487fffff
35296,8810f05ae1fffff
35297,8810f0955dfffff
35298,8810f6c643fffff
35299,8810f5cec1fffff
35300,8810f48a2bfffff
35301,8810aba719fffff
35302,8810f6a609fffff
35303,8810f08de7fffff
35304,8810f6152bfffff
35305,8810f4404dfffff
35306,88101b7ab1fffff
35307,88101b62abfffff
35308,8810f5d9d1fffff
35309,8810f292b1fffff
35310,8810f41505fffff
35311,8810f6a693fffff
35312,88101b7069fffff
35313,8810f44c83fffff
35314,8810f5004bfffff
35315,8810f0d765fffff
35316,8810f5c1d9fffff
35317,8810f45329fffff
35318,8810f6c8c3fffff
35319,8810f09227fffff
35320,8810a965a3fffff
35321,8810f6d4abfffff
35322,88101b7b0bfffff
35323,8810f5c9ebfffff
35324,8810f011cbfffff
35325,8810f082c5fffff
35326,8810f510e3fffff
35327,8810f542e5fffff
35328,8810f08d05fffff
35329,8810f63951fffff
35330,8810f68db9fffff
35331,8810f4bb31fffff
35332,8810f68ec9fffff
35333,8810f60cebfffff
35334,8810f6c2dbfffff
35335,8810f0b327fffff
35336,8810f0116bfffff
35337,8810f46a8bfffff
35338,8810f5c359fffff
35339,8810f6b5c7fffff
35340,8810f4d2d7fffff
35341,8810f511b9fffff
35342,8810f09ab1fffff
35343,8810f46b4bfffff
35344,8810f45a95fffff
35345,8810f6ae91fffff
35346,8810f0001dfffff
35347,8810f08e91fffff
35348,8810f48481fffff
35349,8810f6968dfffff
35350,8810f090a1fffff
35351,8810f6bb6dfffff
35352,8810f6d5ddfffff
35353,8810f40305fffff
35354,8810a96d15fffff
35355,8810f479e1fffff
35356,88101b08d9fffff
35357,8810f69a63fffff
35358,8810f5d1e5fffff
35359,8810f58233fffff
35360,8810f095b1fffff
35361,8810f0b04dfffff
35362,88101b452bfffff
35363,8810f082e9fffff
35364,8810f47407fffff
35365,8810f49863fffff
35366,88101a6d45fffff
35367,8810f62d39fffff
35368,8810f6b457fffff
35369,8810a96aa3fffff
35370,8810f6da05fffff
35371,8810f6260dfffff
35372,8810f440e3fffff
35373,8810f050a5fffff
35374,8810f5d8e9fffff
35375,8810f0c4b5fffff
35376,8810f68e6dfffff
35377,8810f08283fffff
35378,8810f68889fffff
35379,8810a92c55fffff
35380,8810f51933fffff
35381,8810f5d133fffff
35382,8810f461cbfffff
35383,8810f444adfffff
35384,8810a9213bfffff
35385,8810f49925fffff
35386,8810f611e3fffff
35387,8810f40607fffff
35388,8810f6b88dfffff
35389,8810f5ce37fffff
35390,88101b0e89fffff
35391,8810f406c3fffff
35392,8810f0d8b5fffff
35393,8810f6b029fffff
35394,88101b7a97fffff
35395,8810f6c65bfffff
35396,8810f5462bfffff
35397,8810f44043fffff
35398,8810f28281fffff
35399,8810f4aa29fffff
35400,8810f59097fffff
35401,8810f42099fffff
35402,8810f68c8bfffff
35403,8810f695a1fffff
35404,8810f6bb07fffff
35405,8810f6c517fffff
35406,8810f5d96dfffff
35407,8810f43941fffff
35408,8810f45267fffff
35409,8810f5970bfffff
35410,88101b4d17fffff
35411,88101b0825fffff
35412,88101a6d59fffff
35413,8810f471e7fffff
35414,8810f50123fffff
35415,8810f0c665fffff
35416,88101a6cc7fffff
35417,8810f01009fffff
35418,8810f096c1fffff
35419,8810f0c217fffff
35420,8810f6221bfffff
35421,8810f28745fffff
35422,8810f0bb47fffff
35423,8810f4b1bbfffff
35424,8810f60001fffff
35425,8810f41611fffff
35426,8810f0510bfffff
35427,88101b66e3fffff
35428,88101b0f0bfffff
35429,88101b5451fffff
35430,8810f509a7fffff
35431,88101b05e5fffff
35432,8810f0b309fffff
35433,8810f42923fffff
35434,8810a965e1fffff
35435,8810f40027fffff
35436,88101b7769fffff
35437,8810f048e5fffff
35438,8810f58047fffff
35439,8810f612c7fffff
35440,8810f615cbfffff
35441,8810f4d8c9fffff
35442,8810f5432dfffff
35443,8810f01013fffff
35444,8810f54721fffff
35445,8810f4b1a3fffff
35446,8810f0d321fffff
35447,88101a6587fffff
35448,8810f472d9fffff
35449,8810f4d5d9fffff
35450,8810f40a83fffff
35451,88101b7729fffff
35452,8810f61551fffff
35453,8810f611e9fffff
35454,8810f69107fffff
35455,8810f6c093fffff
35456,8810f05b0dfffff
35457,8810f43337fffff
35458,88101b01dbfffff
35459,8810f6a40bfffff
35460,8810f0860bfffff
35461,8810f5c965fffff
35462,8810f018d3fffff
35463,8810f2836bfffff
35464,8810f60121fffff
35465,8810f4184bfffff
35466,8810f60b23fffff
35467,8810f598ebfffff
35468,8810f6d2c1fffff
35469,8810f44cbbfffff
35470,8810f50145fffff
35471,88101b2947fffff
35472,8810a92447fffff
35473,8810f4ba83fffff
35474,8810f55317fffff
35475,8810f4c941fffff
35476,8810f542b3fffff
35477,8810f4d135fffff
35478,8810f5c9dbfffff
35479,8810f6d41dfffff
35480,8810f5c241fffff
35481,8810f28289fffff
35482,8810f432c7fffff
35483,8810f46f47fffff
35484,8810f085a9fffff
35485,8810f54b47fffff
35486,8810a9223bfffff
35487,8810f5d899fffff
35488,8810f08e45fffff
35489,8810f46731fffff
35490,8810f42643fffff
35491,8810f5c0b1fffff
35492,8810f4298bfffff
35493,8810f4b12dfffff
35494,8810a924c3fffff
35495,88101b6a27fffff
35496,8810f46195fffff
35497,8810f5d8b9fffff
35498,8810f409c1fffff
35499,8810f5194dfffff
35500,8810f4036bfffff
35501,8810f5cd01fffff
35502,8810f6c041fffff
35503,88101b0927fffff
35504,8810f05539fffff
35505,8810f675d7fffff
35506,88101b69c1fffff
35507,8810a96219fffff
35508,8810f2920bfffff
35509,8810f498a3fffff
35510,88101b7a53fffff
35511,8810a92487fffff
35512,88101b2b45fffff
35513,8810f5c623fffff
35514,8810f5d54bfffff
35515,8810f40a25fffff
35516,88101a6d81fffff
35517,8810f4c66bfffff
35518,8810f58b3bfffff
35519,88101b6499fffff
35520,8810f42b05fffff
35521,8810a961adfffff
35522,8810f081b3fffff
35523,8810f66ac7fffff
35524,8810f4592dfffff
35525,8810f012b5fffff
35526,8810f44415fffff
35527,8810f5c491fffff
35528,8810f092e7fffff
35529,8810f5081dfffff
35530,8810f412a3fffff
35531,8810f63621fffff
35532,8810f4c51dfffff
35533,8810f6951dfffff
35534,8810f4d821fffff
35535,88101b7b5dfffff
35536,8810f0bb15fffff
35537,8810f4329dfffff
35538,8810f42615fffff
35539,8810f6d0ddfffff
35540,8810f62899fffff
35541,8810f05819fffff
35542,8810f4cec5fffff
35543,8810f012b9fffff
35544,88101b6691fffff
35545,88101b7329fffff
35546,8810f01b37fffff
35547,8810f636e3fffff
35548,8810f5d207fffff
35549,88101b2d63fffff
35550,8810f6c297fffff
35551,8810a936b1fffff
35552,8810f0516bfffff
35553,8810f674a9fffff
35554,8810f68a0bfffff
35555,8810f6a6d3fffff
35556,8810f00343fffff
35557,88101b56abfffff
35558,8810f66097fffff
35559,8810f4d81bfffff
35560,8810f60321fffff
35561,8810f0c989fffff
35562,8810f63081fffff
35563,8810f5c323fffff
35564,8810f43acdfffff
35565,8810f55637fffff
35566,8810f61809fffff
35567,8810a939edfffff
35568,8810f582a3fffff
35569,8810f60029fffff
35570,88101b0921fffff
35571,8810f46b01fffff
35572,8810f46b13fffff
35573,8810f60881fffff
35574,8810f4191dfffff
35575,8810f558a5fffff
35576,8810f4ae99fffff
35577,8810f68727fffff
35578,8810f09817fffff
35579,8810a96d37fffff
35580,88101b6931fffff
35581,8810f62a8dfffff
35582,8810f0d8bbfffff
35583,8810f0960dfffff
35584,8810f485c9fffff
35585,8810f0d759fffff
35586,8810f05067fffff
35587,8810f428a1fffff
35588,8810f68567fffff
35589,8810f47011fffff
35590,8810a96f17fffff
35591,8810f449adfffff
35592,8810f29b2dfffff
35593,8810f59b35fffff
35594,8810f40159fffff
35595,8810f48807fffff
35596,8810f4735bfffff
35597,8810f559b1fffff
35598,8810f4381bfffff
35599,8810f4605bfffff
35600,8810a92217fffff
35601,8810f48ce5fffff
35602,8810f4a883fffff
35603,8810f28311fffff
35604,8810f29b49fffff
35605,8810f55a67fffff
35606,8810f680a7fffff
35607,8810f4c027fffff
35608,8810f50a15fffff
35609,8810f4b469fffff
35610,8810f40611fffff
35611,8810f51a91fffff
35612,8810f48191fffff
35613,8810f0d5a3fffff
35614,8810f04aa3fffff
35615,8810f466a9fffff
35616,8810f4b109fffff
35617,8810f085b5fffff
35618,8810a96c3bfffff
35619,8810f4335bfffff
35620,8810f4404bfffff
35621,88101b7b2dfffff
35622,88101b71a5fffff
35623,8810f44769fffff
35624,8810f5d953fffff
35625,8810f4a765fffff
35626,8810f479e3fffff
35627,8810f5c247fffff
35628,8810f55907fffff
35629,8810f4baa7fffff
35630,8810a96285fffff
35631,88101b0c25fffff
35632,8810f664cbfffff
35633,8810f58e35fffff
35634,8810f57365fffff
35635,8810f6b2e5fffff
35636,8810f479c1fffff
35637,8810f6cf53fffff
35638,8810f41339fffff
35639,8810f4a527fffff
35640,8810f58d6bfffff
35641,88101a6dc1fffff
35642,8810f4d02bfffff
35643,8810f0b089fffff
35644,8810f61057fffff
35645,8810f476c7fffff
35646,8810f40c8bfffff
35647,8810f41857fffff
35648,8810f54ae5fffff
35649,8810a976ddfffff
35650,8810f44a89fffff
35651,8810f05995fffff
35652,8810f634a9fffff
35653,8810f540cdfffff
35654,8810f29239fffff
35655,8810f4c237fffff
35656,8810a922e9fffff
35657,8810f550d3fffff
35658,8810f05899fffff
35659,8810f40299fffff
35660,8810f44439fffff
35661,8810f4af49fffff
35662,88101b4f41fffff
35663,8810f664b3fffff
35664,8810f45925fffff
35665,8810f40a09fffff
35666,8810f44047fffff
35667,8810a92ea3fffff
35668,8810f41b5dfffff
35669,8810f61441fffff
35670,8810f46b4dfffff
35671,8810f6c6c7fffff
35672,8810f2854bfffff
35673,8810f405b7fffff
35674,8810f51519fffff
35675,8810f5522bfffff
35676,8810f5d1adfffff
35677,8810f08b19fffff
35678,8810f69105fffff
35679,8810f62cb3fffff
35680,8810f4a287fffff
35681,8810f591edfffff
35682,8810f014abfffff
35683,8810f44989fffff
35684,8810f69a95fffff
35685,8810f61611fffff
35686,8810a9629bfffff
35687,8810f699bdfffff
35688,8810f44c8dfffff
35689,8810f68c63fffff
35690,8810f5b909fffff
35691,8810f0d083fffff
35692,8810f4d1c9fffff
35693,8810f6d507fffff
35694,88101b29d7fffff
35695,8810f45667fffff
35696,8810f449b9fffff
35697,8810f458d7fffff
35698,8810f011c3fffff
35699,8810f6d4c7fffff
35700,8810a92951fffff
35701,8810f6d18dfffff
35702,8810f69713fffff
35703,8810f08e99fffff
35704,8810f62f65fffff
35705,8810f5469dfffff
35706,8810f0ce99fffff
35707,8810f018e5fffff
35708,8810f05abdfffff
35709,8810f6c181fffff
35710,8810f69259fffff
35711,8810f42cd1fffff
35712,8810f6d60dfffff
35713,8810f500c5fffff
35714,88101b751bfffff
35715,8810f4a96dfffff
35716,8810f45ae9fffff
35717,88101b6259fffff
35718,8810f4bad9fffff
35719,8810f47053fffff
35720,8810f0cae7fffff
35721,8810f5d289fffff
35722,8810f0c9d3fffff
35723,8810f54ae1fffff
35724,8810f415a9fffff
35725,8810f4c43dfffff
35726,8810f55225fffff
35727,8810f0b06dfffff
35728,8810f6b4a3fffff
35729,8810f62569fffff
35730,88101b4f59fffff
35731,88101b468bfffff
35732,8810f6c24bfffff
35733,88101b65d5fffff
35734,88101b6897fffff
35735,8810f444d9fffff
35736,8810f4b631fffff
35737,8810f47223fffff
35738,8810f62aebfffff
35739,8810f6ae17fffff
35740,88101b2b0bfffff
35741,8810f459a1fffff
35742,8810a96da9fffff
35743,8810f62e03fffff
35744,8810a9763dfffff
35745,8810f4c8d3fffff
35746,8810f43503fffff
35747,8810f62243fffff
35748,8810f455b7fffff
35749,8810f0cb21fffff
35750,8810f58581fffff
35751,8810f0c155fffff
35752,8810f54039fffff
35753,8810f44085fffff
35754,8810f46c97fffff
35755,88101b728bfffff
35756,8810f0b117fffff
35757,8810f6a557fffff
35758,88101b0c85fffff
35759,8810f61433fffff
35760,8810f46e1bfffff
35761,8810f60863fffff
35762,8810f63b51fffff
35763,8810f46c1dfffff
35764,8810f431b5fffff
35765,8810f605c3fffff
35766,8810f59545fffff
35767,88101a6f3bfffff
35768,8810f5b9ebfffff
35769,8810f0c021fffff
35770,8810f4ada9fffff
35771,8810f4ad89fffff
35772,8810f5c155fffff
35773,8810f419b5fffff
35774,8810f0caadfffff
35775,8810f43043fffff
35776,8810f5186dfffff
35777,88101b4c2bfffff
35778,8810f2968bfffff
35779,8810f47111fffff
35780,8810f099e9fffff
35781,8810f5d23bfffff
35782,8810f04353fffff
35783,8810f4426dfffff
35784,8810f6b603fffff
35785,8810f666a1fffff
35786,8810f29267fffff
35787,88101b0543fffff
35788,8810f0cae9fffff
35789,8810f4d147fffff
35790,88101b656bfffff
35791,8810f4d869fffff
35792,8810f5cb67fffff
35793,8810f4b135fffff
35794,8810f014a7fffff
35795,8810f0023bfffff
35796,8810f44303fffff
35797,8810f41711fffff
35798,8810f5dac5fffff
35799,8810f6115bfffff
35800,8810f4602bfffff
35801,8810f55ad5fffff
35802,8810f088bbfffff
35803,8810f29a97fffff
35804,8810f2844dfffff
35805,8810f4c345fffff
35806,8810f4a8ebfffff
35807,88101b3919fffff
35808,88101b2b27fffff
35809,8810a96183fffff
35810,8810f5135bfffff
35811,8810f5c80dfffff
35812,8810f69335fffff
35813,88101b6427fffff
35814,8810f69033fffff
35815,8810f40a2dfffff
35816,8810f41abbfffff
35817,8810f411b9fffff
35818,88101b646bfffff
35819,8810f081adfffff
35820,8810f6da0bfffff
35821,8810f0c15bfffff
35822,8810f63757fffff
35823,8810f6a2d5fffff
35824,8810f0b26bfffff
35825,8810f61655fffff
35826,8810f518a9fffff
35827,88101b7331fffff
35828,8810a96f4bfffff
35829,8810f69a49fffff
35830,8810f6a659fffff
35831,8810f47049fffff
35832,8810f08931fffff
35833,8810a9385dfffff
35834,8810f604e3fffff
35835,8810f2b207fffff
35836,8810a922b7fffff
35837,8810f4b403fffff
35838,8810f5c73bfffff
35839,88101b4521fffff
35840,8810f4c843fffff
35841,8810f54b6bfffff
35842,8810f09aa1fffff
35843,8810f4369dfffff
35844,8810a92467fffff
35845,8810f0d659fffff
35846,88101b7293fffff
35847,8810f6a425fffff
35848,8810f08203fffff
35849,8810f4553dfffff
35850,8810a92cedfffff
35851,8810f542cbfffff
35852,8810f409d3fffff
35853,8810f42a63fffff
35854,8810f51733fffff
35855,8810f08e03fffff
35856,8810f6d5bdfffff
35857,8810f69b31fffff
35858,8810f48c99fffff
35859,8810f05363fffff
35860,8810a92543fffff
35861,8810f291b5fffff
35862,8810f6c20bfffff
35863,8810f5d9b9fffff
35864,8810f42d1dfffff
35865,8810f0c0adfffff
35866,8810f0db4bfffff
35867,8810f44b5bfffff
35868,88101b0823fffff
35869,8810f62343fffff
35870,8810f6801dfffff
35871,8810f5cf15fffff
35872,8810f62449fffff
35873,8810f5cb19fffff
35874,8810f08465fffff
35875,8810f42de3fffff
35876,8810f60359fffff
35877,8810f4a305fffff
35878,8810f442d3fffff
35879,8810f6210bfffff
35880,8810a96629fffff
35881,8810f462ebfffff
35882,8810f610a5fffff
35883,88101a6d37fffff
35884,8810f4cad1fffff
35885,8810f28755fffff
35886,8810a96dcbfffff
35887,8810f695e1fffff
35888,8810a962d3fffff
35889,8810f61461fffff
35890,8810f40189fffff
35891,88101b7193fffff
35892,8810f5cc85fffff
35893,8810f0d0c3fffff
35894,8810f4accdfffff
35895,88101b4f5bfffff
35896,8810f488c7fffff
35897,8810f614edfffff
35898,8810f610c3fffff
35899,88101b4c17fffff
35900,8810a93997fffff
35901,8810f51963fffff
35902,8810f51051fffff
35903,8810a96c95fffff
35904,8810f63553fffff
35905,8810f4504dfffff
35906,8810f55a13fffff
35907,8810f08f0dfffff
35908,8810f469a9fffff
35909,8810f6758dfffff
35910,8810f4456bfffff
35911,8810f45a5bfffff
35912,8810f049e7fffff
35913,88101b01e7fffff
35914,8810f6b231fffff
35915,8810f68c99fffff
35916,8810f4c69dfffff
35917,8810f4d049fffff
35918,8810a92a4bfffff
35919,8810f54ecdfffff
35920,8810f4b567fffff
35921,8810aba6b3fffff
35922,88101b6549fffff
35923,8810a92ca1fffff
35924,8810f4a329fffff
35925,8810f54e69fffff
35926,8810f0d169fffff
35927,8810f0cac3fffff
35928,8810f55213fffff
35929,8810f0c101fffff
35930,88101b70ddfffff
35931,8810f60953fffff
35932,8810f4a9e1fffff
35933,8810f08865fffff
35934,8810f5db2dfffff
35935,8810f5c00dfffff
35936,8810a96731fffff
35937,8810f5c363fffff
35938,8810f54d4bfffff
35939,8810f0d701fffff
35940,8810f68659fffff
35941,8810f40cd7fffff
35942,8810f4cecdfffff
35943,8810f4d2a1fffff
35944,88101b0ad9fffff
35945,8810f5089dfffff
35946,8810f446bbfffff
35947,8810f4d51bfffff
35948,8810f095d5fffff
35949,8810a97523fffff
35950,8810f66edbfffff
35951,88101b7157fffff
35952,8810f4d499fffff
35953,8810f00085fffff
35954,8810f59341fffff
35955,8810f62f31fffff
35956,8810f6a717fffff
35957,8810f5c98bfffff
35958,8810f54e0bfffff
35959,8810f4a253fffff
35960,8810f08053fffff
35961,8810f041a1fffff
35962,8810f485d1fffff
35963,8810f4360bfffff
35964,8810f08f13fffff
35965,8810f69adbfffff
35966,88101b0b5dfffff
35967,8810f44095fffff
35968,8810f418cdfffff
35969,88101b7a39fffff
35970,8810f69689fffff
35971,8810a962a9fffff
35972,8810f0db13fffff
35973,8810f4040dfffff
35974,88101b4489fffff
35975,8810f60cabfffff
35976,8810f012e7fffff
35977,8810f04991fffff
35978,8810f6b655fffff
35979,8810f4a049fffff
35980,8810f6b1b3fffff
35981,8810f0ce09fffff
35982,8810f55103fffff
35983,88101b4ccdfffff
35984,8810f62aa7fffff
35985,8810f01263fffff
35986,88101b6a35fffff
35987,8810f6a967fffff
35988,8810f0d1cbfffff
35989,8810f45543fffff
35990,88101b0d85fffff
35991,8810f466bdfffff
35992,88101b7a0bfffff
35993,8810f40d97fffff
35994,8810f68a05fffff
35995,8810f4aeb9fffff
35996,8810f588b1fffff
35997,8810f43b23fffff
35998,8810f01a8bfffff
35999,8810f476b9fffff
36000,8810f41617fffff
36001,8810f5bac3fffff
36002,8810f4d143fffff
36003,8810a92c57fffff
36004,8810f51b55fffff
36005,8810f67697fffff
36006,8810f01a11fffff
36007,8810f42293fffff
36008,8810f55999fffff
36009,8810f4d6ddfffff
36010,8810f404a5fffff
36011,8810f41b29fffff
36012,8810f4cdc5fffff
36013,8810f6a651fffff
36014,8810f09213fffff
36015,8810f5450dfffff
36016,8810f28159fffff
36017,88101b66b5fffff
36018,8810f0c835fffff
36019,8810f08883fffff
36020,8810a92d01fffff
36021,88101b6703fffff
36022,8810f404b9fffff
36023,8810f68903fffff
36024,8810f47197fffff
36025,8810f68cb1fffff
36026,8810f08a9bfffff
36027,8810f43b6bfffff
36028,8810f4a155fffff
36029,8810f5d9d5fffff
36030,8810f456d7fffff
36031,8810f01951fffff
36032,8810f0836dfffff
36033,8810f6b249fffff
36034,8810f66429fffff
36035,88101b6f2bfffff
36036,8810f54f37fffff
36037,8810f55aabfffff
36038,8810f549d3fffff
36039,8810f544a5fffff
36040,8810f6a299fffff
36041,8810f04347fffff
36042,8810f29801fffff
36043,8810f5481bfffff
36044,8810f62125fffff
36045,8810a92469fffff
36046,8810f5cf49fffff
36047,8810f66f2bfffff
36048,88101b7049fffff
36049,8810f0ca6bfffff
36050,8810f5c2e5fffff
36051,8810f5c093fffff
36052,88101b6c23fffff
36053,8810f46211fffff
36054,8810f0d31bfffff
36055,8810f6a9d9fffff
36056,88101b0d93fffff
36057,8810f6ba27fffff
36058,8810a92e01fffff
36059,88101b6e27fffff
36060,8810f58b25fffff
36061,8810f4299dfffff
36062,88101b0aa5fffff
36063,8810a97409fffff
36064,8810f464ebfffff
36065,8810f6c291fffff
36066,8810a96449fffff
36067,88101b0ab1fffff
36068,8810f409bbfffff
36069,8810f01917fffff
36070,8810f6b4e7fffff
36071,8810f4c9adfffff
36072,8810f48da5fffff
36073,8810f4d837fffff
36074,8810f4ba39fffff
36075,8810a92669fffff
36076,8810a92615fffff
36077,8810f402bbfffff
36078,8810f088bdfffff
36079,8810f01533fffff
36080,88101b2d67fffff
36081,8810f5bb49fffff
36082,8810f46da5fffff
36083,8810f43243fffff
36084,8810f5c9e5fffff
36085,88101a6d0dfffff
36086,8810f6b0e9fffff
36087,8810f09a65fffff
36088,88101b09cdfffff
36089,8810f6c221fffff
36090,8810f4cde7fffff
36091,8810f5101dfffff
36092,88101b7753fffff
36093,8810f515c7fffff
36094,8810f47919fffff
36095,8810f6adb5fffff
36096,8810f61769fffff
36097,8810f55ae3fffff
36098,8810f68c83fffff
36099,8810f59891fffff
36100,8810f5d647fffff
36101,8810f425abfffff
36102,8810f46e13fffff
36103,8810f5c843fffff
36104,8810f484abfffff
36105,8810f63189fffff
36106,8810f69b43fffff
36107,8810f014b1fffff
36108,8810f661a7fffff
36109,8810f5cccdfffff
36110,8810f6809bfffff
36111,8810f4c615fffff
36112,8810f4b311fffff
36113,88101b45c9fffff
36114,8810f6ce0bfffff
36115,8810f6a591fffff
36116,8810f435cdfffff
36117,8810f66ec5fffff
36118,8810f40d47fffff
36119,8810f470c1fffff
36120,8810f626b1fffff
36121,8810f6b76bfffff
36122,8810f5423bfffff
36123,8810f0974dfffff
36124,8810f49969fffff
36125,8810a969b7fffff
36126,88101b6ee7fffff
36127,8810f0b9e1fffff
36128,8810f4ce2dfffff
36129,8810f42b07fffff
36130,8810f4a497fffff
36131,8810f4c6e7fffff
36132,8810f0c523fffff
36133,8810f0918bfffff
36134,8810f50b25fffff
36135,8810f49917fffff
36136,8810f6b835fffff
36137,8810f5c1e9fffff
36138,88101b6ad9fffff
36139,8810f556b7fffff
36140,8810f48ae9fffff
36141,8810f47b27fffff
36142,8810f428d9fffff
36143,8810f44317fffff
36144,8810f4cf31fffff
36145,8810f61325fffff
36146,8810a90c85fffff
36147,8810f58119fffff
36148,8810f5562dfffff
36149,8810f4c883fffff
36150,8810f29019fffff
36151,88101b55dbfffff
36152,8810f01219fffff
36153,8810f5c729fffff
36154,8810f0d6c5fffff
36155,8810f44a5dfffff
36156,8810f4baabfffff
36157,88101b476bfffff
36158,8810a97603fffff
36159,8810f6ce93fffff
36160,8810f6832bfffff
36161,8810f68929fffff
36162,8810f4d4e1fffff
36163,8810f0b827fffff
36164,88101b64bdfffff
36165,8810f0d09dfffff
36166,88101b3935fffff
36167,8810f43821fffff
36168,8810f62509fffff
36169,8810f4a91bfffff
36170,8810f4b255fffff
36171,8810f456cbfffff
36172,8810f62a81fffff
36173,88101b0c1bfffff
36174,8810f6c757fffff
36175,8810f4699dfffff
36176,8810f04263fffff
36177,8810f54a0bfffff
36178,8810f608d7fffff
36179,8810f62e8dfffff
36180,8810f41a5dfffff
36181,8810f0532dfffff
36182,8810f621c7fffff
36183,88101b6345fffff
36184,8810f581dbfffff
36185,8810f04109fffff
36186,8810f09751fffff
36187,8810f66095fffff
36188,8810f59805fffff
36189,8810f4cdbbfffff
36190,8810f5c925fffff
36191,8810f6b1d5fffff
36192,8810f0db5dfffff
36193,8810f55433fffff
36194,8810f4a10dfffff
36195,88101b4185fffff
36196,8810aba4bbfffff
36197,8810f4b885fffff
36198,8810f44f13fffff
36199,8810f446cbfffff
36200,88101b65b1fffff
36201,8810f05561fffff
36202,88101b4cd5fffff
36203,8810f42ab9fffff
36204,8810f4d2d5fffff
36205,8810f4363bfffff
36206,8810f68e81fffff
36207,8810f5d28dfffff
36208,8810aba6e5fffff
36209,8810f40901fffff
36210,8810f6d583fffff
36211,8810f434cdfffff
36212,8810f018edfffff
36213,8810f0b829fffff
36214,8810f099d3fffff
36215,8810f6085dfffff
36216,88101b0339fffff
36217,8810f0cecdfffff
36218,8810f08135fffff
36219,88101b4421fffff
36220,88101b7625fffff
36221,8810f0146dfffff
36222,8810f6b729fffff
36223,88101b7895fffff
36224,8810f4225dfffff
36225,8810f685e3fffff
36226,8810f639a3fffff
36227,8810a938bdfffff
36228,8810f62ee3fffff
36229,8810f5d05dfffff
36230,8810f4ce91fffff
36231,8810f6a235fffff
36232,8810f41239fffff
36233,8810f46d8dfffff
36234,8810f41b4dfffff
36235,8810f5841bfffff
36236,88101b291dfffff
36237,8810f544a1fffff
36238,8810a92f2dfffff
36239,8810a939d9fffff
36240,8810f48f57fffff
36241,8810f63b27fffff
36242,8810a96551fffff
36243,8810f0999bfffff
36244,8810f462e7fffff
36245,8810f0591dfffff
36246,8810f0518bfffff
36247,8810f40a35fffff
36248,88101a6dd7fffff
36249,8810f46533fffff
36250,8810f69207fffff
36251,88101b4757fffff
36252,8810a93a95fffff
36253,8810f6b723fffff
36254,8810f0811dfffff
36255,88101a6ee7fffff
36256,8810f0db15fffff
36257,8810f5c017fffff
36258,8810f4431dfffff
36259,8810f4189dfffff
36260,88101b0cdbfffff
36261,8810f430a1fffff
36262,8810f48561fffff
36263,8810f0d0d1fffff
36264,8810f6b50dfffff
36265,8810f48e55fffff
36266,8810a92f0dfffff
36267,8810f6c507fffff
36268,8810f51517fffff
36269,8810a9668dfffff
36270,8810f4221bfffff
36271,8810f63429fffff
36272,88101b0acdfffff
36273,8810f5ba47fffff
36274,8810f01407fffff
36275,8810f5c297fffff
36276,8810f5555bfffff
36277,8810f58737fffff
36278,8810f0c117fffff
36279,8810f4d0a3fffff
36280,8810f5152bfffff
36281,8810f6101dfffff
36282,8810f050c9fffff
36283,8810f69081fffff
36284,8810f01331fffff
36285,8810f6d0c7fffff
36286,88101b4647fffff
36287,8810a96dbbfffff
36288,8810f4868bfffff
36289,8810f015d1fffff
36290,8810f44121fffff
36291,8810f590c3fffff
36292,8810f6369dfffff
36293,8810f4b919fffff
36294,8810f5d145fffff
36295,8810f5d60bfffff
36296,8810a92433fffff
36297,8810f28713fffff
36298,8810f54955fffff
36299,8810f42955fffff
36300,8810f509b5fffff
36301,8810f01453fffff
36302,88101b7897fffff
36303,8810f094edfffff
36304,8810f620d1fffff
36305,8810f46969fffff
36306,8810f63457fffff
36307,8810f6addbfffff
36308,8810f0d8e1fffff
36309,8810f68d59fffff
36310,8810f48995fffff
36311,8810f425c7fffff
36312,8810f29101fffff
36313,8810f6103bfffff
36314,8810f61817fffff
36315,8810f5ca1bfffff
36316,8810f68c3dfffff
36317,8810f29617fffff
36318,8810f512bbfffff
36319,8810f42ad9fffff
36320,8810f6b30bfffff
36321,8810f46013fffff
36322,8810a96c63fffff
36323,8810f5d113fffff
36324,8810f46b39fffff
36325,8810f6ce43fffff
36326,8810f08641fffff
36327,8810f056c7fffff
36328,8810f0d64bfffff
36329,88101b7831fffff
36330,8810f51a45fffff
36331,8810f4b849fffff
36332,8810f42ac3fffff
36333,8810f5d9e1fffff
36334,8810f589b3fffff
36335,88101b7431fffff
36336,8810f0b0e7fffff
36337,8810f0413dfffff
36338,8810f451e1fffff
36339,8810f01181fffff
36340,8810f4a019fffff
36341,8810f051e7fffff
36342,8810f049bbfffff
36343,8810f41769fffff
36344,8810f5c2a3fffff
36345,8810f28543fffff
36346,8810f6a4c1fffff
36347,8810f6a08dfffff
36348,8810f00543fffff
36349,88101a6cd1fffff
36350,8810f46331fffff
36351,8810f60159fffff
36352,8810f461abfffff
36353,8810f55629fffff
36354,8810f69a69fffff
36355,8810f556d5fffff
36356,8810f69915fffff
36357,8810f6c2d1fffff
36358,8810f0d631fffff
36359,8810f51887fffff
36360,8810f0c0cbfffff
36361,8810f61a0dfffff
36362,8810f082b5fffff
36363,8810f684adfffff
36364,8810a924cdfffff
36365,8810f45a25fffff
36366,8810f0c031fffff
36367,8810f4a9a1fffff
36368,8810f5436dfffff
36369,8810f43289fffff
36370,8810f68ac7fffff
36371,8810f42021fffff
36372,8810f58b39fffff
36373,8810f0842bfffff
36374,8810f42859fffff
36375,8810f4b9c7fffff
36376,8810f05859fffff
36377,8810f0daa9fffff
36378,88101b74d3fffff
36379,8810f296a9fffff
36380,8810f5589dfffff
36381,8810f660abfffff
36382,88101b71e9fffff
36383,8810f51659fffff
36384,8810f6643bfffff
36385,8810f4459bfffff
36386,8810a9666dfffff
36387,8810f4cf01fffff
36388,8810f41493fffff
36389,8810f0d08dfffff
36390,8810f61263fffff
36391,8810a96ed5fffff
36392,8810f67407fffff
36393,8810f4c2bdfffff
36394,8810f6ba67fffff
36395,8810f42ea9fffff
36396,8810f54ab5fffff
36397,8810f450a9fffff
36398,8810a9212bfffff
36399,8810f40181fffff
36400,8810f46763fffff
36401,8810f0c183fffff
36402,8810f4ba6dfffff
36403,8810f0c2bbfffff
36404,88101b489dfffff
36405,8810f59937fffff
36406,8810f6cd5bfffff
36407,88101b6401fffff
36408,8810f42525fffff
36409,8810f08597fffff
36410,8810f6b811fffff
36411,8810f676c5fffff
36412,8810f5bb27fffff
36413,88101b71a3fffff
36414,8810f6a1b5fffff
36415,8810a9276dfffff
36416,8810f4044dfffff
36417,8810a96c31fffff
36418,8810f4ae01fffff
36419,8810f4d2b1fffff
36420,8810f46de7fffff
36421,8810f5cb15fffff
36422,8810f54e33fffff
36423,8810f6b619fffff
36424,8810f41957fffff
36425,8810f092e5fffff
36426,8810f5cce3fffff
36427,8810f69543fffff
36428,8810f42c1bfffff
36429,8810a9399bfffff
36430,8810f6211dfffff
36431,8810f68e1bfffff
36432,8810f6a9c1fffff
36433,8810f0b361fffff
36434,8810f43aadfffff
36435,8810f6aa47fffff
36436,8810f0cac5fffff
36437,88101b673dfffff
36438,8810f6a933fffff
36439,8810f0833dfffff
36440,8810f430e3fffff
36441,8810f48c19fffff
36442,8810f545bbfffff
36443,8810f5c269fffff
36444,8810f42c8dfffff
36445,8810f6d801fffff
36446,8810a9742bfffff
36447,8810f6a431fffff
36448,8810f58a33fffff
36449,8810f09845fffff
36450,8810f63a27fffff
36451,8810f0db0bfffff
36452,8810f69835fffff
36453,8810f5d105fffff
36454,8810a976adfffff
36455,8810f44161fffff
36456,8810f54b51fffff
36457,8810f638bdfffff
36458,8810f48c9bfffff
36459,8810f0c401fffff
36460,8810a96701fffff
36461,8810f0861bfffff
36462,8810f0c737fffff
36463,8810f6adcbfffff
36464,8810f549edfffff
36465,8810f45aa5fffff
36466,8810a92985fffff
36467,8810f58081fffff
36468,8810f60a0dfffff
36469,8810f50109fffff
36470,8810f46e05fffff
36471,8810f4c28bfffff
36472,8810f47ad9fffff
36473,8810f0b02dfffff
36474,8810f444b7fffff
36475,8810f59999fffff
36476,8810f512b1fffff
36477,8810f09a03fffff
36478,8810f51a8dfffff
36479,8810f58193fffff
36480,8810f4b9edfffff
36481,8810f51825fffff
36482,8810f4cdabfffff
36483,8810f00287fffff
36484,8810f5c5e1fffff
36485,8810f5b129fffff
36486,8810f68d01fffff
36487,8810f4b085fffff
36488,8810f4b601fffff
36489,8810f05991fffff
36490,8810f4c151fffff
36491,8810f4b207fffff
36492,8810f62129fffff
36493,8810f290a7fffff
36494,88101b78a7fffff
36495,8810f416c7fffff
36496,8810f0c261fffff
36497,88101b6e09fffff
36498,8810f4d8adfffff
36499,8810f282edfffff
36500,8810f40085fffff
36501,8810f4625bfffff
36502,8810f695a3fffff
36503,8810f29099fffff
36504,8810f5ce9dfffff
36505,8810f4c183fffff
36506,8810f0c267fffff
36507,88101b714dfffff
36508,8810f08817fffff
36509,8810f29047fffff
36510,8810f6a5ddfffff
36511,8810f5c30dfffff
36512,8810f29827fffff
36513,8810f41443fffff
36514,8810f0d5a1fffff
36515,8810f40827fffff
36516,8810f0cf1bfffff
36517,8810f44449fffff
36518,8810f4c125fffff
36519,8810f4b31dfffff
36520,88101b471dfffff
36521,88101a6c39fffff
36522,8810f551c9fffff
36523,8810f6aecdfffff
36524,8810f0b005fffff
36525,8810f6899bfffff
36526,8810f62c3bfffff
36527,8810f0c9dbfffff
36528,8810f58153fffff
36529,8810f58919fffff
36530,8810f431c1fffff
36531,8810f5d8a9fffff
36532,8810f60027fffff
36533,8810f51605fffff
36534,8810f091e1fffff
36535,8810f6155bfffff
36536,8810f621a1fffff
36537,8810f43b03fffff
36538,88101b3901fffff
36539,8810f63869fffff
36540,8810f55955fffff
36541,8810f67591fffff
36542,8810f0c06bfffff
36543,88101b198bfffff
36544,8810a92e6bfffff
36545,8810f0885dfffff
36546,8810f4d757fffff
36547,8810f0d96bfffff
36548,8810f54663fffff
36549,8810f42861fffff
36550,8810f4b8b3fffff
36551,8810f04235fffff
36552,8810f51a1bfffff
36553,8810f5814bfffff
36554,8810f04a0dfffff
36555,8810f4cde5fffff
36556,8810f0d941fffff
36557,8810f4b16bfffff
36558,8810f04f67fffff
36559,8810f0d0dbfffff
36560,8810f0cf0bfffff
36561,8810f6a099fffff
36562,8810f6988dfffff
36563,8810f5d445fffff
36564,8810f6a345fffff
36565,8810f6a29dfffff
36566,8810f4a2e9fffff
36567,8810f0c2c7fffff
36568,8810f46aa3fffff
36569,8810a93863fffff
36570,8810f5448dfffff
36571,8810f6228bfffff
36572,8810f050c5fffff
36573,8810f486e9fffff
36574,8810a93b07fffff
36575,8810f69217fffff
36576,8810f0d5cdfffff
36577,8810f080e3fffff
36578,8810a92619fffff
36579,8810aba497fffff
36580,8810a92dcdfffff
36581,8810f6c891fffff
36582,8810f4082bfffff
36583,8810f4d1abfffff
36584,8810f465b1fffff
36585,8810a93a89fffff
36586,8810f6b9b3fffff
36587,8810f5c1c3fffff
36588,8810f45b33fffff
36589,8810f5cdbdfffff
36590,88101b5591fffff
36591,8810f5425bfffff
36592,8810f486e1fffff
36593,8810f0c23dfffff
36594,8810f63963fffff
36595,8810f68455fffff
36596,8810f445a5fffff
36597,8810f60f4dfffff
36598,8810f42e21fffff
36599,8810f6d687fffff
36600,8810f6b8d5fffff
36601,8810f6c561fffff
36602,8810f47a85fffff
36603,8810f28495fffff
36604,8810f09983fffff
36605,8810f402a1fffff
36606,8810f4a2adfffff
36607,8810f5986bfffff
36608,8810f28085fffff
36609,8810f4a1a1fffff
36610,8810f01589fffff
36611,8810f68dd7fffff
36612,8810f49b1bfffff
36613,8810f48dd3fffff
36614,8810f422b7fffff
36615,8810f58d55fffff
36616,8810f689a9fffff
36617,8810f5b94dfffff
36618,8810f5b937fffff
36619,8810f5c431fffff
36620,8810f475d1fffff
36621,88101b6747fffff
36622,8810a92d81fffff
36623,8810f46181fffff
36624,8810f08241fffff
36625,8810f4b225fffff
36626,8810f6a63bfffff
36627,8810f4da01fffff
36628,8810f4489dfffff
36629,8810f47405fffff
36630,8810f57339fffff
36631,8810f04ad1fffff
36632,8810a92a11fffff
36633,8810f5856bfffff
36634,8810a97485fffff
36635,8810f6c709fffff
36636,8810f059d1fffff
36637,8810f62d37fffff
36638,8810f6c715fffff
36639,8810f46549fffff
36640,8810f48b11fffff
36641,8810f6209bfffff
36642,8810f0cec5fffff
36643,8810f58043fffff
36644,8810f4b727fffff
36645,8810f09329fffff
36646,8810f4d90dfffff
36647,8810aba4a1fffff
36648,88101b0c3bfffff
36649,8810f68117fffff
36650,8810f680dbfffff
36651,8810f4bb67fffff
36652,8810f011d3fffff
36653,8810f5cf5dfffff
36654,8810f09357fffff
36655,8810f450ddfffff
36656,8810a93913fffff
36657,8810f4d9c1fffff
36658,8810f5d483fffff
36659,8810f092e3fffff
36660,8810f59a23fffff
36661,8810f6aa93fffff
36662,8810f5b869fffff
36663,88101b7a1dfffff
36664,8810f6b891fffff
36665,8810f28287fffff
36666,8810f5d5bbfffff
36667,88101b55d3fffff
36668,8810f4af03fffff
36669,8810f54f63fffff
36670,8810f0b2ddfffff
36671,8810f43095fffff
36672,8810f45291fffff
36673,8810f41ae9fffff
36674,8810f49b17fffff
36675,8810f55823fffff
36676,8810f47ae3fffff
36677,8810f69165fffff
36678,8810f29a8bfffff
36679,8810f66e81fffff
36680,8810f40813fffff
36681,88101b64dbfffff
36682,8810f4c543fffff
36683,8810f0da21fffff
36684,8810f4ae31fffff
36685,8810f6c569fffff
36686,8810f0d1bbfffff
36687,88101b0b55fffff
36688,8810f6ce5dfffff
36689,8810a9618dfffff
36690,8810f42749fffff
36691,8810a960bbfffff
36692,8810f5c8a9fffff
36693,8810f6d0adfffff
36694,88101b39b5fffff
36695,8810f4cd01fffff
36696,8810a92d21fffff
36697,8810f0d549fffff
36698,8810f6ab15fffff
36699,8810f6c29dfffff
36700,8810f60495fffff
36701,8810f5118bfffff
36702,8810f6941bfffff
36703,8810f59b59fffff
36704,8810f66ce9fffff
36705,8810f28645fffff
36706,8810f0b823fffff
36707,8810f51549fffff
36708,8810f0c655fffff
36709,8810f685abfffff
36710,8810f469e9fffff
36711,88101b4d05fffff
36712,8810f55a09fffff
36713,8810f5c905fffff
36714,8810f42d25fffff
36715,8810f626c3fffff
36716,8810f591a7fffff
36717,8810f58ad5fffff
36718,8810f0ce9dfffff
36719,8810f40eb1fffff
36720,8810f47b25fffff
36721,8810a928c3fffff
36722,88101b4db3fffff
36723,8810f5ce95fffff
36724,8810f44ccbfffff
36725,8810f5c087fffff
36726,8810f4ac41fffff
36727,8810f4ceebfffff
36728,8810f4c5c1fffff
36729,8810f08231fffff
36730,8810f4b4bbfffff
36731,8810f5d1b5fffff
36732,88101b2dbbfffff
36733,8810f0ca5dfffff
36734,88101b66c3fffff
36735,8810f6b21dfffff
36736,8810f0d687fffff
36737,8810f545e5fffff
36738,8810f6642bfffff
36739,8810f0ca8bfffff
36740,8810f46555fffff
36741,8810f42287fffff
36742,8810f5ba51fffff
36743,8810f4069dfffff
36744,88101b0815fffff
36745,8810f29017fffff
36746,8810f48953fffff
36747,88101b7ab5fffff
36748,8810f29145fffff
36749,88101b7a85fffff
36750,88101b7b33fffff
36751,8810f4c531fffff
36752,8810f4d20dfffff
36753,8810f5c219fffff
36754,88101b704bfffff
36755,8810f50b5bfffff
36756,88101b796dfffff
36757,8810f00735fffff
36758,8810f5d725fffff
36759,8810f475c5fffff
36760,8810f29a03fffff
36761,8810f5cab1fffff
36762,8810f55aadfffff
36763,88101b75b1fffff
36764,8810f29503fffff
36765,88101b7107fffff
36766,8810f46069fffff
36767,8810f2918dfffff
36768,8810f4d153fffff
36769,8810f62729fffff
36770,8810f4d913fffff
36771,8810f286e9fffff
36772,8810f428d1fffff
36773,8810f4d461fffff
36774,88101b762dfffff
36775,8810f5daa3fffff
36776,8810f406a1fffff
36777,8810f44163fffff
36778,8810f55b01fffff
36779,8810f5bb4bfffff
36780,8810f43129fffff
36781,8810f425d5fffff
36782,8810f6ac67fffff
36783,8810f6b0e3fffff
36784,8810f402a7fffff
36785,8810f66ec1fffff
36786,8810f6d129fffff
36787,8810f6271bfffff
36788,8810f46215fffff
36789,8810f50ab1fffff
36790,8810f51257fffff
36791,8810f4894bfffff
36792,8810f04139fffff
36793,8810a96747fffff
36794,8810f6b43dfffff
36795,8810f60b37fffff
36796,8810f4081dfffff
36797,8810f59503fffff
36798,88101b7145fffff
36799,88101b09d3fffff
36800,8810f620e5fffff
36801,88101b7965fffff
36802,8810f6d311fffff
36803,8810f08c67fffff
36804,8810f51b63fffff
36805,8810f4c037fffff
36806,8810f474dbfffff
36807,8810f46db3fffff
36808,8810f54b31fffff
36809,8810f6ad3bfffff
36810,8810f59ae9fffff
36811,8810f0d615fffff
36812,8810f09239fffff
36813,8810f5ce8bfffff
36814,8810f4a341fffff
36815,8810f43981fffff
36816,8810f48a3bfffff
36817,8810f5483bfffff
36818,8810f69053fffff
36819,88101b6cb5fffff
36820,8810f6d0a9fffff
36821,8810f0c733fffff
36822,8810f40a01fffff
36823,8810f62e9dfffff
36824,8810f466b1fffff
36825,8810f40321fffff
36826,8810f5919bfffff
36827,8810f50a19fffff
36828,8810f47469fffff
36829,8810f58431fffff
36830,8810f44055fffff
36831,8810f46eabfffff
36832,8810f098c9fffff
36833,8810f69965fffff
36834,88101b7803fffff
36835,8810f5d617fffff
36836,8810f5184dfffff
36837,8810f4cc99fffff
36838,8810f4bb07fffff
36839,8810f6a551fffff
36840,8810f4144dfffff
36841,8810f4c23dfffff
36842,8810f6a2abfffff
36843,8810f58859fffff
36844,8810f6a5b1fffff
36845,8810f402c3fffff
36846,8810f63a0dfffff
36847,8810f6235dfffff
36848,8810f54923fffff
36849,8810f62f57fffff
36850,8810f2991dfffff
36851,88101b4eb7fffff
36852,8810f4d0ddfffff
36853,8810f6acc1fffff
36854,8810f094abfffff
36855,8810f41733fffff
36856,8810f54027fffff
36857,8810f638b9fffff
36858,88101b702dfffff
36859,8810f685adfffff
36860,88101b466bfffff
36861,8810f55359fffff
36862,8810f4559dfffff
36863,8810f68515fffff
36864,8810a939bbfffff
36865,8810f58f53fffff
36866,8810f50a07fffff
36867,8810f68a99fffff
36868,8810f58c35fffff
36869,8810f48eddfffff
36870,8810f40e83fffff
36871,8810f0d639fffff
36872,8810f5905bfffff
36873,8810f625a1fffff
36874,88101b6f49fffff
36875,8810f619abfffff
36876,8810f29831fffff
36877,8810f4aeadfffff
36878,8810f6132dfffff
36879,8810f40f15fffff
36880,8810f6c58bfffff
36881,8810f29353fffff
36882,88101b4e97fffff
36883,88101b6da1fffff
36884,8810f66469fffff
36885,8810f5d02bfffff
36886,88101a653bfffff
36887,8810f61abdfffff
36888,8810f58a0bfffff
36889,8810f51441fffff
36890,8810f4d6b7fffff
36891,8810f6d5a7fffff
36892,8810f42663fffff
36893,8810f44923fffff
36894,8810f584a9fffff
36895,8810f5c707fffff
36896,8810f51b35fffff
36897,8810f016e3fffff
36898,8810f5caddfffff
36899,8810f01049fffff
36900,8810f485e3fffff
36901,8810f63653fffff
36902,8810f0dadbfffff
36903,8810f6c699fffff
36904,8810f485a9fffff
36905,8810f4a5e3fffff
36906,8810f6358dfffff
36907,8810f0ba59fffff
36908,8810aba4c1fffff
36909,8810f41865fffff
36910,8810f5caa5fffff
36911,8810f42debfffff
36912,8810f4a8e3fffff
36913,8810f465ddfffff
36914,8810f6b301fffff
36915,8810f6d0abfffff
36916,8810a9a597fffff
36917,8810f29069fffff
36918,8810f01817fffff
36919,8810f40057fffff
36920,8810a96887fffff
36921,8810f090a9fffff
36922,8810f6c169fffff
36923,8810f55abdfffff
36924,88101b6a55fffff
36925,8810f0b993fffff
36926,8810f55141fffff
36927,8810f5d50dfffff
36928,8810f51657fffff
36929,8810f29653fffff
36930,8810f665d1fffff
36931,8810f43225fffff
36932,8810f6c0c3fffff
36933,8810f624b9fffff
36934,88101b2d15fffff
36935,88101b7abdfffff
36936,8810f4c45bfffff
36937,8810f4408dfffff
36938,8810f6c335fffff
36939,8810f55725fffff
36940,8810f4770dfffff
36941,8810a9359dfffff
36942,8810f4d60dfffff
36943,8810f512bdfffff
36944,8810f62f47fffff
36945,8810f68635fffff
36946,8810f4c8e5fffff
36947,8810a936e7fffff
36948,8810f28761fffff
36949,88101b489bfffff
36950,8810f6b2d1fffff
36951,8810f6c267fffff
36952,8810f40d63fffff
36953,8810f46033fffff
36954,8810f6a90bfffff
36955,8810f5460dfffff
36956,8810f5ce47fffff
36957,8810f5b161fffff
36958,8810f4a6a1fffff
36959,8810f4ad3bfffff
36960,8810f58c13fffff
36961,8810f0d959fffff
36962,8810f67651fffff
36963,8810f29753fffff
36964,8810f62f69fffff
36965,88101b448dfffff
36966,8810f09519fffff
36967,8810f4563bfffff
36968,8810f54041fffff
36969,88101b4491fffff
36970,8810f5d493fffff
36971,8810f4065dfffff
36972,8810f69059fffff
36973,88101a6cb1fffff
36974,88101b70b3fffff
36975,8810f0c6c9fffff
36976,88101b4535fffff
36977,8810a929c5fffff
36978,8810f468c3fffff
36979,8810f0b8b7fffff
36980,8810f6c1d5fffff
36981,8810f4c805fffff
36982,8810a92c2bfffff
36983,8810f475bbfffff
36984,8810f449a7fffff
36985,8810f40697fffff
36986,8810f428c1fffff
36987,8810f4d861fffff
36988,8810f081b5fffff
36989,8810f63543fffff
36990,8810f28117fffff
36991,8810f4c437fffff
36992,8810f4b113fffff
36993,8810f01a41fffff
36994,8810f50827fffff
36995,8810a96e25fffff
36996,88101b62a5fffff
36997,8810f44057fffff
36998,88101b64a5fffff
36999,8810f6c60bfffff
37000,8810f6af45fffff
37001,88101b6c2dfffff
37002,8810f6301dfffff
37003,8810a9368bfffff
37004,8810f4b5b3fffff
37005,8810a96dd9fffff
37006,8810f6c89bfffff
37007,8810f6b6e3fffff
37008,8810f42c25fffff
37009,8810f42251fffff
37010,8810f588c7fffff
37011,8810aba651fffff
37012,8810f5d2d5fffff
37013,88101b65d7fffff
37014,8810f5c803fffff
37015,8810f0c303fffff
37016,8810f6058dfffff
37017,8810f406bdfffff
37018,8810f540bdfffff
37019,8810f5ceadfffff
37020,88101b29b9fffff
37021,8810f6c529fffff
37022,8810f46499fffff
37023,8810f58d89fffff
37024,8810f6dac9fffff
37025,8810a96c85fffff
37026,88101b72a1fffff
37027,8810f40711fffff
37028,88101b69d1fffff
37029,8810f449c9fffff
37030,8810f6c5c7fffff
37031,8810f284edfffff
37032,8810f4d045fffff
37033,8810f6ca91fffff
37034,88101b0549fffff
37035,8810f0d1c1fffff
37036,8810f44957fffff
37037,8810f41021fffff
37038,88101b0d09fffff
37039,8810f2962dfffff
37040,8810a92dd5fffff
37041,8810f29855fffff
37042,88101b64cdfffff
37043,8810f5d71dfffff
37044,8810f292e3fffff
37045,8810f422e7fffff
37046,8810f04333fffff
37047,8810f2929bfffff
37048,8810f518abfffff
37049,8810f4259bfffff
37050,8810f5d467fffff
37051,8810f69a03fffff
37052,8810f4351dfffff
37053,8810f6b969fffff
37054,8810f40267fffff
37055,8810f4b487fffff
37056,8810f4cda3fffff
37057,8810f43455fffff
37058,8810f6b92bfffff
37059,8810f66109fffff
37060,8810a92c35fffff
37061,8810f59181fffff
37062,8810f46923fffff
37063,8810a92121fffff
37064,8810f04123fffff
37065,8810f6b6e7fffff
37066,8810f42461fffff
37067,8810f0156bfffff
37068,8810f42c59fffff
37069,88101b56d5fffff
37070,8810f292e5fffff
37071,8810f5cc0dfffff
37072,8810f05821fffff
37073,8810f54a4bfffff
37074,8810f618b7fffff
37075,8810f0cd25fffff
37076,8810f63813fffff
37077,8810f2b16bfffff
37078,8810f42181fffff
37079,8810f6cf01fffff
37080,8810f5cb5dfffff
37081,8810f59853fffff
37082,8810f632bdfffff
37083,88101b6c4dfffff
37084,88101a6c55fffff
37085,8810f41213fffff
37086,8810f5b929fffff
37087,8810f296c3fffff
37088,8810f44211fffff
37089,8810f299cdfffff
37090,88101b78c3fffff
37091,88101b4527fffff
37092,88101b559bfffff
37093,8810a92087fffff
37094,8810f61985fffff
37095,88101b6593fffff
37096,8810f4503dfffff
37097,8810f619dbfffff
37098,8810f09507fffff
37099,8810a961d7fffff
37100,8810f42f4dfffff
37101,8810f4a225fffff
37102,8810a92d59fffff
37103,8810f4c215fffff
37104,8810a929c3fffff
37105,88101a6ee1fffff
37106,8810f6d40dfffff
37107,8810a9298bfffff
37108,8810f489cbfffff
37109,8810f694e5fffff
37110,8810f5518bfffff
37111,88101b052bfffff
37112,8810f686d9fffff
37113,8810a961ebfffff
37114,8810f471ebfffff
37115,8810f08c3bfffff
37116,8810f49991fffff
37117,8810f4dac3fffff
37118,8810f45269fffff
37119,8810f014d5fffff
37120,8810f6220bfffff
37121,8810f4c5e3fffff
37122,8810f45961fffff
37123,8810f5d2abfffff
37124,8810f40037fffff
37125,8810f5590dfffff
37126,8810f6da87fffff
37127,8810f0552bfffff
37128,8810f502c1fffff
37129,8810a96aa5fffff
37130,8810f51603fffff
37131,8810f5d767fffff
37132,8810f549d1fffff
37133,8810f4b48dfffff
37134,88101b4cc7fffff
37135,8810f54717fffff
37136,8810f0ce5dfffff
37137,8810f08291fffff
37138,8810f28309fffff
37139,8810f6801bfffff
37140,8810f0b0e9fffff
37141,8810f68565fffff
37142,8810f4d90bfffff
37143,8810f5498bfffff
37144,8810f296c7fffff
37145,8810f40c39fffff
37146,8810f62a95fffff
37147,8810f0b2e1fffff
37148,8810f0c657fffff
37149,8810f08729fffff
37150,8810f4048bfffff
37151,8810f6a857fffff
37152,8810f638bbfffff
37153,88101b08d3fffff
37154,8810f6d061fffff
37155,8810f61511fffff
37156,88101b464bfffff
37157,8810f29aabfffff
37158,8810f420cbfffff
37159,8810a92e47fffff
37160,8810a938b9fffff
37161,8810f09251fffff
37162,88101b4c65fffff
37163,8810a92c0bfffff
37164,88101b6c6bfffff
37165,8810f4a9bbfffff
37166,8810f5d6e9fffff
37167,8810f4370bfffff
37168,8810f48db3fffff
37169,8810f459abfffff
37170,8810f544e5fffff
37171,88101b40b9fffff
37172,8810f4b955fffff
37173,8810f68a0dfffff
37174,8810f051b7fffff
37175,88101a6cabfffff
37176,88101a6f55fffff
37177,8810f47b21fffff
37178,8810f40667fffff
37179,8810a96647fffff
37180,8810f049e3fffff
37181,8810f42649fffff
37182,8810f09535fffff
37183,8810f5195bfffff
37184,8810f4a835fffff
37185,8810f58c0bfffff
37186,8810f016d7fffff
37187,8810f0992bfffff
37188,8810f499b9fffff
37189,8810a9210dfffff
37190,8810f62ebdfffff
37191,8810f42d43fffff
37192,88101b728dfffff
37193,8810f0d8d1fffff
37194,8810f605a1fffff
37195,88101b6709fffff
37196,8810a96409fffff
37197,8810f54801fffff
37198,8810f5831bfffff
37199,8810f0c137fffff
37200,8810f4521dfffff
37201,8810f0d539fffff
37202,8810f58ed3fffff
37203,8810a961a7fffff
37204,8810f6274dfffff
37205,8810f5d8e5fffff
37206,88101b6287fffff
37207,8810f46c57fffff
37208,8810f6d953fffff
37209,8810f49a23fffff
37210,8810f0c231fffff
37211,8810f4c155fffff
37212,8810f684c7fffff
37213,8810f612dbfffff
37214,8810f5996bfffff
37215,8810f555a9fffff
37216,8810f68991fffff
37217,8810f0c025fffff
37218,8810f45933fffff
37219,8810f4d023fffff
37220,8810f0a24bfffff
37221,8810f0c18bfffff
37222,8810f08235fffff
37223,8810f4d189fffff
37224,8810a926b5fffff
37225,8810f0d287fffff
37226,8810f5ce93fffff
37227,8810f456a9fffff
37228,8810f58011fffff
37229,8810f4c801fffff
37230,8810f09b49fffff
37231,8810f461a3fffff
37232,8810f4d847fffff
37233,88101b2d37fffff
37234,8810f0c167fffff
37235,88101b4c69fffff
37236,8810f411a9fffff
37237,8810f28703fffff
37238,8810f66e87fffff
37239,88101b6aa3fffff
37240,88101b76ebfffff
37241,8810f46e53fffff
37242,88101b0ab7fffff
37243,8810f5d345fffff
37244,8810a92cb3fffff
37245,8810f6ba6dfffff
37246,8810f6609bfffff
37247,8810f48ac9fffff
37248,8810f088b5fffff
37249,8810a92ad5fffff
37250,8810f2975dfffff
37251,8810f4786dfffff
37252,8810f684e3fffff
37253,8810f42ae5fffff
37254,8810f4d497fffff
37255,8810f694a5fffff
37256,8810f5506bfffff
37257,8810f4a9a5fffff
37258,8810f55855fffff
37259,8810f00083fffff
37260,8810f66131fffff
37261,8810f0136dfffff
37262,8810f48a93fffff
37263,8810f4ba21fffff
37264,8810f42b37fffff
37265,8810f625b5fffff
37266,8810f40419fffff
37267,8810f28485fffff
37268,88101b0c8bfffff
37269,88101b4f63fffff
37270,8810f48869fffff
37271,8810f43697fffff
37272,8810f58e9bfffff
37273,8810f6d695fffff
37274,88101b2943fffff
37275,88101b6c45fffff
37276,8810f42cb5fffff
37277,8810f09ac1fffff
37278,8810f48e03fffff
37279,8810f4ae03fffff
37280,8810aba403fffff
37281,8810f60909fffff
37282,8810f08469fffff
37283,8810f01353fffff
37284,88101b56b1fffff
37285,8810f4a8a1fffff
37286,8810f08d59fffff
37287,8810f6230dfffff
37288,8810f6849dfffff
37289,8810f40b07fffff
37290,8810f41497fffff
37291,8810a92823fffff
37292,8810f6c18dfffff
37293,8810f46643fffff
37294,88101b6989fffff
37295,8810f5c167fffff
37296,8810f48107fffff
37297,8810f556cbfffff
37298,88101b7a1bfffff
37299,8810f6a22bfffff
37300,8810f0186dfffff
37301,8810f096d1fffff
37302,8810f46d39fffff
37303,8810f551b9fffff
37304,8810f0c603fffff
37305,8810f47863fffff
37306,8810f09181fffff
37307,8810f6c1d1fffff
37308,8810a92ac1fffff
37309,8810f55ac1fffff
37310,8810f0d65bfffff
37311,8810f41049fffff
37312,8810f5936dfffff
37313,8810f0493dfffff
37314,88101b6a81fffff
37315,8810f4c5a3fffff
37316,8810f0c8e7fffff
37317,8810f4cf29fffff
37318,88101b60c5fffff
37319,8810f6b343fffff
37320,8810f50255fffff
37321,8810f09823fffff
37322,8810f281cbfffff
37323,8810f05219fffff
37324,8810f69145fffff
37325,8810f699d1fffff
37326,8810f0b2a7fffff
37327,8810a92591fffff
37328,8810f68c21fffff
37329,8810f55327fffff
37330,8810f549c7fffff
37331,8810a96eb9fffff
37332,8810f414c9fffff
37333,8810f626ebfffff
37334,8810a96e8dfffff
37335,8810f01859fffff
37336,8810f69097fffff
37337,8810f68db1fffff
37338,8810f6a017fffff
37339,8810f4c2e9fffff
37340,8810f5b815fffff
37341,8810f68f23fffff
37342,8810f002e1fffff
37343,8810f58341fffff
37344,8810f6d403fffff
37345,88101b79c5fffff
37346,8810f2835bfffff
37347,8810a92c5dfffff
37348,8810a9771dfffff
37349,8810f28323fffff
37350,88101b4741fffff
37351,8810f63645fffff
37352,8810f282ebfffff
37353,8810f6316dfffff
37354,8810f4752dfffff
37355,8810f638d9fffff
37356,8810a976a3fffff
37357,8810f68dadfffff
37358,88101b4de3fffff
37359,8810f66451fffff
37360,8810f6ad95fffff
37361,8810f4a299fffff
37362,8810f6c09dfffff
37363,8810f4331bfffff
37364,8810f48983fffff
37365,8810f4763bfffff
37366,8810f4ba57fffff
37367,8810f4a0e7fffff
37368,8810a96e23fffff
37369,8810f50b49fffff
37370,8810f42ad3fffff
37371,8810f61713fffff
37372,88101b6cb7fffff
37373,88101b6841fffff
37374,8810f51423fffff
37375,8810f48d13fffff
37376,8810f4cd1bfffff
37377,8810f41945fffff
37378,8810f408cbfffff
37379,8810f0d5e1fffff
37380,8810f4130dfffff
37381,8810f6d4adfffff
37382,8810f0964bfffff
37383,8810f51003fffff
37384,8810f4071bfffff
37385,8810f4273bfffff
37386,8810f0143bfffff
37387,8810f5bb6bfffff
37388,8810f4774bfffff
37389,8810f46619fffff
37390,8810f4c439fffff
37391,8810f4d20bfffff
37392,8810f69305fffff
37393,8810f4d1c5fffff
37394,8810f5cd51fffff
37395,8810f69707fffff
37396,8810f61759fffff
37397,8810f68c41fffff
37398,8810f4d031fffff
37399,8810f0d0adfffff
37400,8810f474a7fffff
37401,88101b659dfffff
37402,8810f5499bfffff
37403,8810f68983fffff
37404,8810f509d7fffff
37405,8810f016a3fffff
37406,8810f442bdfffff
37407,8810f4b5d3fffff
37408,8810f04329fffff
37409,8810f60069fffff
37410,8810a96f31fffff
37411,8810f619cdfffff
37412,8810f6c5c9fffff
37413,8810f4b457fffff
37414,8810f58183fffff
37415,8810f5c867fffff
37416,8810f54aadfffff
37417,8810f48133fffff
37418,8810f6b365fffff
37419,8810f5b12bfffff
37420,8810f40637fffff
37421,88101a65a9fffff
37422,8810f0c745fffff
37423,8810f47463fffff
37424,8810f51149fffff
37425,88101b686dfffff
37426,8810f58493fffff
37427,8810f63105fffff
37428,8810f4b199fffff
37429,8810f09603fffff
37430,8810f42cd3fffff
37431,8810f68d39fffff
37432,8810f67431fffff
37433,8810f4d40dfffff
37434,8810f436c1fffff
37435,8810f581a1fffff
37436,8810f5c2ddfffff
37437,8810f636d7fffff
37438,8810f58c5dfffff
37439,8810f4d5a1fffff
37440,8810f62117fffff
37441,8810f5d515fffff
37442,8810f29205fffff
37443,8810f41031fffff
37444,8810f632d7fffff
37445,8810f4cebdfffff
37446,8810f46415fffff
37447,8810f508e3fffff
37448,88101b7a27fffff
37449,8810f0035dfffff
37450,8810f69331fffff
37451,8810f089e9fffff
37452,8810f410a1fffff
37453,8810f4399bfffff
37454,8810f42addfffff
37455,8810a93b1dfffff
37456,8810f08f43fffff
37457,8810f66a97fffff
37458,8810aba617fffff
37459,8810f454e3fffff
37460,8810f59125fffff
37461,8810f6b621fffff
37462,8810f4b835fffff
37463,8810f42083fffff
37464,8810f4b5b9fffff
37465,8810f559ebfffff
37466,8810f5d2c7fffff
37467,8810f46c61fffff
37468,8810f62535fffff
37469,8810f05849fffff
37470,8810f58181fffff
37471,8810f4b625fffff
37472,8810a9671bfffff
37473,8810aba639fffff
37474,8810f41615fffff
37475,88101b6cd9fffff
37476,8810f01045fffff
37477,8810f29431fffff
37478,8810f43897fffff
37479,8810f47045fffff
37480,8810f4b713fffff
37481,8810f6c495fffff
37482,8810f471c3fffff
37483,8810a90ce7fffff
37484,8810f676adfffff
37485,8810f0d417fffff
37486,8810f01665fffff
37487,8810f43923fffff
37488,8810f59a15fffff
37489,8810f502bbfffff
37490,8810f4aea7fffff
37491,8810f5d637fffff
37492,8810f6c453fffff
37493,8810f445a3fffff
37494,8810f4a49dfffff
37495,8810f04b45fffff
37496,8810f6a0d9fffff
37497,8810f5cd1bfffff
37498,8810f5c749fffff
37499,8810f426a7fffff
37500,8810f6ab57fffff
37501,88101b0c83fffff
37502,8810f558a9fffff
37503,8810f66419fffff
37504,8810f6a335fffff
37505,8810f55107fffff
37506,8810f63467fffff
37507,88101b0163fffff
37508,8810f66c0dfffff
37509,8810f540e3fffff
37510,8810f59101fffff
37511,8810f0c983fffff
37512,8810a92b0bfffff
37513,8810f54a4dfffff
37514,8810f4d16dfffff
37515,8810f48a15fffff
37516,8810f435e5fffff
37517,8810f51a01fffff
37518,8810a92d53fffff
37519,8810f6815bfffff
37520,88101b74c5fffff
37521,8810f6a029fffff
37522,8810f42e2dfffff
37523,8810f6c52dfffff
37524,8810f6c73dfffff
37525,8810f2855bfffff
37526,8810f4b833fffff
37527,8810f69a4bfffff
37528,8810f46951fffff
37529,8810f08c8dfffff
37530,8810f50851fffff
37531,88101b66dbfffff
37532,8810f54555fffff
37533,8810f0d5c3fffff
37534,8810f66545fffff
37535,8810f6ab49fffff
37536,8810a92993fffff
37537,8810f5d8c1fffff
37538,8810f6232bfffff
37539,8810f4b117fffff
37540,8810f5c0ddfffff
37541,8810aba491fffff
37542,8810f690d9fffff
37543,8810f40b31fffff
37544,8810a92a3dfffff
37545,8810f41639fffff
37546,8810f43685fffff
37547,8810f60b53fffff
37548,8810f55a91fffff
37549,8810f6a853fffff
37550,8810f5cc59fffff
37551,8810f6b007fffff
37552,88101b4431fffff
37553,8810f5ccedfffff
37554,8810f59513fffff
37555,8810f58103fffff
37556,8810f502b1fffff
37557,8810f51939fffff
37558,8810a96525fffff
37559,8810f400abfffff
37560,8810f5d49bfffff
37561,8810f0d22bfffff
37562,8810f418b5fffff
37563,8810f488cbfffff
37564,8810a93b3dfffff
37565,8810f5ce69fffff
37566,8810f08287fffff
37567,8810f4288bfffff
37568,8810f63435fffff
37569,8810f281dbfffff
37570,8810f6b9a3fffff
37571,8810f60a87fffff
37572,88101b68adfffff
37573,8810f54f05fffff
37574,88101b6f09fffff
37575,8810f406e3fffff
37576,8810f6a159fffff
37577,8810f4a057fffff
37578,8810f6924dfffff
37579,8810f6b725fffff
37580,8810f5842dfffff
37581,8810f0ab03fffff
37582,8810f4b523fffff
37583,8810f29449fffff
37584,8810f6ade5fffff
37585,88101a6c47fffff
37586,8810f4540bfffff
37587,8810f43851fffff
37588,8810f0d719fffff
37589,8810f0b9c3fffff
37590,8810f42e4bfffff
37591,8810f43657fffff
37592,8810f00361fffff
37593,88101b671bfffff
37594,8810a9232bfffff
37595,8810f5c521fffff
37596,8810f438bdfffff
37597,8810f614bbfffff
37598,8810f63941fffff
37599,8810f581b1fffff
37600,8810f50b09fffff
37601,8810f099adfffff
37602,8810f41ae3fffff
37603,8810f0129dfffff
37604,8810f589e1fffff
37605,8810f43659fffff
37606,8810f4428bfffff
37607,8810f0cf05fffff
37608,8810f04f37fffff
37609,8810f61011fffff
37610,8810f605b9fffff
37611,8810f6896dfffff
37612,8810f4b9cdfffff
37613,8810f41567fffff
37614,8810f44087fffff
37615,8810f01161fffff
37616,8810f66569fffff
37617,88101b2d3bfffff
37618,8810f290e5fffff
37619,8810f601a9fffff
37620,8810f66e8bfffff
37621,8810f6616bfffff
37622,8810f68101fffff
37623,88101b2d13fffff
37624,8810f542e1fffff
37625,88101b6d43fffff
37626,8810f58e8dfffff
37627,8810f5930bfffff
37628,8810aba6d9fffff
37629,8810f0b055fffff
37630,8810f6646bfffff
37631,8810a96c35fffff
37632,8810f46e35fffff
37633,88101b0939fffff
37634,8810f451d5fffff
37635,8810f445b3fffff
37636,8810f4b489fffff
37637,8810f6d8d7fffff
37638,8810f676d9fffff
37639,8810f5d1c3fffff
37640,88101b6545fffff
37641,8810a9204dfffff
37642,8810f50903fffff
37643,8810f4b58bfffff
37644,8810f68d6dfffff
37645,8810f68297fffff
37646,8810f51987fffff
37647,8810f67649fffff
37648,8810f44dbdfffff
37649,8810f58d8bfffff
37650,8810f66599fffff
37651,8810a97625fffff
37652,8810f4011bfffff
37653,8810f43765fffff
37654,8810f598bdfffff
37655,8810f5ba61fffff
37656,8810f5d905fffff
37657,8810f6b5edfffff
37658,88101b62a9fffff
37659,8810f6a0a1fffff
37660,8810f66e97fffff
37661,8810f40423fffff
37662,8810f43517fffff
37663,8810f44667fffff
37664,8810f61505fffff
37665,8810f46e3dfffff
37666,8810f0da95fffff
37667,8810f5dad7fffff
37668,8810f5d69bfffff
37669,8810f40941fffff
37670,8810a93123fffff
37671,8810f664c3fffff
37672,88101b653bfffff
37673,8810f55b09fffff
37674,8810f62a4dfffff
37675,8810a92405fffff
37676,8810f47a23fffff
37677,8810f014adfffff
37678,8810f464c5fffff
37679,8810f46d23fffff
37680,8810f484d9fffff
37681,8810f6b745fffff
37682,8810f6b485fffff
37683,8810f4a2a7fffff
37684,8810f04945fffff
37685,88101b29e7fffff
37686,88101b0b37fffff
37687,88101b6b63fffff
37688,8810f4c8b1fffff
37689,8810f624a5fffff
37690,8810a92e93fffff
37691,8810f5129bfffff
37692,8810f6834dfffff
37693,8810f6a6ddfffff
37694,8810f69aa3fffff
37695,88101b0833fffff
37696,8810f66f57fffff
37697,8810f44349fffff
37698,8810f4c723fffff
37699,8810f5b939fffff
37700,8810f6a08bfffff
37701,8810f682b3fffff
37702,8810f41653fffff
37703,8810f08145fffff
37704,8810f28131fffff
37705,8810f46b5bfffff
37706,8810f0db03fffff
37707,8810f695ebfffff
37708,8810f54749fffff
37709,8810f4985dfffff
37710,8810f6982bfffff
37711,8810f00221fffff
37712,8810f509b3fffff
37713,8810f4698dfffff
37714,8810f44029fffff
37715,8810f4d893fffff
37716,8810f63511fffff
37717,8810f5825dfffff
37718,88101a6d8dfffff
37719,8810f62759fffff
37720,8810f6224bfffff
37721,8810f5886bfffff
37722,8810f690c9fffff
37723,8810f09327fffff
37724,8810f5da45fffff
37725,8810f08981fffff
37726,8810a96e55fffff
37727,8810a976d9fffff
37728,88101b72b9fffff
37729,8810f676e3fffff
37730,8810f46957fffff
37731,8810f49847fffff
37732,8810f66ed9fffff
37733,8810f4d089fffff
37734,88101a6c83fffff
37735,8810f5ccd7fffff
37736,8810f0c8e9fffff
37737,8810f6135bfffff
37738,8810f08dd7fffff
37739,8810f01267fffff
37740,8810f47ab9fffff
37741,8810f464d5fffff
37742,8810f08de1fffff
37743,8810f43703fffff
37744,8810f400bdfffff
37745,8810f430a5fffff
37746,8810f41a27fffff
37747,8810f0843dfffff
37748,8810f29897fffff
37749,8810f6d891fffff
37750,8810f4a65bfffff
37751,8810f59619fffff
37752,88101b6b0bfffff
37753,8810f08b61fffff
37754,8810f66e5dfffff
37755,8810a9751dfffff
37756,8810f012b7fffff
37757,8810f09697fffff
37758,8810f42ee7fffff
37759,8810f0d83dfffff
37760,8810a96c81fffff
37761,8810f66017fffff
37762,8810f5905dfffff
37763,8810f5d34dfffff
37764,8810f44845fffff
37765,8810f6258dfffff
37766,8810f69357fffff
37767,8810f63067fffff
37768,8810f542abfffff
37769,8810f00555fffff
37770,8810f42cc5fffff
37771,8810f0c193fffff
37772,8810f60133fffff
37773,8810f44e47fffff
37774,8810f44863fffff
37775,8810f28a4bfffff
37776,8810f51a89fffff
37777,8810f6d291fffff
37778,8810f4da93fffff
37779,8810f05151fffff
37780,8810f4a855fffff
37781,88101a6c69fffff
37782,8810f420a7fffff
37783,88101b443dfffff
37784,8810f08595fffff
37785,88101b5455fffff
37786,8810f45359fffff
37787,8810f6c5b1fffff
37788,8810f59607fffff
37789,88101b0569fffff
37790,88101b6365fffff
37791,8810f6d8c7fffff
37792,8810f6a881fffff
37793,8810f6d65bfffff
37794,8810f29a5dfffff
37795,8810f01aa7fffff
37796,8810f0d957fffff
37797,88101b4133fffff
37798,8810f58c03fffff
37799,8810f6b5c5fffff
37800,8810a92667fffff
37801,8810f6c367fffff
37802,8810f5d137fffff
37803,8810f6d6a9fffff
37804,8810a9771bfffff
37805,8810f458bdfffff
37806,8810f6116dfffff
37807,8810a92ce5fffff
37808,88101b0c65fffff
37809,8810f51707fffff
37810,8810f51081fffff
37811,8810f6953dfffff
37812,8810f44c39fffff
37813,8810f4d559fffff
37814,8810f509a3fffff
37815,8810f460cbfffff
37816,8810f42d03fffff
37817,8810f401b7fffff
37818,8810f54a3bfffff
37819,8810f601bdfffff
37820,88101b54a7fffff
37821,88101b54b3fffff
37822,8810f58851fffff
37823,8810f01a2bfffff
37824,8810f4d199fffff
37825,8810f4c025fffff
37826,8810f5cf27fffff
37827,8810aba427fffff
37828,8810f44263fffff
37829,8810f0c887fffff
37830,8810f54117fffff
37831,8810a96ce5fffff
37832,8810f6b4ebfffff
37833,8810f4ac1bfffff
37834,88101b0839fffff
37835,8810a935a3fffff
37836,8810f0d5dbfffff
37837,8810f631bdfffff
37838,8810f4d1e9fffff
37839,8810f059d9fffff
37840,8810f088b3fffff
37841,8810f4cac3fffff
37842,8810f48093fffff
37843,8810f4c53dfffff
37844,8810f4ba37fffff
37845,8810f4a8c5fffff
37846,8810f47121fffff
37847,8810f58725fffff
37848,8810f58f31fffff
37849,8810f6c243fffff
37850,8810f485c5fffff
37851,8810f4c015fffff
37852,8810f0c1b9fffff
37853,8810f63453fffff
37854,88101b2c03fffff
37855,8810f486b9fffff
37856,8810f499c3fffff
37857,8810f420d3fffff
37858,8810f04101fffff
37859,8810f45495fffff
37860,8810f42957fffff
37861,8810f69351fffff
37862,8810f68e2dfffff
37863,8810f4b0adfffff
37864,8810f4cb49fffff
37865,88101b0f5dfffff
37866,8810a90c97fffff
37867,8810f0ceebfffff
37868,8810f62d51fffff
37869,8810f63563fffff
37870,8810f4db3bfffff
37871,8810f6a311fffff
37872,8810f28459fffff
37873,8810f08409fffff
37874,8810f0b8e3fffff
37875,8810f6adadfffff
37876,8810f43a9bfffff
37877,8810f4a88dfffff
37878,8810f6dacdfffff
37879,8810f08599fffff
37880,8810f44f19fffff
37881,8810f69015fffff
37882,8810f6a92dfffff
37883,8810a922c1fffff
37884,8810a934cbfffff
37885,8810a92439fffff
37886,8810f42115fffff
37887,8810f50269fffff
37888,8810f6d433fffff
37889,8810f62e53fffff
37890,8810a92d27fffff
37891,8810f5cea1fffff
37892,88101b292bfffff
37893,88101b54e9fffff
37894,8810f6b5a5fffff
37895,8810f676ddfffff
37896,8810f6758bfffff
37897,8810f50a11fffff
37898,8810f47229fffff
37899,8810f6ac51fffff
37900,8810f29597fffff
37901,8810f634d5fffff
37902,8810f55b55fffff
37903,8810f6c483fffff
37904,8810f48c81fffff
37905,8810f5cf57fffff
37906,8810f63665fffff
37907,88101a6525fffff
37908,8810f42a3bfffff
37909,8810f51ae1fffff
37910,8810f6a9e5fffff
37911,8810f5caa3fffff
37912,8810f68855fffff
37913,8810f6a863fffff
37914,8810f01347fffff
37915,8810f6931dfffff
37916,88101a6f5bfffff
37917,8810f69431fffff
37918,8810f44e3bfffff
37919,8810f08d33fffff
37920,8810f018d9fffff
37921,8810aba6b7fffff
37922,8810a96119fffff
37923,8810a96699fffff
37924,88101b2995fffff
37925,8810f0b367fffff
37926,8810f01921fffff
37927,8810a93897fffff
37928,8810f6b8edfffff
37929,8810f61b3bfffff
37930,8810f67635fffff
37931,8810f604d3fffff
37932,8810f661e7fffff
37933,8810f4ac59fffff
37934,8810f6c639fffff
37935,8810f282d9fffff
37936,8810a9628bfffff
37937,8810f4d98bfffff
37938,8810f54849fffff
37939,8810f61413fffff
37940,8810a9658dfffff
37941,8810f54203fffff
37942,88101b6c3bfffff
37943,8810f082b7fffff
37944,8810f6c119fffff
37945,8810f4c8edfffff
37946,8810f509a1fffff
37947,8810f68d83fffff
37948,8810f6a0a5fffff
37949,8810a960ddfffff
37950,8810f441bbfffff
37951,8810f5152dfffff
37952,8810f0150dfffff
37953,8810f455a7fffff
37954,8810f4ca93fffff
37955,8810f082d5fffff
37956,8810f6d2b5fffff
37957,8810f6b027fffff
37958,8810f0c435fffff
37959,8810a92a87fffff
37960,8810f42119fffff
37961,8810f4161bfffff
37962,8810f5d615fffff
37963,8810f0528dfffff
37964,8810f4c751fffff
37965,8810f48c0dfffff
37966,8810f542e3fffff
37967,8810f414ebfffff
37968,8810f48489fffff
37969,8810f6a44dfffff
37970,8810f295dbfffff
37971,8810f6908bfffff
37972,8810f6389bfffff
37973,8810f05227fffff
37974,8810f42ec9fffff
37975,8810f088ddfffff
37976,8810f406adfffff
37977,8810f42cb1fffff
37978,8810f620c3fffff
37979,8810f4705bfffff
37980,8810a966b3fffff
37981,8810f5d2d9fffff
37982,8810f0cf03fffff
37983,8810f690cdfffff
37984,8810f2944dfffff
37985,8810f66c53fffff
37986,8810f5d003fffff
37987,8810a922c3fffff
37988,8810f0d29dfffff
37989,8810f4a71bfffff
37990,8810f012dbfffff
37991,8810f4d819fffff
37992,8810f46569fffff
37993,8810f0926bfffff
37994,88101b56ebfffff
37995,8810f0d527fffff
37996,88101b2991fffff
37997,8810f518c7fffff
37998,8810f43617fffff
37999,8810f4281dfffff
38000,8810f6aa15fffff
38001,88101b0a95fffff
38002,8810f0c6a7fffff
38003,8810f4b751fffff
38004,8810f489bdfffff
38005,8810f68e0bfffff
38006,8810f599bbfffff
38007,8810f01439fffff
38008,8810f58561fffff
38009,8810f4855bfffff
38010,8810f0c2c9fffff
38011,8810f4c597fffff
38012,8810f29033fffff
38013,8810a9215bfffff
38014,8810f634a3fffff
38015,8810f40769fffff
38016,88101b6453fffff
38017,8810f05a39fffff
38018,8810f01881fffff
38019,8810f4a025fffff
38020,8810f54c03fffff
38021,8810f4032dfffff
38022,88101a65e7fffff
38023,8810f48b65fffff
38024,8810f61105fffff
38025,8810f08da5fffff
38026,8810f6113bfffff
38027,88101b4c95fffff
38028,8810f0d5bbfffff
38029,8810f590bdfffff
38030,8810a92ab3fffff
38031,8810f455ebfffff
38032,8810f092bdfffff
38033,8810f43053fffff
38034,8810f4700bfffff
38035,8810a925d5fffff
38036,8810f546d1fffff
38037,8810f44291fffff
38038,8810f45ae5fffff
38039,8810f4c017fffff
38040,8810f4cf35fffff
38041,8810aba42bfffff
38042,8810f6a049fffff
38043,8810f4a841fffff
38044,8810f049cbfffff
38045,8810f0d86bfffff
38046,8810f68ed9fffff
38047,8810f01565fffff
38048,88101b2dcbfffff
38049,8810f08251fffff
38050,8810f4b93bfffff
38051,8810aba4d9fffff
38052,8810f628d9fffff
38053,8810f412e7fffff
38054,88101b7535fffff
38055,8810f60a15fffff
38056,8810f619e3fffff
38057,8810f48ec1fffff
38058,8810f6308dfffff
38059,8810f0c825fffff
38060,8810f6970dfffff
38061,8810f63311fffff
38062,8810f544a7fffff
38063,8810f41053fffff
38064,8810f432e7fffff
38065,8810f099b3fffff
38066,8810f400b1fffff
38067,8810f0ce9bfffff
38068,8810f434d9fffff
38069,8810a96c2dfffff
38070,8810f58adbfffff
38071,8810f5bac1fffff
38072,8810f60025fffff
38073,8810f6a149fffff
38074,8810f4da2bfffff
38075,8810f41431fffff
38076,8810f615dbfffff
38077,8810f45689fffff
38078,88101b75a1fffff
38079,8810f621a9fffff
38080,8810f40e43fffff
38081,8810f08441fffff
38082,8810f58885fffff
38083,8810f4844bfffff
38084,8810f6855bfffff
38085,88101b74b7fffff
38086,8810f5caabfffff
38087,88101b710bfffff
38088,8810f4b2d3fffff
38089,8810f0da39fffff
38090,8810f584b3fffff
38091,8810f46945fffff
38092,8810f6a01bfffff
38093,8810f0d227fffff
38094,8810f54ed9fffff
38095,8810f48809fffff
38096,8810f49b3bfffff
38097,8810f58c51fffff
38098,8810f5d849fffff
38099,8810f41963fffff
38100,8810f58227fffff
38101,8810f080edfffff
38102,8810f63b35fffff
38103,8810f46b35fffff
38104,8810f4a9c7fffff
38105,8810f48e09fffff
38106,8810f58039fffff
38107,8810f2822dfffff
38108,8810f480e3fffff
38109,8810f6adc7fffff
38110,8810f0502bfffff
38111,8810f4d1e5fffff
38112,8810f44ea5fffff
38113,8810f635cdfffff
38114,8810f2923dfffff
38115,8810f05843fffff
38116,8810f4da85fffff
38117,8810f6aa39fffff
38118,8810f09881fffff
38119,8810f41a59fffff
38120,8810f4c289fffff
38121,8810f406a7fffff
38122,8810f6aa45fffff
38123,8810f62751fffff
38124,8810f46419fffff
38125,88101b55bdfffff
38126,8810f501a7fffff
38127,8810f6c64bfffff
38128,8810f6b031fffff
38129,8810f69a59fffff
38130,8810f55421fffff
38131,8810f5c993fffff
38132,8810f6343bfffff
38133,8810f62e23fffff
38134,8810f54839fffff
38135,8810f5c6a1fffff
38136,8810f6d8c9fffff
38137,8810f0cacdfffff
38138,8810f5d9b5fffff
38139,8810a96c67fffff
38140,8810f58c47fffff
38141,8810f55459fffff
38142,88101b089dfffff
38143,8810f4c9b1fffff
38144,8810f4a433fffff
38145,8810f61523fffff
38146,8810a96f35fffff
38147,8810f5468bfffff
38148,8810f041c3fffff
38149,88101b78d5fffff
38150,8810f4891bfffff
38151,88101b635bfffff
38152,8810f6aae9fffff
38153,8810f5ce29fffff
38154,8810f5c9adfffff
38155,8810f0c0e7fffff
38156,8810f59255fffff
38157,8810f6d5d7fffff
38158,8810f0d73dfffff
38159,8810f4a1d1fffff
38160,8810f43117fffff
38161,8810f4a18bfffff
38162,8810f4c039fffff
38163,8810f48c0bfffff
38164,8810f4a303fffff
38165,88101b0541fffff
38166,8810f0912dfffff
38167,8810f455e3fffff
38168,8810f01685fffff
38169,8810a961e5fffff
38170,8810a96099fffff
38171,8810f46967fffff
38172,8810f40d4dfffff
38173,8810f4c9e1fffff
38174,8810f298b1fffff
38175,8810f51829fffff
38176,8810f6a451fffff
38177,8810f58dabfffff
38178,8810f62157fffff
38179,8810f69a6dfffff
38180,8810f59897fffff
38181,8810f414c1fffff
38182,8810f400a3fffff
38183,8810f4a813fffff
38184,8810a961dbfffff
38185,8810f00217fffff
38186,8810f554a9fffff
38187,8810f414e5fffff
38188,8810f01959fffff
38189,8810f5910bfffff
38190,8810f41209fffff
38191,8810f58f07fffff
38192,8810f09481fffff
38193,8810f6d529fffff
38194,8810a929adfffff
38195,8810f6d4bbfffff
38196,8810f48c65fffff
38197,8810f69669fffff
38198,8810f6b1a7fffff
38199,8810f6c621fffff
38200,8810a97653fffff
38201,88101b62a1fffff
38202,8810f0ca57fffff
38203,88101b6153fffff
38204,88101b6449fffff
38205,8810f48e37fffff
38206,8810f674a5fffff
38207,8810f449abfffff
38208,8810f2931bfffff
38209,88101b6613fffff
38210,8810f68cb9fffff
38211,8810f59865fffff
38212,8810f4d515fffff
38213,8810f69b57fffff
38214,8810f4ba43fffff
38215,88101a65b3fffff
38216,8810f5c0b9fffff
38217,8810f54455fffff
38218,8810f40c43fffff
38219,8810f6a237fffff
38220,8810f67435fffff
38221,8810f591a1fffff
38222,8810f0d8e7fffff
38223,8810f6b15dfffff
38224,88101b6e37fffff
38225,8810f4af0dfffff
38226,8810f58c0dfffff
38227,8810f0496bfffff
38228,8810f094b5fffff
38229,8810f6bb11fffff
38230,8810f6a919fffff
38231,8810f5d981fffff
38232,8810f0ce5bfffff
38233,8810f441e1fffff
38234,88101b7489fffff
38235,8810f69663fffff
38236,8810f40c89fffff
38237,8810f66f1bfffff
38238,8810f6b455fffff
38239,8810f631c1fffff
38240,8810a96d99fffff
38241,8810f47599fffff
38242,8810f6668dfffff
38243,8810f44b45fffff
38244,8810f57b51fffff
38245,8810f674a3fffff
38246,8810f55243fffff
38247,8810f69721fffff
38248,8810f09319fffff
38249,8810f6862dfffff
38250,8810f46f25fffff
38251,8810f41829fffff
38252,8810f688e7fffff
38253,8810f6b91dfffff
38254,88101b568dfffff
38255,8810f68705fffff
38256,8810f68745fffff
38257,8810f44c2dfffff
38258,8810f6accbfffff
38259,8810f50251fffff
38260,8810f6aa33fffff
38261,8810f6d8abfffff
38262,8810f42169fffff
38263,8810f5ccc9fffff
38264,8810f085e3fffff
38265,8810aba6d5fffff
38266,8810f6c18bfffff
38267,8810f09527fffff
38268,8810f4af6dfffff
38269,8810f41243fffff
38270,8810f55019fffff
38271,8810f5c543fffff
38272,8810f09a15fffff
38273,8810f4b753fffff
38274,8810f6a62dfffff
38275,8810f58e19fffff
38276,8810f281d5fffff
38277,8810f6a35bfffff
38278,8810f6c5dbfffff
38279,8810f0c11bfffff
38280,88101b66c1fffff
38281,8810f69109fffff
38282,8810f5463bfffff
38283,8810f0890dfffff
38284,8810f590a7fffff
38285,8810f588e7fffff
38286,8810f2b265fffff
38287,8810a93a8bfffff
38288,8810f0d8b7fffff
38289,8810f6d013fffff
38290,8810f66e41fffff
38291,8810f4b8b9fffff
38292,8810f62c9dfffff
38293,8810f699ddfffff
38294,8810f08d4dfffff
38295,8810f0d36dfffff
38296,8810f44205fffff
38297,8810f6aaa3fffff
38298,8810f686d7fffff
38299,8810f58e27fffff
38300,8810f4798dfffff
38301,88101a6c13fffff
38302,8810f4d9a9fffff
38303,8810f6da59fffff
38304,8810f4cd99fffff
38305,8810f00203fffff
38306,8810f40b0bfffff
38307,8810f59b6bfffff
38308,8810f46027fffff
38309,8810f5c251fffff
38310,8810f4d585fffff
38311,8810f51231fffff
38312,8810f41569fffff
38313,8810f01b65fffff
38314,8810f5cdd1fffff
38315,8810f5422dfffff
38316,8810f6a911fffff
38317,8810f501d7fffff
38318,8810a92339fffff
38319,8810f41439fffff
38320,8810f66ecdfffff
38321,8810f4b25bfffff
38322,8810f43253fffff
38323,8810f04151fffff
38324,8810f5c689fffff
38325,8810f6a5b9fffff
38326,8810f5464dfffff
38327,8810f68325fffff
38328,8810f6b233fffff
38329,8810f4dab7fffff
38330,8810f674dbfffff
38331,8810f5590bfffff
38332,8810a92b0dfffff
38333,8810f4c229fffff
38334,8810f616d7fffff
38335,8810f43245fffff
38336,8810a929bdfffff
38337,8810f55185fffff
38338,8810f0490dfffff
38339,8810f40921fffff
38340,88101b2997fffff
38341,8810f6c045fffff
38342,8810f6b35dfffff
38343,8810a96de1fffff
38344,8810a92a59fffff
38345,8810f0c1d9fffff
38346,8810f6906bfffff
38347,88101b4d5bfffff
38348,8810f46ab3fffff
38349,8810f55745fffff
38350,8810f5470dfffff
38351,8810f54827fffff
38352,88101b69a9fffff
38353,8810f618e9fffff
38354,8810f5c505fffff
38355,88101b6929fffff
38356,8810f58937fffff
38357,8810f6389dfffff
38358,8810f5c50dfffff
38359,88101b6991fffff
38360,8810f04367fffff
38361,8810f0cf45fffff
38362,8810f686a5fffff
38363,8810f6d805fffff
38364,8810f4614bfffff
38365,8810f04889fffff
38366,8810f68f37fffff
38367,88101b0d35fffff
38368,8810a936e5fffff
38369,8810f619bbfffff
38370,8810f414c7fffff
38371,8810f54427fffff
38372,8810f6c503fffff
38373,8810f4693dfffff
38374,8810f0595dfffff
38375,8810f46f0dfffff
38376,8810a92ea7fffff
38377,88101b4505fffff
38378,8810f616d9fffff
38379,8810f5570dfffff
38380,8810a96aa1fffff
38381,8810f44c89fffff
38382,8810f4d83dfffff
38383,8810f58053fffff
38384,8810f54a25fffff
38385,8810f46b3bfffff
38386,8810f28357fffff
38387,8810f45849fffff
38388,8810f6844dfffff
38389,8810f5500dfffff
38390,8810f4c2b3fffff
38391,88101b09e5fffff
38392,8810f4194dfffff
38393,8810f54317fffff
38394,8810f6243bfffff
38395,8810f09549fffff
38396,8810f6a265fffff
38397,8810f410c5fffff
38398,8810f09a89fffff
38399,8810f4c2a3fffff
38400,8810f42c33fffff
38401,8810f04a2bfffff
38402,8810f47809fffff
38403,8810f41057fffff
38404,8810a92a13fffff
38405,8810f67631fffff
38406,88101b46bbfffff
38407,8810f0d2b3fffff
38408,8810f5185dfffff
38409,8810f546e9fffff
38410,8810f5033dfffff
38411,8810f474c1fffff
38412,8810f62cb9fffff
38413,8810f665edfffff
38414,8810f5c64dfffff
38415,8810f54e6bfffff
38416,8810f002b3fffff
38417,8810f424c7fffff
38418,8810f61a4dfffff
38419,8810f0b285fffff
38420,8810f0d75bfffff
38421,8810f5d9e9fffff
38422,8810f4c44bfffff
38423,8810f0b2b5fffff
38424,8810a934a5fffff
38425,8810f29545fffff
38426,8810f01a3bfffff
38427,8810f6c415fffff
38428,8810f46169fffff
38429,8810f555d7fffff
38430,8810f42485fffff
38431,8810f51641fffff
38432,8810f4266dfffff
38433,8810a96c89fffff
38434,8810f2808dfffff
38435,88101b658dfffff
38436,8810f01613fffff
38437,8810f47347fffff
38438,8810f50907fffff
38439,8810f095c5fffff
38440,8810f5545dfffff
38441,8810f48d07fffff
38442,8810f41717fffff
38443,8810f450d7fffff
38444,8810f4a6e5fffff
38445,8810f40a19fffff
38446,8810f5d2edfffff
38447,8810f69667fffff
38448,8810f014dbfffff
38449,8810f4c2dbfffff
38450,8810f0b8abfffff
38451,8810f08aa1fffff
38452,8810f6764dfffff
38453,8810a92a27fffff
38454,8810f4bb17fffff
38455,8810f6d315fffff
38456,8810f68269fffff
38457,8810f43825fffff
38458,8810a96c23fffff
38459,8810f5d0ddfffff
38460,8810f6cf65fffff
38461,8810f46c91fffff
38462,8810f4bac7fffff
38463,8810f69135fffff
38464,8810f6c253fffff
38465,8810f4a235fffff
38466,8810f4285bfffff
38467,8810f552ddfffff
38468,8810f428a3fffff
38469,8810f08cd3fffff
38470,8810f0d835fffff
38471,8810f4c5dbfffff
38472,8810f04825fffff
38473,8810f55151fffff
38474,8810f62c81fffff
38475,8810f5c0e3fffff
38476,8810f2856dfffff
38477,8810f55b49fffff
38478,8810f68ce9fffff
38479,8810f610d9fffff
38480,8810a96a95fffff
38481,8810f689b1fffff
38482,8810f66f4dfffff
38483,8810f42937fffff
38484,8810f5481dfffff
38485,8810f5d89bfffff
38486,8810f4aec1fffff
38487,8810f0500bfffff
38488,8810f62ae3fffff
38489,8810f43a0dfffff
38490,8810f6d85dfffff
38491,8810f47853fffff
38492,88101b2937fffff
38493,8810f68c4dfffff
38494,8810f0cd0bfffff
38495,8810f08907fffff
38496,8810f69167fffff
38497,8810f5826dfffff
38498,8810f4ba07fffff
38499,8810f4c463fffff
38500,8810f4b501fffff
38501,8810f4a029fffff
38502,8810f501bdfffff
38503,8810a92563fffff
38504,8810f5444dfffff
38505,88101b56c5fffff
38506,8810f6a11dfffff
38507,8810f55247fffff
38508,8810a96d9dfffff
38509,8810f6d765fffff
38510,8810f0c2b3fffff
38511,8810f4b0e9fffff
38512,8810f61243fffff
38513,8810f4a2b7fffff
38514,8810f43115fffff
38515,8810f6d689fffff
38516,8810f42123fffff
38517,8810f6033bfffff
38518,8810a97511fffff
38519,8810f0863dfffff
38520,8810f63909fffff
38521,8810f60ca9fffff
38522,8810f591cbfffff
38523,8810f0b115fffff
38524,8810f4b603fffff
38525,8810f4b9ebfffff
38526,8810f5b865fffff
38527,8810f0b185fffff
38528,88101b3923fffff
38529,8810f41249fffff
38530,8810f5c4cdfffff
38531,8810f4da43fffff
38532,8810f0870bfffff
38533,88101b78a5fffff
38534,8810f47145fffff
38535,8810f29851fffff
38536,8810f55511fffff
38537,8810f58cb5fffff
38538,8810f5d227fffff
38539,8810f41361fffff
38540,8810f6b557fffff
38541,8810f55663fffff
38542,8810f05a97fffff
38543,8810f4a74dfffff
38544,8810f6a827fffff
38545,8810a93b09fffff
38546,8810f40ed5fffff
38547,8810f68969fffff
38548,8810f08297fffff
38549,8810f5d829fffff
38550,8810a92423fffff
38551,8810f66e23fffff
38552,88101a6d2dfffff
38553,8810f08ae1fffff
38554,8810f60483fffff
38555,8810f09893fffff
38556,88101b6b17fffff
38557,8810f6b6b3fffff
38558,8810f4cf5dfffff
38559,8810f43125fffff
38560,8810f63035fffff
38561,8810f6024bfffff
38562,8810f08889fffff
38563,8810a97497fffff
38564,8810f4896dfffff
38565,8810f0500dfffff
38566,8810f0cd15fffff
38567,8810f63415fffff
38568,8810f68b41fffff
38569,8810f0c70bfffff
38570,8810f6a927fffff
38571,8810a934c5fffff
38572,8810f611e5fffff
38573,8810f6c005fffff
38574,8810f61099fffff
38575,8810f5bb39fffff
38576,8810f01325fffff
38577,8810f0126bfffff
38578,8810f5d4bdfffff
38579,8810f4c365fffff
38580,8810f45587fffff
38581,8810f460e7fffff
38582,8810f0b911fffff
38583,8810f48425fffff
38584,8810f485e1fffff
38585,8810a96621fffff
38586,8810f44903fffff
38587,8810f5cee7fffff
38588,8810f69935fffff
38589,8810f090d9fffff
38590,8810f63b19fffff
38591,8810f472b5fffff
38592,8810f01ab9fffff
38593,8810f69091fffff
38594,8810f4d859fffff
38595,8810f439d3fffff
38596,8810a93b39fffff
38597,8810f68197fffff
38598,8810f5573dfffff
38599,8810f48c35fffff
38600,8810f4ace3fffff
38601,8810f4aca9fffff
38602,8810f55829fffff
38603,8810f29603fffff
38604,8810f6d4ebfffff
38605,8810f40669fffff
38606,8810f62103fffff
38607,8810f6bb19fffff
38608,8810f60307fffff
38609,8810a9200bfffff
38610,8810f6da13fffff
38611,8810f6a611fffff
38612,8810f42945fffff
38613,8810a96dc7fffff
38614,8810f08d01fffff
38615,8810f5d333fffff
38616,88101b4d07fffff
38617,8810f0d4ebfffff
38618,8810f42f1dfffff
38619,8810f296ddfffff
38620,8810f4d8c7fffff
38621,8810f42aebfffff
38622,8810f0b187fffff
38623,8810f54611fffff
38624,88101b6c49fffff
38625,8810f49b53fffff
38626,8810f61745fffff
38627,8810f5c305fffff
38628,8810f401c1fffff
38629,8810a92431fffff
38630,8810f4a135fffff
38631,8810f5bb51fffff
38632,8810f6c0cbfffff
38633,8810f62c01fffff
38634,8810f51109fffff
38635,8810f4202dfffff
38636,8810f04a3dfffff
38637,8810f4a825fffff
38638,8810f44901fffff
38639,8810a9201bfffff
38640,8810f40597fffff
38641,8810f5d685fffff
38642,8810f5c023fffff
38643,8810f5db5bfffff
38644,8810f67411fffff
38645,8810f544a9fffff
38646,8810f60305fffff
38647,8810f62203fffff
38648,8810f581e7fffff
38649,8810f58419fffff
38650,8810f4ba89fffff
38651,8810f430edfffff
38652,8810f5088dfffff
38653,8810f589b9fffff
38654,8810f4c5a1fffff
38655,8810f01295fffff
38656,8810f66c8bfffff
38657,8810f05833fffff
38658,8810a9643bfffff
38659,8810f6a0c5fffff
38660,8810a9381bfffff
38661,8810a926b3fffff
38662,88101b6245fffff
38663,88101b4ad3fffff
38664,8810f08417fffff
38665,8810f4448dfffff
38666,8810f598e9fffff
38667,8810f01411fffff
38668,8810f4b54dfffff
38669,88101b654bfffff
38670,8810f0d825fffff
38671,8810f09ac9fffff
38672,88101b0c57fffff
38673,8810f470e7fffff
38674,8810f515e9fffff
38675,8810f481a5fffff
38676,8810f29823fffff
38677,8810f6d565fffff
38678,8810f04a21fffff
38679,8810f68f39fffff
38680,8810f62aadfffff
38681,8810f62211fffff
38682,8810f086e1fffff
38683,8810f4cb55fffff
38684,8810f0c98bfffff
38685,8810f6a251fffff
38686,8810a96051fffff
38687,8810f6764bfffff
38688,8810f0119dfffff
38689,8810f4cf1dfffff
38690,8810a96251fffff
38691,8810f5cb37fffff
38692,8810f0c203fffff
38693,8810f6ae0dfffff
38694,8810f6cf09fffff
38695,8810f468bdfffff
38696,8810f6b9ddfffff
38697,8810f4c367fffff
38698,8810f46615fffff
38699,8810f4435bfffff
38700,8810f400c5fffff
38701,8810f4cd05fffff
38702,8810f058a1fffff
38703,8810f0cab9fffff
38704,8810f58e6dfffff
38705,8810f6d58dfffff
38706,8810f60db7fffff
38707,8810f69237fffff
38708,8810f0d9a1fffff
38709,8810f6130bfffff
38710,8810f40819fffff
38711,8810f40897fffff
38712,8810f43041fffff
38713,8810f51833fffff
38714,8810f01603fffff
38715,88101a6ea1fffff
38716,8810f6c56bfffff
38717,8810f41165fffff
38718,8810f62c67fffff
38719,8810f5c153fffff
38720,8810a92903fffff
38721,8810f58a61fffff
38722,8810f58e53fffff
38723,8810f48a1bfffff
38724,8810f6c75bfffff
38725,8810f51111fffff
38726,8810f55657fffff
38727,8810f4ce89fffff
38728,8810f42c31fffff
38729,8810f40a23fffff
38730,8810f6b19bfffff
38731,88101b775bfffff
38732,8810f46cadfffff
38733,8810f08a9dfffff
38734,88101b6325fffff
38735,8810f69855fffff
38736,8810f426cbfffff
38737,8810f69099fffff
38738,8810f0c581fffff
38739,8810f4ac55fffff
38740,8810f58cb3fffff
38741,8810f69445fffff
38742,8810f4cea5fffff
38743,8810f041c9fffff
38744,8810f4ccbbfffff
38745,8810a929a3fffff
38746,8810f68ab5fffff
38747,8810f42939fffff
38748,8810f4d495fffff
38749,8810f6d435fffff
38750,8810a9255bfffff
38751,8810f09919fffff
38752,8810f63063fffff
38753,8810f40c61fffff
38754,8810f4a115fffff
38755,8810f089e3fffff
38756,8810f54453fffff
38757,8810f4391bfffff
38758,8810a93965fffff
38759,8810f47893fffff
38760,8810a935c7fffff
38761,8810f29759fffff
38762,8810f6259dfffff
38763,8810f45a55fffff
38764,8810f55633fffff
38765,8810f59a5dfffff
38766,8810f4545bfffff
38767,8810f6a819fffff
38768,8810f40de5fffff
38769,88101b40abfffff
38770,8810f434b9fffff
38771,8810f46065fffff
38772,88101b731bfffff
38773,8810f01207fffff
38774,8810f46729fffff
38775,8810a9261bfffff
38776,8810f46317fffff
38777,8810f0d001fffff
38778,8810f280ddfffff
38779,8810f4a2d3fffff
38780,88101a6c49fffff
38781,8810f63707fffff
38782,8810f0180dfffff
38783,8810f62ed7fffff
38784,8810f4c1d3fffff
38785,8810f624abfffff
38786,8810f0d339fffff
38787,8810f010c1fffff
38788,8810f63183fffff
38789,8810f6c4b7fffff
38790,8810f489ddfffff
38791,8810f6330bfffff
38792,8810a9261dfffff
38793,8810f281d7fffff
38794,8810f0c65dfffff
38795,8810f432bdfffff
38796,8810a92291fffff
38797,8810f59b5dfffff
38798,8810f29aa5fffff
38799,8810f476cbfffff
38800,8810f5d769fffff
38801,8810f0c621fffff
38802,8810f47555fffff
38803,8810f60ebdfffff
38804,8810f46447fffff
38805,8810f01a69fffff
38806,8810f45809fffff
38807,8810f00321fffff
38808,8810f62ddbfffff
38809,8810f6b1b1fffff
38810,88101b082bfffff
38811,8810f41a2bfffff
38812,8810f09407fffff
38813,88101b08a5fffff
38814,8810f58d95fffff
38815,88101b00d7fffff
38816,8810f6253bfffff
38817,8810f6d503fffff
38818,8810f6b825fffff
38819,8810f42eadfffff
38820,8810f689c5fffff
38821,8810f59167fffff
38822,8810f63915fffff
38823,8810f08999fffff
38824,8810f4551bfffff
38825,8810a9744bfffff
38826,88101b78a9fffff
38827,8810f62263fffff
38828,8810f5ce89fffff
38829,8810f0d2a3fffff
38830,8810f68661fffff
38831,8810f5724bfffff
38832,8810f080b7fffff
38833,8810f635a5fffff
38834,8810f6c1a9fffff
38835,8810f40ec7fffff
38836,88101b65d9fffff
38837,8810f4a1b5fffff
38838,8810f60e95fffff
38839,8810f016b7fffff
38840,8810f676a1fffff
38841,8810f6a9dbfffff
38842,8810f6c04bfffff
38843,8810f4d767fffff
38844,88101b42bdfffff
38845,8810f59985fffff
38846,8810f5cc27fffff
38847,8810f4bacbfffff
38848,8810f0d43bfffff
38849,8810f46a0dfffff
38850,88101b0e2dfffff
38851,8810f5568dfffff
38852,8810f510c1fffff
38853,8810f4c549fffff
38854,8810f42f43fffff
38855,88101b0507fffff
38856,88101b6213fffff
38857,8810f6106dfffff
38858,8810f4cb11fffff
38859,8810f6a85bfffff
38860,88101b4c55fffff
38861,8810f4a0abfffff
38862,8810f425edfffff
38863,8810f6386bfffff
38864,8810f01629fffff
38865,8810f5c5c9fffff
38866,8810f5c8adfffff
38867,8810f401abfffff
38868,8810f58c25fffff
38869,88101b72ebfffff
38870,8810f544e1fffff
38871,8810f60a4bfffff
38872,8810f435e7fffff
38873,8810f57357fffff
38874,8810f5b163fffff
38875,8810a93857fffff
38876,8810f04ab3fffff
38877,8810f09023fffff
38878,8810f09a8bfffff
38879,8810f40cedfffff
38880,8810f0d607fffff
38881,8810f00059fffff
38882,8810f5475dfffff
38883,8810f4a6a7fffff
38884,8810f0d461fffff
38885,8810a92eedfffff
38886,8810f62553fffff
38887,8810f5d527fffff
38888,8810f4c929fffff
38889,8810f4c0dbfffff
38890,8810f55b29fffff
38891,8810f6bae3fffff
38892,8810f50015fffff
38893,88101b7131fffff
38894,8810f6a829fffff
38895,8810aba739fffff
38896,8810f59041fffff
38897,8810f0d305fffff
38898,8810f5c70bfffff
38899,8810f5cb5bfffff
38900,8810f4ccd9fffff
38901,8810f44c3bfffff
38902,8810a96683fffff
38903,88101b3987fffff
38904,8810f43631fffff
38905,8810f43629fffff
38906,8810f689e3fffff
38907,8810f46433fffff
38908,8810f43661fffff
38909,8810f08149fffff
38910,8810f0b25dfffff
38911,8810a92e11fffff
38912,8810f68737fffff
38913,8810f63ab7fffff
38914,8810f5cabdfffff
38915,8810f6c499fffff
38916,8810f68123fffff
38917,8810f631c7fffff
38918,8810f5086bfffff
38919,8810f4ae67fffff
38920,8810f5d651fffff
38921,8810f5cca7fffff
38922,8810a92557fffff
38923,8810f4a559fffff
38924,8810f0c619fffff
38925,8810a97451fffff
38926,8810f58997fffff
38927,8810f04331fffff
38928,8810f6b443fffff
38929,8810f674c5fffff
38930,8810f43a65fffff
38931,8810f0b2b3fffff
38932,8810f0c747fffff
38933,8810f61805fffff
38934,8810f5b96dfffff
38935,8810f478e3fffff
38936,8810f6c6edfffff
38937,8810f6b751fffff
38938,8810f04335fffff
38939,8810f59145fffff
38940,8810f431b7fffff
38941,8810f5c72dfffff
38942,8810f63993fffff
38943,8810f63697fffff
38944,8810f6aa25fffff
38945,8810f5531dfffff
38946,8810f5426dfffff
38947,8810f09499fffff
38948,8810f630dbfffff
38949,8810f45a57fffff
38950,8810f059a9fffff
38951,8810f5c0c3fffff
38952,8810f45019fffff
38953,8810f44355fffff
38954,8810f5bb19fffff
38955,8810f54297fffff
38956,8810f61443fffff
38957,8810f2982dfffff
38958,8810f4af3bfffff
38959,8810f47b6bfffff
38960,8810f6a48dfffff
38961,8810f28461fffff
38962,8810a92599fffff
38963,8810f4b813fffff
38964,88101b7945fffff
38965,8810f6aee5fffff
38966,8810f4cac7fffff
38967,8810f612ddfffff
38968,8810a938abfffff
38969,8810f08e13fffff
38970,88101b46dbfffff
38971,8810a96c21fffff
38972,88101b6e45fffff
38973,8810f41a01fffff
38974,8810e65927fffff
38975,8810f4c621fffff
38976,8810f0b9a9fffff
38977,88101b6cadfffff
38978,8810f6003bfffff
38979,8810f4174dfffff
38980,8810f68263fffff
38981,8810f0b999fffff
38982,8810f5db53fffff
38983,8810f6c563fffff
38984,88101b74c3fffff
38985,8810f40f31fffff
38986,8810f5ccb7fffff
38987,8810f471a1fffff
38988,8810a960edfffff
38989,8810f46c6bfffff
38990,8810f68dcbfffff
38991,8810f4ae57fffff
38992,8810f4c62dfffff
38993,8810f622e3fffff
38994,8810f08765fffff
38995,8810f400d7fffff
38996,8810a9358bfffff
38997,8810f0ce37fffff
38998,8810f4b0d5fffff
38999,8810f5025bfffff
39000,8810f4252dfffff
39001,8810f42263fffff
39002,8810f4d299fffff
39003,8810f69aadfffff
39004,8810f68185fffff
39005,8810f29699fffff
39006,8810f44f5bfffff
39007,8810f4d25bfffff
39008,8810a96ea9fffff
39009,88101b71c5fffff
39010,8810f68e33fffff
39011,8810f5d621fffff
39012,8810f55495fffff
39013,8810a9753bfffff
39014,8810f0d011fffff
39015,8810f4a725fffff
39016,8810f09057fffff
39017,8810f5ca2dfffff
39018,8810f6ced7fffff
39019,8810f55419fffff
39020,8810a929a5fffff
39021,8810f4a745fffff
39022,88101b78abfffff
39023,8810f5ba27fffff
39024,8810f0155bfffff
39025,8810f09351fffff
39026,8810f4b45bfffff
39027,8810f59917fffff
39028,8810a968bdfffff
39029,8810f0125dfffff
39030,8810f68f63fffff
39031,8810f69483fffff
39032,8810f55a25fffff
39033,8810a92f61fffff
39034,8810f4d251fffff
39035,8810f664b7fffff
39036,8810f5d2e1fffff
39037,8810f471b7fffff
39038,8810f54449fffff
39039,8810f4d5d3fffff
39040,8810f4c8abfffff
39041,8810f40c6dfffff
39042,8810f08ea1fffff
39043,8810f414a9fffff
39044,8810f4ad81fffff
39045,8810f5cd6dfffff
39046,8810f28ad1fffff
39047,8810f66e89fffff
39048,8810f5cb11fffff
39049,88101b6191fffff
39050,8810f0c2d1fffff
39051,8810f61865fffff
39052,8810f50b13fffff
39053,8810f282cdfffff
39054,8810f5c8bdfffff
39055,88101b791bfffff
39056,8810f6d049fffff
39057,8810f5c217fffff
39058,8810f471d7fffff
39059,88101b0f09fffff
39060,88101b01d5fffff
39061,8810f44839fffff
39062,8810f475d5fffff
39063,8810f09b03fffff
39064,8810f29a63fffff
39065,8810f5c585fffff
39066,8810f5801bfffff
39067,8810f6d533fffff
39068,8810f6394bfffff
39069,8810a96e31fffff
39070,8810f54757fffff
39071,8810f40581fffff
39072,88101b7353fffff
39073,8810a9613bfffff
39074,8810f41a99fffff
39075,8810f049b7fffff
39076,8810f0111bfffff
39077,8810f6aca7fffff
39078,8810f4b335fffff
39079,8810f5126bfffff
39080,8810f45517fffff
39081,8810f55ab9fffff
39082,8810f0874dfffff
39083,8810a93b57fffff
39084,8810f68aa1fffff
39085,8810f616bbfffff
39086,8810f62a69fffff
39087,8810f68c49fffff
39088,8810f42245fffff
39089,8810f0c135fffff
39090,8810a92a09fffff
39091,8810f55117fffff
39092,8810f4d09dfffff
39093,8810f4b913fffff
39094,8810f55a89fffff
39095,8810f62151fffff
39096,8810f47901fffff
39097,8810f5185bfffff
39098,8810f47a09fffff
39099,8810f485b1fffff
39100,8810f0d407fffff
39101,8810f6d01dfffff
39102,8810f40c1dfffff
39103,8810f59035fffff
39104,8810f4cb13fffff
39105,8810f61467fffff
39106,8810f6dab1fffff
39107,8810f62b6bfffff
39108,8810f08b59fffff
39109,88101b6481fffff
39110,8810f049adfffff
39111,8810f5013bfffff
39112,8810f4453bfffff
39113,8810f0c0abfffff
39114,8810f019d3fffff
39115,8810f41285fffff
39116,88101b646dfffff
39117,8810f2933dfffff
39118,8810f412e5fffff
39119,88101b6a25fffff
39120,8810f0ce95fffff
39121,88101b2c27fffff
39122,8810f6d123fffff
39123,8810f6ab31fffff
39124,8810f54403fffff
39125,8810f0c1a3fffff
39126,8810f5525bfffff
39127,8810a926dbfffff
39128,8810f624adfffff
39129,8810f58999fffff
39130,8810f466d5fffff
39131,8810f46719fffff
39132,8810f4b081fffff
39133,8810f6364bfffff
39134,8810f43595fffff
39135,8810f09737fffff
39136,8810f4d8bbfffff
39137,8810f40281fffff
39138,8810f6825bfffff
39139,8810f68cd1fffff
39140,8810f54269fffff
39141,8810f68765fffff
39142,8810f6a0dbfffff
39143,8810f2864bfffff
39144,8810f4c949fffff
39145,88101b2b03fffff
39146,8810f6356dfffff
39147,8810f6c5e7fffff
39148,8810f68413fffff
39149,8810f6d4a3fffff
39150,8810f62311fffff
39151,8810f084bdfffff
39152,8810f4123bfffff
39153,8810a96d1dfffff
39154,8810a97567fffff
39155,8810f55b5dfffff
39156,8810f0156dfffff
39157,8810f4c40dfffff
39158,8810f628c7fffff
39159,8810f4cb0dfffff
39160,8810f404e9fffff
39161,8810f05257fffff
39162,8810f46665fffff
39163,8810f409e1fffff
39164,8810f45333fffff
39165,8810f4b6c3fffff
39166,8810f448b1fffff
39167,8810f42d4dfffff
39168,8810f08a89fffff
39169,8810f0021dfffff
39170,8810f40021fffff
39171,8810f28451fffff
39172,8810f598d9fffff
39173,8810f5d2c1fffff
39174,8810f552ebfffff
39175,8810f08cdbfffff
39176,8810f552b3fffff
39177,8810f286e5fffff
39178,8810f6653dfffff
39179,8810f6b6abfffff
39180,8810f5c0bbfffff
39181,8810f085e1fffff
39182,88101b5419fffff
39183,8810f09769fffff
39184,8810f585a1fffff
39185,8810f48595fffff
39186,8810a965a1fffff
39187,8810f59aadfffff
39188,8810f582b3fffff
39189,8810f6b0cdfffff
39190,8810f59669fffff
39191,8810f692e7fffff
39192,8810f6b6ebfffff
39193,8810f4151bfffff
39194,8810f0c93dfffff
39195,88101b44abfffff
39196,8810f601d5fffff
39197,8810f6b699fffff
39198,8810f62c93fffff
39199,8810f48a59fffff
39200,8810f54031fffff
39201,8810f4a509fffff
39202,8810f6a0a7fffff
39203,8810f05229fffff
39204,8810f6bad3fffff
39205,8810f601c5fffff
39206,8810a9368dfffff
39207,8810f59843fffff
39208,8810f46ce3fffff
39209,8810f6d6e1fffff
39210,8810f6c1b3fffff
39211,8810f4acc7fffff
39212,8810f50b53fffff
39213,8810f5d2a9fffff
39214,8810f29a07fffff
39215,8810f4a2cbfffff
39216,8810f051c9fffff
39217,8810f446a1fffff
39218,8810f605bdfffff
39219,8810f632e9fffff
39220,8810f4d921fffff
39221,8810f43327fffff
39222,8810f6b669fffff
39223,8810f604e1fffff
39224,8810f69087fffff
39225,8810f512b9fffff
39226,88101b4c87fffff
39227,8810f2b36bfffff
39228,8810f44617fffff
39229,8810a97553fffff
39230,88101a6cd5fffff
39231,8810f61a09fffff
39232,8810f40863fffff
39233,8810f50957fffff
39234,88101b6435fffff
39235,88101b2b17fffff
39236,8810f68e65fffff
39237,8810f4b2cdfffff
39238,88101b3985fffff
39239,8810f41981fffff
39240,8810f4c007fffff
39241,8810f294e3fffff
39242,8810f48947fffff
39243,8810f4aaddfffff
39244,8810f09591fffff
39245,8810f54681fffff
39246,8810f4d483fffff
39247,8810f588d7fffff
39248,8810f55005fffff
39249,8810f6254dfffff
39250,8810f5d845fffff
39251,8810f420d1fffff
39252,88101b0e99fffff
39253,8810f091e7fffff
39254,8810f582adfffff
39255,8810f6b863fffff
39256,8810f0824bfffff
39257,88101b0e19fffff
39258,8810a96ee1fffff
39259,8810f61867fffff
39260,8810f451e5fffff
39261,8810f4af11fffff
39262,8810f6c2d9fffff
39263,8810f01553fffff
39264,8810f63025fffff
39265,8810f682d5fffff
39266,8810f280c5fffff
39267,8810f0968dfffff
39268,8810f0d4d1fffff
39269,8810f04809fffff
39270,88101b70a3fffff
39271,8810f0bb2dfffff
39272,88101b0933fffff
39273,8810f01229fffff
39274,8810f54541fffff
39275,88101b65edfffff
39276,8810f0c715fffff
39277,88101a6c41fffff
39278,8810f42e89fffff
39279,8810f69859fffff
39280,8810f4d4bbfffff
39281,8810f5c681fffff
39282,8810f6362bfffff
39283,8810f48e4bfffff
39284,8810f5c42bfffff
39285,8810f68f2dfffff
39286,8810f285d9fffff
39287,8810f50805fffff
39288,8810f618dbfffff
39289,8810f452a1fffff
39290,8810f5c4ebfffff
39291,8810a96ae5fffff
39292,8810f48ee3fffff
39293,8810a92cd7fffff
39294,8810f016c7fffff
39295,8810f54b05fffff
39296,8810f0024dfffff
39297,88101b01a9fffff
39298,88101b7347fffff
39299,8810f0819dfffff
39300,8810f6322dfffff
39301,8810f0d2b1fffff
39302,8810f29661fffff
39303,8810f5d957fffff
39304,8810a93b2bfffff
39305,88101b622dfffff
39306,8810f0d767fffff
39307,8810a92051fffff
39308,8810f46eb5fffff
39309,8810f42733fffff
39310,8810f54f29fffff
39311,8810f6228dfffff
39312,8810f01167fffff
39313,8810f0c6bdfffff
39314,8810f0d703fffff
39315,8810f63099fffff
39316,8810f62587fffff
39317,8810a92ce1fffff
39318,8810f58257fffff
39319,8810f61061fffff
39320,8810f6ad93fffff
39321,88101b09e1fffff
39322,8810f6652bfffff
39323,8810f42dc1fffff
39324,88101b7a6bfffff
39325,8810f54121fffff
39326,8810f6a94dfffff
39327,8810a9a4bbfffff
39328,8810f6d63dfffff
39329,8810f44215fffff
39330,8810f098a1fffff
39331,8810f46b33fffff
39332,8810a92559fffff
39333,8810f440b7fffff
39334,8810a96d33fffff
39335,8810f000d3fffff
39336,8810f4609bfffff
39337,8810f601edfffff
39338,8810f0b35bfffff
39339,8810f4a0bdfffff
39340,8810f6b2e7fffff
39341,8810f45293fffff
39342,8810f0b865fffff
39343,8810f6163bfffff
39344,8810f4aa53fffff
39345,8810f6d595fffff
39346,8810f41a81fffff
39347,8810f48195fffff
39348,88101b72c5fffff
39349,88101b632bfffff
39350,88101b015bfffff
39351,8810f0cb5dfffff
39352,8810f61735fffff
39353,8810f686cbfffff
39354,88101b0eb1fffff
39355,8810f4d217fffff
39356,8810f552adfffff
39357,8810f43a9dfffff
39358,8810f6a859fffff
39359,8810f5c229fffff
39360,8810f011b1fffff
39361,8810f67405fffff
39362,8810f550b1fffff
39363,8810f2868bfffff
39364,8810f4d0a5fffff
39365,8810f4b665fffff
39366,8810f6b667fffff
39367,8810f29215fffff
39368,88101b6c93fffff
39369,8810f68ce7fffff
39370,8810f0c219fffff
39371,8810f408a5fffff
39372,8810f59557fffff
39373,8810f5c253fffff
39374,8810a9656bfffff
39375,8810f0143dfffff
39376,8810f61331fffff
39377,8810f09225fffff
39378,8810f434e7fffff
39379,8810f0932dfffff
39380,8810f2875bfffff
39381,8810f08a27fffff
39382,8810f694a9fffff
39383,8810f69125fffff
39384,8810f58819fffff
39385,8810f0054dfffff
39386,8810f298b3fffff
39387,8810f6d839fffff
39388,8810f4362bfffff
39389,8810f69461fffff
39390,8810f04937fffff
39391,8810f48c23fffff
39392,8810f4cc61fffff
39393,8810f5113bfffff
39394,8810f6b14bfffff
39395,8810f0915bfffff
39396,8810f08a13fffff
39397,8810f0cd53fffff
39398,8810f08207fffff
39399,8810f5da3bfffff
39400,8810f0411dfffff
39401,8810f4aed7fffff
39402,8810f6302bfffff
39403,8810f42a19fffff
39404,8810f626b7fffff
39405,8810f05027fffff
39406,8810f5d5b9fffff
39407,8810f4d109fffff
39408,8810f0988bfffff
39409,88101b6429fffff
39410,8810f612c5fffff
39411,8810f46ec9fffff
39412,8810f4098dfffff
39413,8810a92d35fffff
39414,8810f61765fffff
39415,8810f4c74dfffff
39416,8810f6848bfffff
39417,8810f44d67fffff
39418,8810f6d031fffff
39419,8810f611a3fffff
39420,8810f5c351fffff
39421,8810f51ad1fffff
39422,88101b00e7fffff
39423,8810f29183fffff
39424,8810f4a40bfffff
39425,8810f6ab53fffff
39426,8810f6809dfffff
39427,8810f598abfffff
39428,8810f096abfffff
39429,88101b0f25fffff
39430,8810f61457fffff
39431,8810f55a2bfffff
39432,8810f0c1b1fffff
39433,8810f6d2a3fffff
39434,8810f68249fffff
39435,8810f46c29fffff
39436,88101b0d33fffff
39437,88101a6d89fffff
39438,8810f45331fffff
39439,8810f6359bfffff
39440,8810f62cc5fffff
39441,8810f08563fffff
39442,8810f54065fffff
39443,88101b6cc1fffff
39444,8810f4392dfffff
39445,8810f62dedfffff
39446,8810f0866bfffff
39447,8810f28361fffff
39448,8810f50327fffff
39449,8810a93b5bfffff
39450,8810f68ed5fffff
39451,8810f55013fffff
39452,8810f041a9fffff
39453,8810f582b5fffff
39454,8810f55651fffff
39455,8810f4b629fffff
39456,8810f608ddfffff
39457,8810f512a9fffff
39458,8810f610a1fffff
39459,8810f55035fffff
39460,8810f69acdfffff
39461,8810f455bbfffff
39462,8810f0d8abfffff
39463,8810f44a0bfffff
39464,8810f0850dfffff
39465,8810f01b35fffff
39466,8810f0c56bfffff
39467,8810f5d327fffff
39468,88101a6d6bfffff
39469,8810f08e87fffff
39470,8810f442b5fffff
39471,8810f66ee1fffff
39472,8810f41933fffff
39473,8810f54e23fffff
39474,8810f55357fffff
39475,88101b6ae9fffff
39476,8810f48b43fffff
39477,8810f61a6bfffff
39478,8810f518e5fffff
39479,8810f44f2dfffff
39480,88101b75adfffff
39481,8810f01609fffff
39482,8810f05195fffff
39483,8810f68e83fffff
39484,8810f42d65fffff
39485,8810f4d545fffff
39486,8810f2910bfffff
39487,8810f6a9e3fffff
39488,8810f436adfffff
39489,8810f01acbfffff
39490,88101b726dfffff
39491,8810f4d5e1fffff
39492,8810f61ac7fffff
39493,8810f4b029fffff
39494,8810f099c7fffff
39495,8810f48dc9fffff
39496,8810f439ddfffff
39497,88101b01ebfffff
39498,88101b7ab3fffff
39499,8810f6aa5dfffff
39500,8810f69201fffff
39501,8810f63a91fffff
39502,8810f5ba17fffff
39503,88101b7999fffff
39504,8810f0d93dfffff
39505,8810f43109fffff
39506,8810f416d7fffff
39507,8810f05115fffff
39508,88101b60e5fffff
39509,8810f44e17fffff
39510,8810f58e5dfffff
39511,8810f581b3fffff
39512,8810f62c55fffff
39513,8810f05033fffff
39514,8810f5b861fffff
39515,8810f69747fffff
39516,8810f294bbfffff
39517,8810f45651fffff
39518,8810a92f07fffff
39519,8810f439bdfffff
39520,8810f6941dfffff
39521,8810f674abfffff
39522,8810f620c1fffff
39523,8810f622d1fffff
39524,8810f68847fffff
39525,8810f502d1fffff
39526,8810f51665fffff
39527,8810f6ceedfffff
39528,8810f4809dfffff
39529,8810f42369fffff
39530,8810f6ac05fffff
39531,8810f47685fffff
39532,8810f0d6d5fffff
39533,8810f476d7fffff
39534,8810f45011fffff
39535,8810f580abfffff
39536,8810f44ac1fffff
39537,8810f6d8d9fffff
39538,88101b3b37fffff
39539,8810f63421fffff
39540,8810f28211fffff
39541,8810f580bbfffff
39542,8810f58ac5fffff
39543,8810f42545fffff
39544,8810f0b1c3fffff
39545,8810f590b1fffff
39546,8810f0c1a9fffff
39547,8810f62c0dfffff
39548,8810f55a23fffff
39549,8810f0d131fffff
39550,8810f04119fffff
39551,8810f54055fffff
39552,8810f01197fffff
39553,8810f6858dfffff
39554,88101b05b1fffff
39555,8810f41501fffff
39556,88101b6941fffff
39557,88101b7547fffff
39558,8810f42193fffff
39559,8810a924e1fffff
39560,8810f676bdfffff
39561,8810f46e41fffff
39562,8810f68ac5fffff
39563,8810f45607fffff
39564,8810f0973bfffff
39565,8810f48e89fffff
39566,8810f40885fffff
39567,8810f6d067fffff
39568,8810f4a8e9fffff
39569,8810f61369fffff
39570,8810f5ccb9fffff
39571,8810f0862bfffff
39572,8810f4888dfffff
39573,8810f4c869fffff
39574,8810f0412dfffff
39575,8810f01883fffff
39576,8810f40f33fffff
39577,8810f0c1d7fffff
39578,8810f04127fffff
39579,8810f434d5fffff
39580,8810f0581dfffff
39581,8810f08d67fffff
39582,8810f4402dfffff
39583,8810f4ce43fffff
39584,8810f58247fffff
39585,8810f45b59fffff
39586,8810f5d4cbfffff
39587,88101a6ed7fffff
39588,8810f415d5fffff
39589,8810f4315bfffff
39590,8810f425e3fffff
39591,88101b6a99fffff
39592,8810f5c845fffff
39593,8810f41b63fffff
39594,8810f59751fffff
39595,8810f436a9fffff
39596,88101b6337fffff
39597,8810f42b23fffff
39598,8810f4525bfffff
39599,88101b61b9fffff
39600,88101b2d87fffff
39601,8810f480a9fffff
39602,8810f04909fffff
39603,8810a9746dfffff
39604,8810f5cde3fffff
39605,8810f69311fffff
39606,8810f54725fffff
39607,8810f051a7fffff
39608,8810f29ab1fffff
39609,8810f6c81bfffff
39610,8810f6a589fffff
39611,8810f4c337fffff
39612,8810f459e9fffff
39613,8810f46845fffff
39614,8810f6d257fffff
39615,8810f45511fffff
39616,8810aba435fffff
39617,8810f5c4e3fffff
39618,8810f60329fffff
39619,8810a928d9fffff
39620,8810a9775dfffff
39621,8810f0cd63fffff
39622,8810f0ca45fffff
39623,8810f66405fffff
39624,8810f42965fffff
39625,8810f63a5dfffff
39626,8810f42437fffff
39627,8810f5b903fffff
39628,8810f5c44bfffff
39629,88101b60cbfffff
39630,8810f43415fffff
39631,8810f4c02bfffff
39632,8810f59319fffff
39633,8810f4d0ebfffff
39634,8810f0ce4dfffff
39635,8810f5c249fffff
39636,8810f5c5e5fffff
39637,8810f0133bfffff
39638,8810f5c555fffff
39639,8810f44335fffff
39640,8810f43827fffff
39641,8810f6a0d1fffff
39642,8810f4d241fffff
39643,8810f5b823fffff
39644,8810f0c869fffff
39645,8810f5d909fffff
39646,8810f0d823fffff
39647,8810f0d723fffff
39648,8810f50d61fffff
39649,8810a929bbfffff
39650,8810f4745dfffff
39651,8810f4b84dfffff
39652,88101b0c4dfffff
39653,8810f4768dfffff
39654,8810f62549fffff
39655,8810f6d2ddfffff
39656,8810f4545dfffff
39657,8810f55719fffff
39658,8810f09159fffff
39659,88101a6d1dfffff
39660,8810f28153fffff
39661,8810f28051fffff
39662,8810f55041fffff
39663,8810f6a067fffff
39664,8810f400b7fffff
39665,8810f57349fffff
39666,88101b6433fffff
39667,88101b0007fffff
39668,8810f46463fffff
39669,8810f08b21fffff
39670,8810a965c1fffff
39671,8810f630e9fffff
39672,8810f5cae5fffff
39673,8810f6932dfffff
39674,8810f451c7fffff
39675,8810f5bb43fffff
39676,8810a926d9fffff
39677,8810f4a437fffff
39678,8810f090e9fffff
39679,8810f010bbfffff
39680,8810f638a5fffff
39681,8810a92821fffff
39682,8810f2848dfffff
39683,8810f40aadfffff
39684,88101b62b9fffff
39685,8810f432d1fffff
39686,8810f084c3fffff
39687,8810f51805fffff
39688,8810f61b09fffff
39689,8810f5d5c7fffff
39690,8810f4704bfffff
39691,88101b6c15fffff
39692,88101b0333fffff
39693,8810f4070bfffff
39694,8810f48e9dfffff
39695,8810f61307fffff
39696,8810f4c50dfffff
39697,8810f400c3fffff
39698,8810f6392bfffff
39699,8810f0a205fffff
39700,8810f4ae29fffff
39701,8810a9760bfffff
39702,8810a9644bfffff
39703,8810f45b3bfffff
39704,8810f08101fffff
39705,88101b7853fffff
39706,8810f4a849fffff
39707,8810f4c643fffff
39708,8810f62b69fffff
39709,8810f2964dfffff
39710,8810f452d1fffff
39711,8810f4289dfffff
39712,88101b0d83fffff
39713,8810f68f0bfffff
39714,8810f465d3fffff
39715,8810f5c097fffff
39716,8810f40ec5fffff
39717,8810f484b3fffff
39718,88101b450dfffff
39719,8810f4d0dbfffff
39720,8810f43b09fffff
39721,8810f40ce9fffff
39722,8810f626e9fffff
39723,8810f404ddfffff
39724,88101b4e07fffff
39725,8810f46103fffff
39726,8810f68d0dfffff
39727,8810f42151fffff
39728,8810a965c7fffff
39729,8810f585e1fffff
39730,8810f6c281fffff
39731,8810f04b3dfffff
39732,8810f438d1fffff
39733,8810f616b3fffff
39734,88101b429dfffff
39735,8810f4c8c1fffff
39736,8810f2983dfffff
39737,8810f6d12bfffff
39738,8810f5ba21fffff
39739,8810f4c1a7fffff
39740,8810f4a757fffff
39741,8810f42a03fffff
39742,8810f54715fffff
39743,8810f60587fffff
39744,8810f0cb15fffff
39745,8810f29acbfffff
39746,8810f6a2a1fffff
39747,8810f6b94dfffff
39748,8810f4c593fffff
39749,8810f4d6bdfffff
39750,8810f4998bfffff
39751,8810f50133fffff
39752,8810f4541dfffff
39753,8810a92905fffff
39754,8810f416bdfffff
39755,8810f55b51fffff
39756,8810f48d43fffff
39757,8810f63313fffff
39758,8810f0ba35fffff
39759,8810f68d4bfffff
39760,8810a96eebfffff
39761,8810f0d88bfffff
39762,8810f5c733fffff
39763,8810a92f43fffff
39764,8810f0503bfffff
39765,8810f60169fffff
39766,8810f4081bfffff
39767,8810f0ab21fffff
39768,8810f508abfffff
39769,8810f4cde3fffff
39770,8810a96d5bfffff
39771,88101b6e25fffff
39772,8810f6ae69fffff
39773,8810f511cdfffff
39774,8810f09115fffff
39775,8810a961d3fffff
39776,8810f681c3fffff
39777,8810f6a423fffff
39778,8810f69699fffff
39779,8810f08a5dfffff
39780,8810f55215fffff
39781,88101b65e9fffff
39782,8810f666adfffff
39783,8810f08d51fffff
39784,8810f45b6dfffff
39785,88101b0e57fffff
39786,8810f6828bfffff
39787,8810f46d09fffff
39788,8810f511d9fffff
39789,8810f0cdc3fffff
39790,8810f4c49bfffff
39791,8810f44445fffff
39792,88101a65b7fffff
39793,8810f54437fffff
39794,8810f28ac3fffff
39795,8810f4af1bfffff
39796,8810a926e9fffff
39797,88101b2b6bfffff
39798,88101b6311fffff
39799,88101b6f29fffff
39800,88101b39a1fffff
39801,8810f6a523fffff
39802,8810f4d423fffff
39803,8810f55119fffff
39804,88101b0a25fffff
39805,8810f6baa7fffff
39806,8810f08f11fffff
39807,8810f6a0b7fffff
39808,8810f58323fffff
39809,8810f29253fffff
39810,8810f4a111fffff
39811,8810f0c841fffff
39812,8810f08ad9fffff
39813,8810a921e5fffff
39814,8810f0d039fffff
39815,8810f4d917fffff
39816,8810f4446bfffff
39817,8810f0cec7fffff
39818,8810f61421fffff
39819,8810f6aea3fffff
39820,88101b0727fffff
39821,8810f29415fffff
39822,8810f4c46bfffff
39823,8810f69b3dfffff
39824,88101b69d5fffff
39825,8810f04257fffff
39826,8810a92001fffff
39827,8810f4c1edfffff
39828,8810a9652dfffff
39829,8810f5ca17fffff
39830,8810f45355fffff
39831,8810f6a9a9fffff
39832,8810f51aebfffff
39833,8810f6b85bfffff
39834,8810f29913fffff
39835,8810f6aeedfffff
39836,8810f68121fffff
39837,8810f585c9fffff
39838,8810f66ac3fffff
39839,8810f69283fffff
39840,8810f4cae7fffff
39841,8810f455c7fffff
39842,8810f69089fffff
39843,8810f41219fffff
39844,8810f624e7fffff
39845,8810f62757fffff
39846,8810f08809fffff
39847,8810f58353fffff
39848,8810f58597fffff
39849,8810f4b6a7fffff
39850,8810f4cf33fffff
39851,8810f59b43fffff
39852,88101b6927fffff
39853,8810a92de1fffff
39854,8810f6bb03fffff
39855,8810f55199fffff
39856,88101b6f01fffff
39857,8810f59905fffff
39858,88101b6291fffff
39859,8810f4aeb7fffff
39860,8810a9655bfffff
39861,8810f6b101fffff
39862,8810f454a7fffff
39863,8810f09635fffff
39864,8810f48a27fffff
39865,8810f4218bfffff
39866,8810f6c6bdfffff
39867,8810f43349fffff
39868,8810f0b239fffff
39869,8810f42637fffff
39870,8810f0b9d3fffff
39871,8810f6d509fffff
39872,8810f0149bfffff
39873,8810f546d7fffff
39874,8810a96d05fffff
39875,88101b6557fffff
39876,8810f6ce19fffff
39877,8810f4d185fffff
39878,8810f0b22dfffff
39879,8810a96e65fffff
39880,8810f449e9fffff
39881,8810f6a207fffff
39882,8810f69613fffff
39883,8810f601e1fffff
39884,8810f6248bfffff
39885,8810f5caebfffff
39886,88101b6893fffff
39887,8810f5dad1fffff
39888,8810f05855fffff
39889,8810f5cdcbfffff
39890,8810f6a313fffff
39891,8810f6c14dfffff
39892,8810f498a7fffff
39893,8810a92d05fffff
39894,8810f09a55fffff
39895,88101b7ac7fffff
39896,8810f0c84dfffff
39897,8810f59443fffff
39898,8810f60313fffff
39899,8810f47459fffff
39900,8810f0423dfffff
39901,8810f5d6e3fffff
39902,8810f5d293fffff
39903,8810f63a05fffff
39904,8810f48b45fffff
39905,8810f5198bfffff
39906,8810f28a1dfffff
39907,8810f6dab7fffff
39908,8810f422c9fffff
39909,8810f0c769fffff
39910,8810f29281fffff
39911,8810f2970bfffff
39912,8810f54101fffff
39913,8810f01593fffff
39914,8810f0d2adfffff
39915,8810f40865fffff
39916,8810f5b9c5fffff
39917,8810f0076bfffff
39918,8810f549c5fffff
39919,88101a6e13fffff
39920,8810f50351fffff
39921,8810f610adfffff
39922,8810a92c97fffff
39923,8810f0b197fffff
39924,8810f43b6dfffff
39925,8810f4222dfffff
39926,8810f41525fffff
39927,8810f40d11fffff
39928,8810a97643fffff
39929,8810f69ac1fffff
39930,8810f4aa5bfffff
39931,8810f699a7fffff
39932,8810a96d59fffff
39933,8810f481b5fffff
39934,88101b689dfffff
39935,8810a920a5fffff
39936,88101b00d1fffff
39937,88101b0f6bfffff
39938,8810f559b7fffff
39939,8810f08da1fffff
39940,8810f62c85fffff
39941,8810f46711fffff
39942,8810f4d28bfffff
39943,8810f0b049fffff
39944,88101b2b01fffff
39945,8810f40843fffff
39946,88101a6dadfffff
39947,8810f422d5fffff
39948,8810f6b307fffff
39949,8810a92129fffff
39950,8810f0b2edfffff
39951,8810f012a9fffff
39952,8810f488d9fffff
39953,8810f08623fffff
39954,8810f4a6d5fffff
39955,88101b298dfffff
39956,8810f01007fffff
39957,8810a961e3fffff
39958,8810f68367fffff
39959,8810f62c6bfffff
39960,88101b6ed1fffff
39961,8810f688abfffff
39962,8810f0b96dfffff
39963,8810f50b2bfffff
39964,8810f4ba31fffff
39965,8810f5d261fffff
39966,88101b6295fffff
39967,8810a9741bfffff
39968,8810f410a3fffff
39969,8810a921b3fffff
39970,8810f5b945fffff
39971,8810f5d8c5fffff
39972,88101b2da3fffff
39973,8810f0b143fffff
39974,8810f095c9fffff
39975,8810f29a81fffff
39976,8810f619edfffff
39977,8810f5cb03fffff
39978,8810f6914bfffff
39979,8810f61949fffff
39980,8810f4c8e7fffff
39981,8810f61993fffff
39982,88101b6dd9fffff
39983,8810f6a6e7fffff
39984,8810f428c3fffff
39985,8810f6a111fffff
39986,8810f5c1abfffff
39987,8810f48ce3fffff
39988,8810f66407fffff
39989,8810f616a7fffff
39990,8810f459e5fffff
39991,8810f5470bfffff
39992,8810f4ab27fffff
39993,8810f4692bfffff
39994,8810f29a0bfffff
39995,8810f46863fffff
39996,8810f541edfffff
39997,8810f69229fffff
39998,8810f48501fffff
39999,8810f45599fffff
40000,8810f6b09dfffff
40001,88101b0c81fffff
40002,8810f4a2e7fffff
40003,8810f6c5d7fffff
40004,8810f6da07fffff
40005,8810f616cdfffff
40006,8810f5c267fffff
40007,8810a966ebfffff
40008,8810f0d517fffff
40009,8810f0d447fffff
40010,8810f00209fffff
40011,8810f6ac15fffff
40012,88101b0169fffff
40013,8810f61a07fffff
40014,8810f4ab43fffff
40015,8810f5916dfffff
40016,8810f0d04bfffff
40017,8810f47415fffff
40018,8810f095a3fffff
40019,8810f6a74bfffff
40020,8810f41651fffff
40021,8810f42697fffff
40022,8810f5d0cbfffff
40023,8810f4329bfffff
40024,8810f40439fffff
40025,88101b7a37fffff
40026,8810f5c483fffff
40027,8810f09155fffff
40028,8810f51333fffff
40029,8810f2949bfffff
40030,88101b0a19fffff
40031,8810f4cc2bfffff
40032,88101b0d05fffff
40033,8810f40661fffff
40034,8810f5d8ddfffff
40035,8810f62613fffff
40036,8810f42837fffff
40037,8810f50a9dfffff
40038,8810f6349bfffff
40039,8810f6a505fffff
40040,8810f4198bfffff
40041,8810f08311fffff
40042,8810f62d05fffff
40043,8810f48f0dfffff
40044,8810f46b59fffff
40045,8810f5c055fffff
40046,8810f4ce51fffff
40047,8810a92d47fffff
40048,8810f28269fffff
40049,8810f08dadfffff
40050,8810f28709fffff
40051,8810f0d503fffff
40052,8810f4ca17fffff
40053,88101a6e31fffff
40054,8810f421a5fffff
40055,8810f09401fffff
40056,8810f69425fffff
40057,8810f66f3bfffff
40058,8810f052d7fffff
40059,8810f68a41fffff
40060,8810f40445fffff
40061,8810f4a1adfffff
40062,8810f28697fffff
40063,8810f408c3fffff
40064,8810f686e7fffff
40065,8810f405dbfffff
40066,8810f440adfffff
40067,8810f405d1fffff
40068,8810f551e3fffff
40069,8810f0553bfffff
40070,8810f0c1a7fffff
40071,8810f49943fffff
40072,8810f472c1fffff
40073,8810f4a615fffff
40074,8810f05ab1fffff
40075,8810f4a8e7fffff
40076,8810f58517fffff
40077,8810f665b7fffff
40078,8810f489a9fffff
40079,8810f6a51dfffff
40080,8810f42503fffff
40081,8810a96ec5fffff
40082,8810f4748bfffff
40083,8810f585b5fffff
40084,8810f4cc8bfffff
40085,8810f6b1dbfffff
40086,88101b4465fffff
40087,8810f5b967fffff
40088,8810f4025bfffff
40089,8810f461b5fffff
40090,88101a6f51fffff
40091,8810f4b6c5fffff
40092,8810f69939fffff
40093,88101b4c0dfffff
40094,8810f468e5fffff
40095,8810f61859fffff
40096,8810f46903fffff
40097,8810f5c341fffff
40098,8810f601a5fffff
40099,8810f545e7fffff
40100,8810f63151fffff
40101,8810f051adfffff
40102,8810f402edfffff
40103,8810f0d40bfffff
40104,8810f4c4d5fffff
40105,8810f69761fffff
40106,8810a9629dfffff
40107,88101b5491fffff
40108,8810f28329fffff
40109,8810f0804bfffff
40110,88101b605dfffff
40111,8810a96707fffff
40112,8810f50e65fffff
40113,8810f632dbfffff
40114,8810f6971dfffff
40115,8810f68643fffff
40116,8810f04117fffff
40117,8810f552c9fffff
40118,8810f42811fffff
40119,8810f47523fffff
40120,8810f49961fffff
40121,8810f48915fffff
40122,8810f4d099fffff
40123,8810f0c5e7fffff
40124,8810f4791dfffff
40125,8810f425ebfffff
40126,8810f6d59dfffff
40127,8810f4a36bfffff
40128,88101b4687fffff
40129,8810f40d6bfffff
40130,8810f090b9fffff
40131,8810f6b5b3fffff
40132,8810f6359dfffff
40133,88101b6b09fffff
40134,8810f4b459fffff
40135,88101a6521fffff
40136,8810f29863fffff
40137,8810f09187fffff
40138,8810f5468dfffff
40139,8810f0c0ddfffff
40140,8810f6b283fffff
40141,8810f4ade3fffff
40142,8810f44849fffff
40143,8810f44a47fffff
40144,8810f45581fffff
40145,88101b783bfffff
40146,8810f5ceddfffff
40147,8810f0c059fffff
40148,8810f4d661fffff
40149,8810f4cda5fffff
40150,8810a93825fffff
40151,8810f4af25fffff
40152,88101b6527fffff
40153,8810f54425fffff
40154,8810f44a9bfffff
40155,8810f62c8bfffff
40156,8810f6c237fffff
40157,8810f4c557fffff
40158,8810f54469fffff
40159,8810f66491fffff
40160,8810f44231fffff
40161,88101b6b53fffff
40162,8810f5016bfffff
40163,8810f059b7fffff
40164,8810f4d33dfffff
40165,8810f458ddfffff
40166,8810f28253fffff
40167,8810f6c41dfffff
40168,8810f4b301fffff
40169,8810f42327fffff
40170,8810f62d99fffff
40171,8810f44245fffff
40172,8810f69603fffff
40173,8810f45a5dfffff
40174,8810f01aebfffff
40175,8810f4da47fffff
40176,8810f60847fffff
40177,8810f408d3fffff
40178,8810a96f13fffff
40179,8810f481a3fffff
40180,8810f57347fffff
40181,8810f4d1b3fffff
40182,8810f4ba11fffff
40183,8810f0b325fffff
40184,8810f09183fffff
40185,8810f4b197fffff
40186,8810a97719fffff
40187,8810f2b251fffff
40188,8810f4505dfffff
40189,8810f6c2b5fffff
40190,8810f08ccdfffff
40191,8810f69529fffff
40192,8810f58343fffff
40193,8810f620ddfffff
40194,8810f548a5fffff
40195,8810f08c53fffff
40196,8810f69629fffff
40197,8810f5192bfffff
40198,8810f5d9a5fffff
40199,8810f5575bfffff
40200,8810f519b5fffff
40201,8810f590c5fffff
40202,8810f50359fffff
40203,8810f0b03bfffff
40204,8810f01763fffff
40205,8810f4b239fffff
40206,8810a920b9fffff
40207,8810aba411fffff
40208,8810f44f65fffff
40209,8810f04a99fffff
40210,8810a9203bfffff
40211,8810f58ea7fffff
40212,8810f6aa65fffff
40213,8810f57b49fffff
40214,8810f488adfffff
40215,8810f55a49fffff
40216,8810f28acdfffff
40217,8810f5b91bfffff
40218,8810f6304bfffff
40219,8810f5cb45fffff
40220,88101a6eb7fffff
40221,8810f0d24bfffff
40222,8810f5520dfffff
40223,8810f62089fffff
40224,8810f6a99dfffff
40225,8810f099bbfffff
40226,8810f5d9b3fffff
40227,8810f4a339fffff
40228,8810f5d917fffff
40229,8810f5b9a7fffff
40230,8810f096dbfffff
40231,8810f40f6bfffff
40232,8810f291e7fffff
40233,8810f68613fffff
40234,8810f544d7fffff
40235,8810f69b2dfffff
40236,8810f2804dfffff
40237,88101b0557fffff
40238,8810f081e9fffff
40239,88101a6c57fffff
40240,8810f42931fffff
40241,88101b49b5fffff
40242,8810f08a41fffff
40243,8810f44d09fffff
40244,8810f4ce3dfffff
40245,8810f6ab2dfffff
40246,8810f454cbfffff
40247,8810f442c7fffff
40248,8810f58243fffff
40249,8810f5c319fffff
40250,8810f588ebfffff
40251,8810f6c203fffff
40252,8810f4d405fffff
40253,8810f68253fffff
40254,8810f2941bfffff
40255,8810f2872bfffff
40256,8810f5489dfffff
40257,8810f40b57fffff
40258,8810f58595fffff
40259,8810f4cc33fffff
40260,8810f441b9fffff
40261,8810f4326bfffff
40262,8810f61647fffff
40263,88101b0d0dfffff
40264,8810f558edfffff
40265,8810f6a9edfffff
40266,8810f47801fffff
40267,8810f59547fffff
40268,8810f464bdfffff
40269,88101b7045fffff
40270,8810f5471dfffff
40271,8810f6c463fffff
40272,8810f5d15bfffff
40273,8810f6b749fffff
40274,8810f512cdfffff
40275,88101b49b1fffff
40276,8810f4b20dfffff
40277,8810f4ba9dfffff
40278,8810f6d683fffff
40279,8810f59a25fffff
40280,8810f5524dfffff
40281,8810f5d33bfffff
40282,8810f5c699fffff
40283,8810f2b311fffff
40284,88101b4719fffff
40285,8810f682bdfffff
40286,8810f4adb5fffff
40287,8810f01aa5fffff
40288,8810f002bbfffff
40289,8810f42863fffff
40290,88101b7567fffff
40291,8810f05129fffff
40292,8810f09839fffff
40293,8810f5976bfffff
40294,8810f660a9fffff
40295,8810f5d029fffff
40296,8810f4991bfffff
40297,8810f0c2e1fffff
40298,8810f4d1a1fffff
40299,8810f489d5fffff
40300,8810f4ae2bfffff
40301,8810a93841fffff
40302,8810f0c755fffff
40303,88101b7463fffff
40304,88101b7a67fffff
40305,8810f47419fffff
40306,8810f69183fffff
40307,8810f4890bfffff
40308,8810f688c9fffff
40309,8810a97711fffff
40310,8810f6d55bfffff
40311,8810f5985bfffff
40312,8810a928b9fffff
40313,8810f46a13fffff
40314,8810f441e9fffff
40315,8810f29591fffff
40316,8810f085d5fffff
40317,88101b4db9fffff
40318,8810f46325fffff
40319,8810f46cedfffff
40320,8810f290a1fffff
40321,8810f689a7fffff
40322,8810f54f43fffff
40323,8810f01725fffff
40324,8810f6393bfffff
40325,8810f6d6d5fffff
40326,8810f44e5dfffff
40327,8810f61837fffff
40328,8810f4a601fffff
40329,8810f44221fffff
40330,8810f01b19fffff
40331,8810f098a9fffff
40332,88101b7133fffff
40333,8810f44607fffff
40334,8810f58157fffff
40335,8810f44755fffff
40336,88101b2c15fffff
40337,8810f5d745fffff
40338,8810f4ce35fffff
40339,8810f6d6b1fffff
40340,8810f0b841fffff
40341,8810f4b807fffff
40342,88101b46d1fffff
40343,8810f29469fffff
40344,88101b6859fffff
40345,8810f0c64bfffff
40346,8810f548a3fffff
40347,8810f44c93fffff
40348,88101b6c35fffff
40349,88101b0d5dfffff
40350,88101b033dfffff
40351,8810f6bac5fffff
40352,8810f554dbfffff
40353,88101b2b3bfffff
40354,8810f05085fffff
40355,8810a96ab3fffff
40356,8810f6af57fffff
40357,8810a92863fffff
40358,8810f545e1fffff
40359,8810f45457fffff
40360,88101b6a2bfffff
40361,8810f51323fffff
40362,8810f4b02dfffff
40363,8810f5ca99fffff
40364,8810f4a651fffff
40365,8810f6c763fffff
40366,8810f08761fffff
40367,8810f4d22bfffff
40368,8810f556c7fffff
40369,8810f01495fffff
40370,8810f2928bfffff
40371,8810f0c13bfffff
40372,8810f4a9cbfffff
40373,8810f0c047fffff
40374,8810f6d2d7fffff
40375,8810f6b1c9fffff
40376,8810f45855fffff
40377,8810f49a2dfffff
40378,8810f41709fffff
40379,8810a92541fffff
40380,8810f48d3dfffff
40381,8810f6a061fffff
40382,8810f08f05fffff
40383,8810f29951fffff
40384,8810f6016dfffff
40385,8810f29ad1fffff
40386,8810f29125fffff
40387,8810f5982bfffff
40388,8810f481d1fffff
40389,88101b78ddfffff
40390,88101b2ca5fffff
40391,8810f6c451fffff
40392,8810a96549fffff
40393,88101b0861fffff
40394,8810f5c02dfffff
40395,8810f5ce39fffff
40396,8810f0876dfffff
40397,8810f4a33bfffff
40398,88101b4d99fffff
40399,8810f6315dfffff
40400,8810f62455fffff
40401,8810f544d5fffff
40402,8810f471dbfffff
40403,8810f68741fffff
40404,8810f46081fffff
40405,8810f544c3fffff
40406,8810f5db59fffff
40407,8810f6146bfffff
40408,8810f09543fffff
40409,8810a9294dfffff
40410,8810f6342dfffff
40411,8810f4aa95fffff
40412,88101b08abfffff
40413,8810f4532dfffff
40414,8810f44e05fffff
40415,8810f47307fffff
40416,8810f6905bfffff
40417,8810f6204bfffff
40418,8810f4cb07fffff
40419,8810f686a9fffff
40420,8810a93ac1fffff
40421,8810f62f49fffff
40422,8810f4a4e1fffff
40423,88101a6c91fffff
40424,8810f550e9fffff
40425,88101b2dc9fffff
40426,8810f5412bfffff
40427,8810f68899fffff
40428,8810f41b1bfffff
40429,8810a93943fffff
40430,8810f59aebfffff
40431,8810f2960dfffff
40432,8810a92551fffff
40433,8810f51053fffff
40434,8810f481bdfffff
40435,8810a920a7fffff
40436,8810f0b9cdfffff
40437,8810a92c03fffff
40438,8810f502d7fffff
40439,8810f05a05fffff
40440,88101b0b01fffff
40441,8810f6bb5dfffff
40442,8810f4b903fffff
40443,8810f42d01fffff
40444,8810f55329fffff
40445,8810f0c441fffff
40446,88101b7b41fffff
40447,88101b0a43fffff
40448,8810f4b71dfffff
40449,8810f4b1c5fffff
40450,8810f28ad9fffff
40451,88101b4e67fffff
40452,8810f29805fffff
40453,8810f6ca95fffff
40454,8810f6924bfffff
40455,8810a93b2dfffff
40456,8810f08ca3fffff
40457,8810f5cebbfffff
40458,8810f0550dfffff
40459,8810f48e59fffff
40460,8810f6b163fffff
40461,8810f4c021fffff
40462,8810f08849fffff
40463,8810a921cdfffff
40464,8810f42723fffff
40465,8810f46d33fffff
40466,8810f405cbfffff
40467,8810f6a565fffff
40468,8810f68c57fffff
40469,8810f6923dfffff
40470,88101b6d63fffff
40471,8810f5834dfffff
40472,8810f46191fffff
40473,8810f0cdddfffff
40474,8810aba683fffff
40475,8810f50169fffff
40476,8810f5405bfffff
40477,8810f55597fffff
40478,8810f6aecbfffff
40479,8810f4aed9fffff
40480,88101b7ab9fffff
40481,8810f4ba3bfffff
40482,8810f6a367fffff
40483,8810f6854bfffff
40484,8810f0113dfffff
40485,8810f08e89fffff
40486,8810f68a39fffff
40487,8810f4060bfffff
40488,8810f6d817fffff
40489,8810f082a9fffff
40490,8810f68115fffff
40491,8810a974cdfffff
40492,8810f50ab3fffff
40493,8810f44585fffff
40494,8810f635d7fffff
40495,8810f4a697fffff
40496,8810f4ba3dfffff
40497,8810f4184dfffff
40498,8810f401a1fffff
40499,8810f4773dfffff
40500,8810f62315fffff
40501,8810f29201fffff
40502,8810f5859bfffff
40503,8810f5ba31fffff
40504,8810f6d729fffff
40505,8810f0b2e3fffff
40506,8810f6a865fffff
40507,8810f5d0c7fffff
40508,88101b44e1fffff
40509,8810f5d259fffff
40510,8810f68955fffff
40511,8810f4b125fffff
40512,8810f54755fffff
40513,8810f4d451fffff
40514,8810f4764dfffff
40515,8810f05159fffff
40516,88101b731dfffff
40517,8810f4d033fffff
40518,88101b0b6dfffff
40519,8810f4c663fffff
40520,8810f50237fffff
40521,8810f58aedfffff
40522,8810f5cd89fffff
40523,8810f45a3bfffff
40524,8810a97543fffff
40525,8810f631d1fffff
40526,8810a9688bfffff
40527,8810f63309fffff
40528,8810f4d9a1fffff
40529,88101b6437fffff
40530,8810f69433fffff
40531,8810f0b23bfffff
40532,88101b76b7fffff
40533,8810f46437fffff
40534,8810f54439fffff
40535,8810f294a3fffff
40536,8810f0b845fffff
40537,8810f6acadfffff
40538,8810f5d6e5fffff
40539,8810f284a3fffff
40540,8810f0dad5fffff
40541,8810f5c4a7fffff
40542,8810f510b3fffff
40543,8810f0c2e3fffff
40544,8810f68017fffff
40545,8810f50913fffff
40546,8810f052e9fffff
40547,8810f6d613fffff
40548,8810a92017fffff
40549,8810f04105fffff
40550,8810f45605fffff
40551,8810f66531fffff
40552,8810f05863fffff
40553,8810f09b0bfffff
40554,8810f676b1fffff
40555,88101b0c89fffff
40556,88101b4c45fffff
40557,8810f6d89bfffff
40558,8810f5c66dfffff
40559,8810f582a7fffff
40560,88101b7315fffff
40561,8810f6a437fffff
40562,8810f5118dfffff
40563,8810f0cc2dfffff
40564,88101b61bbfffff
40565,8810f698bdfffff
40566,8810f0d91dfffff
40567,8810f499d3fffff
40568,8810f4ab59fffff
40569,8810f40543fffff
40570,8810f5cdedfffff
40571,8810f4a9d9fffff
40572,88101b78cbfffff
40573,8810f42887fffff
40574,8810a93815fffff
40575,8810f632b3fffff
40576,8810f4368dfffff
40577,8810f50b51fffff
40578,8810f682ebfffff
40579,8810f69b61fffff
40580,8810f409a5fffff
40581,8810f052edfffff
40582,8810f0ce13fffff
40583,8810f42209fffff
40584,8810f40347fffff
40585,8810f40049fffff
40586,8810f48815fffff
40587,8810f581d7fffff
40588,8810a939e7fffff
40589,8810f47199fffff
40590,88101b499dfffff
40591,8810f695c3fffff
40592,8810f2912bfffff
40593,8810f0cecbfffff
40594,8810f09427fffff
40595,8810f4028bfffff
40596,88101b7015fffff
40597,8810f4c413fffff
40598,8810f58c63fffff
40599,8810a92f25fffff
40600,88101b41b5fffff
40601,8810f0d103fffff
40602,8810f4c253fffff
40603,8810f40497fffff
40604,88101b7629fffff
40605,8810f40c55fffff
40606,8810f42935fffff
40607,8810f42ed3fffff
40608,8810f448c5fffff
40609,88101a6595fffff
40610,8810f558dbfffff
40611,8810f69505fffff
40612,8810f47933fffff
40613,88101a6ca1fffff
40614,8810f05b63fffff
40615,8810f0c53dfffff
40616,8810f691c3fffff
40617,8810f44353fffff
40618,8810f46557fffff
40619,8810f50f51fffff
40620,8810f581bbfffff
40621,8810f6a80bfffff
40622,8810f4bb0bfffff
40623,8810a92819fffff
40624,8810f63599fffff
40625,8810f6b429fffff
40626,8810f46289fffff
40627,8810f4c9ebfffff
40628,8810f61531fffff
40629,8810f68247fffff
40630,8810f6b339fffff
40631,88101b7b3bfffff
40632,8810f0b225fffff
40633,88101b6351fffff
40634,88101b0011fffff
40635,8810f418edfffff
40636,88101b6359fffff
40637,8810f559cbfffff
40638,8810f290e1fffff
40639,8810f6da21fffff
40640,8810f6860bfffff
40641,8810f6641dfffff
40642,8810f6c0edfffff
40643,8810f08a83fffff
40644,88101b393bfffff
40645,8810f4524dfffff
40646,8810f5d73dfffff
40647,8810f688d5fffff
40648,8810f43839fffff
40649,8810f5806bfffff
40650,8810f63531fffff
40651,8810f6288bfffff
40652,8810f6ae9dfffff
40653,8810a9358dfffff
40654,8810f5453bfffff
40655,8810f51a65fffff
40656,8810f54085fffff
40657,8810f42201fffff
40658,8810f6191bfffff
40659,8810f5cb31fffff
40660,8810f0d1a5fffff
40661,8810a93947fffff
40662,8810f40517fffff
40663,8810f4d607fffff
40664,8810f68a4bfffff
40665,8810f61969fffff
40666,8810f55437fffff
40667,8810f09833fffff
40668,8810f439edfffff
40669,8810f09b45fffff
40670,8810f4ceb7fffff
40671,8810f5c2e1fffff
40672,8810f40b11fffff
40673,8810f6cec5fffff
40674,8810f450cdfffff
40675,8810f51147fffff
40676,8810f5c8c1fffff
40677,8810a96cc1fffff
40678,8810f694d7fffff
40679,8810f469abfffff
40680,8810f6982dfffff
40681,8810f08717fffff
40682,88101b019bfffff
40683,88101b7a4dfffff
40684,8810f095a5fffff
40685,8810f6d6ddfffff
40686,8810f630bdfffff
40687,8810f29a4dfffff
40688,88101b0567fffff
40689,8810f4cb37fffff
40690,8810f63519fffff
40691,8810f682c5fffff
40692,8810f29aadfffff
40693,8810f57259fffff
40694,8810f5b9a9fffff
40695,88101a6eebfffff
40696,8810f68b65fffff
40697,8810f619ebfffff
40698,8810f6c723fffff
40699,8810f0d15bfffff
40700,8810a93ab5fffff
40701,8810f08499fffff
40702,8810f4cd61fffff
40703,8810f4d95dfffff
40704,8810f44907fffff
40705,8810a92e97fffff
40706,8810f299ebfffff
40707,8810f0c089fffff
40708,8810f438e5fffff
40709,8810f0d499fffff
40710,8810f4d2b5fffff
40711,8810f2818bfffff
40712,8810f4c8c9fffff
40713,8810f468bbfffff
40714,8810a92c99fffff
40715,8810f5cb01fffff
40716,8810f6964dfffff
40717,8810f47813fffff
40718,88101b4f07fffff
40719,8810f63625fffff
40720,8810f0c6bbfffff
40721,8810f696cdfffff
40722,8810f6929bfffff
40723,8810f54a93fffff
40724,8810f4b941fffff
40725,8810f4da87fffff
40726,8810f0c63dfffff
40727,8810f0ab2bfffff
40728,8810f6d49bfffff
40729,8810f44c37fffff
40730,8810f6c4e3fffff
40731,8810a92659fffff
40732,8810f62f05fffff
40733,8810a920adfffff
40734,8810f45645fffff
40735,8810f6b45dfffff
40736,8810f63967fffff
40737,8810f41221fffff
40738,8810f55803fffff
40739,88101b00c3fffff
40740,8810f0b1d7fffff
40741,88101b44ddfffff
40742,8810f58359fffff
40743,8810a92d85fffff
40744,8810f4a249fffff
40745,8810f63725fffff
40746,8810a929d7fffff
40747,8810f48957fffff
40748,8810f416c3fffff
40749,8810f51617fffff
40750,8810f5131bfffff
40751,8810f416b3fffff
40752,8810f66445fffff
40753,8810f592b9fffff
40754,8810f501a3fffff
40755,8810f40b51fffff
40756,8810f280a3fffff
40757,8810f6c299fffff
40758,8810f28291fffff
40759,8810f08d9bfffff
40760,8810f6b109fffff
40761,8810a925edfffff
40762,8810f475a3fffff
40763,8810f47657fffff
40764,88101b0e3dfffff
40765,88101b616dfffff
40766,8810f66ee3fffff
40767,8810f5d247fffff
40768,8810f6a115fffff
40769,8810f54313fffff
40770,8810a966c7fffff
40771,8810f40ab9fffff
40772,8810f4b5b5fffff
40773,88101b656dfffff
40774,8810f4d725fffff
40775,8810f6209dfffff
40776,8810f5d5a7fffff
40777,8810f63115fffff
40778,8810f6a6a7fffff
40779,8810f44dabfffff
40780,8810f63a9dfffff
40781,88101b0d81fffff
40782,8810f5c9c9fffff
40783,8810f08ab9fffff
40784,8810f29113fffff
40785,88101b099bfffff
40786,8810f48335fffff
40787,8810f0c099fffff
40788,8810f41023fffff
40789,8810f0c633fffff
40790,8810f6c185fffff
40791,8810f610c5fffff
40792,8810f01115fffff
40793,8810f424d5fffff
40794,8810f4984dfffff
40795,8810f446c3fffff
40796,8810f4c95bfffff
40797,8810f5c2a1fffff
40798,8810f46dd1fffff
40799,8810f61a55fffff
40800,8810f4aa0bfffff
40801,8810f051a5fffff
40802,8810f46683fffff
40803,8810f45247fffff
40804,8810f0b835fffff
40805,8810f60301fffff
40806,8810f4a0bbfffff
40807,8810f4575bfffff
40808,8810f5b9e1fffff
40809,8810f4c49dfffff
40810,8810f42aedfffff
40811,8810f41b39fffff
40812,8810f66e0dfffff
40813,8810f62dd9fffff
40814,8810f5d729fffff
40815,8810f090ebfffff
40816,8810f43259fffff
40817,8810f4094bfffff
40818,8810f500e5fffff
40819,88101b2805fffff
40820,8810f50963fffff
40821,8810f58329fffff
40822,8810a90d97fffff
40823,8810f4c31dfffff
40824,8810f29115fffff
40825,8810f6dac3fffff
40826,8810f5db6dfffff
40827,8810f59233fffff
40828,8810f5d9a9fffff
40829,88101b0cc7fffff
40830,88101b4419fffff
40831,8810f46339fffff
40832,88101b6993fffff
40833,8810f62141fffff
40834,8810f0da11fffff
40835,8810f456a3fffff
40836,8810f54aa3fffff
40837,8810f6ad1bfffff
40838,8810f466edfffff
40839,8810f0d18dfffff
40840,8810a9382bfffff
40841,88101b4c01fffff
40842,88101b56bbfffff
40843,8810f46095fffff
40844,8810f69493fffff
40845,8810f095cbfffff
40846,88101b74cbfffff
40847,88101b0725fffff
40848,8810f5c311fffff
40849,8810f4b2e1fffff
40850,8810f42019fffff
40851,8810f4190bfffff
40852,8810f47063fffff
40853,8810f6a4d7fffff
40854,8810f58955fffff
40855,88101b6113fffff
40856,8810f63199fffff
40857,8810f6d665fffff
40858,8810f4a34dfffff
40859,8810f691c5fffff
40860,8810f58313fffff
40861,8810f44b1bfffff
40862,8810f47441fffff
40863,8810f58b67fffff
40864,8810f54347fffff
40865,8810f66149fffff
40866,8810f54243fffff
40867,8810f682c3fffff
40868,8810f0bb4bfffff
40869,8810f630b5fffff
40870,8810f49b51fffff
40871,8810f6c36bfffff
40872,8810f5d743fffff
40873,88101b4cc5fffff
40874,8810f5db27fffff
40875,88101b4f2bfffff
40876,8810f68a83fffff
40877,8810f6c519fffff
40878,88101a6da9fffff
40879,8810f000e3fffff
40880,8810f05957fffff
40881,8810f4d523fffff
40882,8810f6dacbfffff
40883,8810f4ac65fffff
40884,8810f4aca3fffff
40885,8810f55105fffff
40886,8810f508cdfffff
40887,8810f48a8bfffff
40888,88101b5497fffff
40889,8810f0c729fffff
40890,8810f6b817fffff
40891,8810f62ea3fffff
40892,8810f66ab3fffff
40893,88101b0863fffff
40894,8810f40853fffff
40895,8810f63089fffff
40896,88101b4d4dfffff
40897,8810f4a6bdfffff
40898,8810f4d15dfffff
40899,8810f622cdfffff
40900,8810f48d6bfffff
40901,8810f68b33fffff
40902,8810f41259fffff
40903,8810f0c359fffff
40904,8810f44117fffff
40905,8810f4672dfffff
40906,8810a966cbfffff
40907,8810f46aa1fffff
40908,8810f621bdfffff
40909,8810f69189fffff
40910,8810f414a1fffff
40911,8810f0b943fffff
40912,8810f6b999fffff
40913,8810f4b743fffff
40914,8810f0d34bfffff
40915,8810f4adbdfffff
40916,8810f09757fffff
40917,8810f6c555fffff
40918,8810f54135fffff
40919,8810f66eddfffff
40920,8810f28301fffff
40921,8810a92815fffff
40922,8810f0c4d3fffff
40923,8810f0920bfffff
40924,8810f4668dfffff
40925,8810f5dab7fffff
40926,8810a9296dfffff
40927,8810f4d309fffff
40928,8810f09a25fffff
40929,8810f48ec9fffff
40930,8810a975e3fffff
40931,8810f619a3fffff
40932,8810f42597fffff
40933,8810a93a81fffff
40934,8810f09b15fffff
40935,88101a65e9fffff
40936,8810f68a53fffff
40937,8810f48597fffff
40938,8810f29325fffff
40939,8810f0c8d3fffff
40940,8810f45459fffff
40941,8810a92e49fffff
40942,88101b78e9fffff
40943,8810f431d7fffff
40944,8810f086d7fffff
40945,8810f58d0dfffff
40946,8810f08f6bfffff
40947,8810f0ba63fffff
40948,8810f6943bfffff
40949,8810f516c5fffff
40950,8810f41403fffff
40951,8810f0b24dfffff
40952,8810f4a70bfffff
40953,88101b0cb5fffff
40954,8810f51233fffff
40955,8810f58e21fffff
40956,8810f68599fffff
40957,8810f0c801fffff
40958,88101b6e0dfffff
40959,8810f0d46dfffff
40960,8810f59087fffff
40961,8810f50065fffff
40962,8810a92e43fffff
40963,8810f4783dfffff
40964,8810f4c095fffff
40965,8810f09359fffff
40966,88101b7851fffff
40967,8810f01467fffff
40968,8810f68441fffff
40969,8810f45167fffff
40970,8810f44101fffff
40971,8810f63b03fffff
40972,8810f68d0bfffff
40973,8810f40927fffff
40974,8810f296e9fffff
40975,8810a96235fffff
40976,8810f5528bfffff
40977,8810f0c439fffff
40978,8810f4014bfffff
40979,8810f40d87fffff
40980,8810f639d1fffff
40981,8810f002c7fffff
40982,8810f4a01bfffff
40983,8810a9748bfffff
40984,8810f6c4c7fffff
40985,8810f511e1fffff
40986,8810f43491fffff
40987,8810f59105fffff
40988,8810f4a467fffff
40989,8810f4b851fffff
40990,8810f016cbfffff
40991,8810f5575dfffff
40992,8810f6c363fffff
40993,8810f61667fffff
40994,8810f6158dfffff
40995,8810f6d6c3fffff
40996,8810a93981fffff
40997,8810f449dbfffff
40998,8810f59ac5fffff
40999,88101b6b1bfffff
41000,8810a92ec5fffff
41001,8810f5c12dfffff
41002,8810a92059fffff
41003,8810f404e7fffff
41004,88101b4d21fffff
41005,88101b72cdfffff
41006,8810f50b55fffff
41007,8810f6a157fffff
41008,8810f681d3fffff
41009,8810f4c209fffff
41010,8810f4898dfffff
41011,8810f09863fffff
41012,88101a6cedfffff
41013,8810f0ce27fffff
41014,8810f6823dfffff
41015,8810f09021fffff
41016,8810f619a9fffff
41017,8810f42027fffff
41018,88101b4c05fffff
41019,8810f4d4edfffff
41020,8810f4a22dfffff
41021,8810f4b657fffff
41022,8810f661e9fffff
41023,8810f4d85bfffff
41024,88101b42b9fffff
41025,8810f0956dfffff
41026,8810f094d7fffff
41027,8810f58283fffff
41028,8810f2900bfffff
41029,8810f5c83bfffff
41030,8810f68dd1fffff
41031,8810f62f41fffff
41032,8810f59287fffff
41033,8810f43121fffff
41034,8810f6989bfffff
41035,8810f62ec9fffff
41036,8810f68209fffff
41037,8810f08561fffff
41038,88101b6a3dfffff
41039,8810f468e9fffff
41040,8810a93483fffff
41041,8810f628b5fffff
41042,8810f585cbfffff
41043,88101b4ca1fffff
41044,8810f69203fffff
41045,88101b4c51fffff
41046,8810f68967fffff
41047,8810f592e7fffff
41048,8810f60eb5fffff
41049,8810f62051fffff
41050,8810f4a5c7fffff
41051,8810f0c04bfffff
41052,8810f4b227fffff
41053,8810f58967fffff
41054,8810f674d1fffff
41055,8810f635b3fffff
41056,8810f42b53fffff
41057,8810f6aa03fffff
41058,8810f46e37fffff
41059,8810f674c9fffff
41060,8810f6745bfffff
41061,8810f466a3fffff
41062,88101b6037fffff
41063,8810f43adbfffff
41064,8810f58461fffff
41065,8810f694cbfffff
41066,88101b2d99fffff
41067,8810f54409fffff
41068,8810a9285bfffff
41069,8810f61631fffff
41070,88101b6195fffff
41071,8810f44011fffff
41072,8810f46a67fffff
41073,8810f41ab3fffff
41074,8810f4096dfffff
41075,8810a9296bfffff
41076,8810f63955fffff
41077,8810f4681bfffff
41078,8810f6d589fffff
41079,8810f49937fffff
41080,8810f08ed7fffff
41081,8810f42c93fffff
41082,8810f05915fffff
41083,8810f4a217fffff
41084,8810f6989dfffff
41085,8810f28415fffff
41086,8810f68747fffff
41087,8810f63167fffff
41088,8810f50857fffff
41089,8810f422a9fffff
41090,8810f54983fffff
41091,8810a97449fffff
41092,8810f08d13fffff
41093,8810f614a7fffff
41094,8810f0c2d9fffff
41095,8810f4c6c9fffff
41096,8810f41867fffff
41097,8810f42999fffff
41098,8810f54111fffff
41099,8810f43357fffff
41100,8810f44da3fffff
41101,8810f09889fffff
41102,8810f45805fffff
41103,8810f46359fffff
41104,8810f0b90dfffff
41105,8810f4d881fffff
41106,8810f4cd35fffff
41107,8810f55b39fffff
41108,8810f4d121fffff
41109,8810f426b1fffff
41110,8810f544cbfffff
41111,8810a97403fffff
41112,8810f44c1bfffff
41113,8810f0d02bfffff
41114,8810f0da31fffff
41115,8810f4a707fffff
41116,8810f0815bfffff
41117,8810f410b1fffff
41118,8810f4cf69fffff
41119,8810f6c437fffff
41120,8810f415d1fffff
41121,8810f0c30bfffff
41122,8810f676d7fffff
41123,8810a96edbfffff
41124,8810f2916bfffff
41125,8810f474edfffff
41126,8810f63589fffff
41127,88101b794dfffff
41128,8810f62cdbfffff
41129,8810a93a11fffff
41130,8810f2925dfffff
41131,8810f44e27fffff
41132,8810f4982bfffff
41133,8810f47b31fffff
41134,8810f0ce83fffff
41135,8810a93847fffff
41136,8810f42dabfffff
41137,8810f6b6bbfffff
41138,88101a6c9dfffff
41139,8810f509edfffff
41140,88101b7b43fffff
41141,8810f5d2d7fffff
41142,8810f28039fffff
41143,88101b02a7fffff
41144,8810f6c047fffff
41145,8810f6aaa7fffff
41146,8810f45a69fffff
41147,8810f47309fffff
41148,8810f59713fffff
41149,88101b6869fffff
41150,8810f40193fffff
41151,8810f62297fffff
41152,8810f45107fffff
41153,8810a9206bfffff
41154,8810f42d63fffff
41155,88101b74e9fffff
41156,8810f0d8e9fffff
41157,8810f296d9fffff
41158,8810f5c013fffff
41159,8810f62993fffff
41160,8810a962d5fffff
41161,8810f4893bfffff
41162,8810a96e21fffff
41163,8810f44c91fffff
41164,8810f6d517fffff
41165,8810f4b68dfffff
41166,88101b750bfffff
41167,8810f08637fffff
41168,8810f6136dfffff
41169,8810f68a89fffff
41170,8810f05161fffff
41171,8810f08ce1fffff
41172,8810f29569fffff
41173,8810f4b66bfffff
41174,8810f6badbfffff
41175,8810f48867fffff
41176,8810f46ea7fffff
41177,8810f0c96dfffff
41178,88101b745dfffff
41179,8810f0b101fffff
41180,8810f605a5fffff
41181,8810f4b2a9fffff
41182,8810f589d9fffff
41183,8810a9209dfffff
41184,8810f4b0d3fffff
41185,8810f43b17fffff
41186,8810a92d1bfffff
41187,8810f42745fffff
41188,8810f0aa09fffff
41189,8810f0cc27fffff
41190,88101b0f27fffff
41191,8810f6a161fffff
41192,8810f66c63fffff
41193,8810f09205fffff
41194,8810f0d645fffff
41195,8810a920c3fffff
41196,8810f01103fffff
41197,8810a9383bfffff
41198,8810f61aa5fffff
41199,8810f44599fffff
41200,8810f63b47fffff
41201,8810f43969fffff
41202,8810f09a41fffff
41203,8810f60653fffff
41204,8810f6b321fffff
41205,8810f284e5fffff
41206,8810a96465fffff
41207,8810f54527fffff
41208,8810f5036bfffff
41209,8810f62499fffff
41210,8810f44a97fffff
41211,8810f59847fffff
41212,8810f6a8c9fffff
41213,8810f540a5fffff
41214,8810f55891fffff
41215,8810f6904dfffff
41216,8810f408ddfffff
41217,8810f46865fffff
41218,8810f29705fffff
41219,8810f0982dfffff
41220,8810f47425fffff
41221,8810f4c193fffff
41222,8810f68e31fffff
41223,8810f01587fffff
41224,8810a92499fffff
41225,88101b60e7fffff
41226,8810f45215fffff
41227,8810f68d9dfffff
41228,8810f481b7fffff
41229,8810f44b41fffff
41230,8810f0d769fffff
41231,8810f59a8bfffff
41232,8810f660e9fffff
41233,8810f059a3fffff
41234,8810f42891fffff
41235,8810f61153fffff
41236,8810f4395dfffff
41237,8810f61ae5fffff
41238,8810f548d5fffff
41239,8810f6ba93fffff
41240,8810f298d3fffff
41241,8810f68d51fffff
41242,8810f461e7fffff
41243,8810f04269fffff
41244,8810a96c07fffff
41245,8810f62d41fffff
41246,8810f44aa1fffff
41247,8810f6b629fffff
41248,8810f45825fffff
41249,8810f5193bfffff
41250,8810f62287fffff
41251,8810f4b553fffff
41252,88101b0d0bfffff
41253,8810f439a3fffff
41254,8810f5c60bfffff
41255,8810f29849fffff
41256,8810a926cbfffff
41257,8810f59acdfffff
41258,88101b09adfffff
41259,8810f666e7fffff
41260,8810f4b6e1fffff
41261,8810f08e05fffff
41262,8810f426cdfffff
41263,8810a9232dfffff
41264,8810f4b367fffff
41265,8810f44127fffff
41266,8810a92ad3fffff
41267,8810f5b121fffff
41268,8810f66c87fffff
41269,8810f08b49fffff
41270,8810a9265dfffff
41271,8810f46d67fffff
41272,8810f5d491fffff
41273,8810f6b93dfffff
41274,8810f636e9fffff
41275,8810f09699fffff
41276,8810f0c99dfffff
41277,8810f0c367fffff
41278,8810f0d929fffff
41279,88101b46abfffff
41280,8810f29243fffff
41281,8810f6a163fffff
41282,8810f55463fffff
41283,88101b6339fffff
41284,8810f4d58bfffff
41285,88101b6987fffff
41286,8810f630e1fffff
41287,8810f4b95bfffff
41288,8810f5c591fffff
41289,8810f46d87fffff
41290,8810f2b325fffff
41291,8810f08341fffff
41292,8810f0a251fffff
41293,8810a961b5fffff
41294,8810a92e29fffff
41295,8810f6af59fffff
41296,8810f4c6d3fffff
41297,8810f00353fffff
41298,8810f47903fffff
41299,8810f29637fffff
41300,8810f47a49fffff
41301,8810f4b003fffff
41302,8810f5d90dfffff
41303,8810f04b2dfffff
41304,8810f46d07fffff
41305,8810a9673dfffff
41306,8810f585c1fffff
41307,8810f6d563fffff
41308,8810f6c583fffff
41309,8810f0c495fffff
41310,8810f44307fffff
41311,8810f6c0c9fffff
41312,8810f5cd95fffff
41313,8810f018e3fffff
41314,8810f01623fffff
41315,8810f40059fffff
41316,8810f4c76dfffff
41317,8810f4a143fffff
41318,8810f4751bfffff
41319,8810f4d1d9fffff
41320,8810f08905fffff
41321,8810f5d2e3fffff
41322,8810f428c9fffff
41323,8810f54289fffff
41324,8810f4b19dfffff
41325,8810f58c29fffff
41326,8810a93b37fffff
41327,8810f05317fffff
41328,8810a9651dfffff
41329,8810f6c325fffff
41330,8810f0c6d9fffff
41331,8810f0d739fffff
41332,8810f04b21fffff
41333,8810f69681fffff
41334,8810f51163fffff
41335,8810f4c71dfffff
41336,8810f41aadfffff
41337,8810f60047fffff
41338,8810f6d84dfffff
41339,8810f452dbfffff
41340,8810f0528bfffff
41341,8810f4accbfffff
41342,8810f4da59fffff
41343,8810f0b99bfffff
41344,8810f58427fffff
41345,8810f694b9fffff
41346,8810f40461fffff
41347,8810f5d165fffff
41348,8810f4752bfffff
41349,8810f43abdfffff
41350,8810f08ac1fffff
41351,8810f0d9d1fffff
41352,8810f08b69fffff
41353,8810f62291fffff
41354,8810f4cebbfffff
41355,8810a9369dfffff
41356,8810f6b53bfffff
41357,8810f42747fffff
41358,8810f45487fffff
41359,8810f451b7fffff
41360,8810f0171dfffff
41361,8810f58f13fffff
41362,8810f41519fffff
41363,8810f55ad3fffff
41364,88101b4d3bfffff
41365,8810f58707fffff
41366,8810f09365fffff
41367,88101b2dd1fffff
41368,8810f555d9fffff
41369,8810f42b57fffff
41370,8810f48963fffff
41371,8810f4750bfffff
41372,8810f0d599fffff
41373,8810f55193fffff
41374,8810f6959bfffff
41375,8810f61703fffff
41376,8810f6c5bdfffff
41377,8810f0c0c7fffff
41378,8810f5ca67fffff
41379,8810f6a05dfffff
41380,8810f4390bfffff
41381,8810f6b8b5fffff
41382,88101b19a3fffff
41383,8810f519d5fffff
41384,8810f42b5dfffff
41385,8810f0daa5fffff
41386,8810a97607fffff
41387,8810f5cb0dfffff
41388,8810f68285fffff
41389,8810f47605fffff
41390,8810f0d8ebfffff
41391,8810f6ae2dfffff
41392,8810f48c21fffff
41393,8810f0592dfffff
41394,8810f5d35bfffff
41395,8810f4c6d9fffff
41396,8810f4b8adfffff
41397,8810aba429fffff
41398,88101b398dfffff
41399,8810a9221dfffff
41400,88101b4ea5fffff
41401,8810f43707fffff
41402,8810f63803fffff
41403,8810f415c7fffff
41404,8810f51b21fffff
41405,8810f51027fffff
41406,8810f46905fffff
41407,8810f62039fffff
41408,88101b76adfffff
41409,8810f58559fffff
41410,8810f08e6bfffff
41411,8810f0c019fffff
41412,88101b6d07fffff
41413,8810f4b123fffff
41414,8810f08e1dfffff
41415,8810f29a05fffff
41416,8810f47449fffff
41417,8810f6c311fffff
41418,8810f0b047fffff
41419,88101b70bbfffff
41420,8810f46941fffff
41421,8810f54a05fffff
41422,8810f4c109fffff
41423,8810f465a3fffff
41424,88101b640bfffff
41425,8810f6a68dfffff
41426,8810f0c967fffff
41427,8810f54689fffff
41428,88101b7415fffff
41429,88101b00b5fffff
41430,8810f68e29fffff
41431,8810f28559fffff
41432,8810f58545fffff
41433,8810f5cdebfffff
41434,8810f6c545fffff
41435,8810f684b5fffff
41436,8810f43285fffff
41437,8810f454e9fffff
41438,8810f582b1fffff
41439,8810f591e9fffff
41440,8810f4014dfffff
41441,8810f422ebfffff
41442,8810f0110dfffff
41443,8810f62c95fffff
41444,8810f29ac1fffff
41445,8810f675b7fffff
41446,88101b4e2bfffff
41447,8810f5cc33fffff
41448,8810f09925fffff
41449,88101b7885fffff
41450,8810f4162bfffff
41451,8810f6b209fffff
41452,8810f6b1d1fffff
41453,8810f0cc3dfffff
41454,8810f470d1fffff
41455,8810f6a6abfffff
41456,8810f0b0c1fffff
41457,8810f62ce5fffff
41458,8810f0c757fffff
41459,8810f5da3dfffff
41460,8810f0cf49fffff
41461,8810f0846dfffff
41462,8810a9681dfffff
41463,8810f42449fffff
41464,8810f4b8ddfffff
41465,8810f47497fffff
41466,8810a92a39fffff
41467,8810f0d48dfffff
41468,8810f05837fffff
41469,88101b763dfffff
41470,8810a96503fffff
41471,8810f6bb4bfffff
41472,88101b4705fffff
41473,8810f5cdc5fffff
41474,8810f40831fffff
41475,8810f63121fffff
41476,8810f68f15fffff
41477,8810f5598dfffff
41478,8810f51b05fffff
41479,8810f48c31fffff
41480,8810f460bdfffff
41481,8810f589edfffff
41482,8810f0b1cdfffff
41483,8810a93827fffff
41484,8810f08211fffff
41485,8810f48c47fffff
41486,8810f6165dfffff
41487,8810a96c83fffff
41488,8810f01487fffff
41489,8810f4c331fffff
41490,88101b69a7fffff
41491,8810f47649fffff
41492,8810a9290dfffff
41493,8810f4a4e3fffff
41494,8810f58887fffff
41495,8810a96c91fffff
41496,8810f6a485fffff
41497,8810f4b001fffff
41498,8810f0c9cdfffff
41499,8810f08963fffff
41500,8810f43a25fffff
41501,8810f6d6a3fffff
41502,8810f45a93fffff
41503,8810f4aee3fffff
41504,8810f05a25fffff
41505,8810f5522dfffff
41506,8810f010d1fffff
41507,8810f555a3fffff
41508,8810f46c47fffff
41509,8810f62e6bfffff
41510,8810f45705fffff
41511,8810aba4b3fffff
41512,8810f69199fffff
41513,8810f4cc93fffff
41514,8810f0d099fffff
41515,8810f66e85fffff
41516,8810f558e3fffff
41517,8810f50315fffff
41518,8810f4522bfffff
41519,8810f639e5fffff
41520,88101b6f1bfffff
41521,8810f57225fffff
41522,8810aba487fffff
41523,8810f548ebfffff
41524,8810f486a3fffff
41525,8810f6a969fffff
41526,8810f419d7fffff
41527,8810a92dedfffff
41528,8810f6374bfffff
41529,8810f438e3fffff
41530,8810f55065fffff
41531,8810f09695fffff
41532,88101b46e9fffff
41533,8810f09309fffff
41534,8810f6b2dbfffff
41535,8810f40845fffff
41536,8810f4020dfffff
41537,8810f4c8d7fffff
41538,8810aba61dfffff
41539,8810f4755bfffff
41540,8810a90cc7fffff
41541,8810f0cb29fffff
41542,8810a96107fffff
41543,8810f4a6c9fffff
41544,8810f29a49fffff
41545,8810f499cbfffff
41546,8810f01047fffff
41547,8810f451c9fffff
41548,8810f4990dfffff
41549,8810f61869fffff
41550,8810f459e3fffff
41551,8810a968e1fffff
41552,8810f4b989fffff
41553,8810f05153fffff
41554,8810f518cdfffff
41555,88101b2903fffff
41556,8810f6a133fffff
41557,8810f6b55dfffff
41558,8810f09311fffff
41559,88101b7aa7fffff
41560,8810f55807fffff
41561,8810a96433fffff
41562,8810f08e19fffff
41563,8810a969a7fffff
41564,8810f410e9fffff
41565,8810f51009fffff
41566,8810f61b07fffff
41567,8810f484c9fffff
41568,8810f0c91bfffff
41569,8810f450e7fffff
41570,8810f40ca3fffff
41571,8810f09b3dfffff
41572,8810f44691fffff
41573,8810f632e3fffff
41574,8810f0c81bfffff
41575,8810f29b43fffff
41576,8810f63b3bfffff
41577,8810f01449fffff
41578,8810f426bbfffff
41579,8810f5119dfffff
41580,8810f41a89fffff
41581,8810f62269fffff
41582,8810f28233fffff
41583,88101b6293fffff
41584,8810f4c837fffff
41585,8810aba681fffff
41586,8810f48dedfffff
41587,8810f421adfffff
41588,8810f42761fffff
41589,8810f402dbfffff
41590,8810f29a41fffff
41591,8810f0c759fffff
41592,8810f57353fffff
41593,8810f42a6dfffff
41594,8810f010a1fffff
41595,8810f5c59bfffff
41596,8810f488a3fffff
41597,8810f059b9fffff
41598,8810f6958bfffff
41599,8810f6368dfffff
41600,88101b01d7fffff
41601,8810f441e5fffff
41602,8810f418a3fffff
41603,8810f5cac1fffff
41604,8810f4b697fffff
41605,8810f55885fffff
41606,8810f40a91fffff
41607,8810a921c7fffff
41608,8810f55b65fffff
41609,8810f4cae1fffff
41610,88101b4c59fffff
41611,8810f66151fffff
41612,88101b0ca7fffff
41613,8810f41015fffff
41614,8810f61059fffff
41615,8810f6889dfffff
41616,8810f54595fffff
41617,8810f6b61dfffff
41618,88101b7605fffff
41619,8810f40db3fffff
41620,8810f08821fffff
41621,8810f69ae1fffff
41622,8810f41983fffff
41623,8810f58c67fffff
41624,8810f488d7fffff
41625,8810a93949fffff
41626,88101b7191fffff
41627,8810f41583fffff
41628,8810f598adfffff
41629,88101b7349fffff
41630,8810f6b9a9fffff
41631,8810f466e5fffff
41632,8810f5d439fffff
41633,8810f05217fffff
41634,8810f435e9fffff
41635,8810f598a1fffff
41636,8810f68e9dfffff
41637,8810f44527fffff
41638,8810f54ad7fffff
41639,8810f43745fffff
41640,88101b7419fffff
41641,8810f5d63dfffff
41642,8810f6d1e1fffff
41643,8810f6823bfffff
41644,8810a9275bfffff
41645,8810f68207fffff
41646,8810f0da19fffff
41647,8810f6c1bdfffff
41648,8810f4706dfffff
41649,8810f4ce4dfffff
41650,8810f4d35bfffff
41651,8810f0968bfffff
41652,8810f286c5fffff
41653,8810f4b8cdfffff
41654,8810f59a43fffff
41655,88101b2c61fffff
41656,8810f47191fffff
41657,8810f000bbfffff
41658,88101a6f3dfffff
41659,8810f67657fffff
41660,8810f41331fffff
41661,8810f425d9fffff
41662,8810f6c4a3fffff
41663,88101b2dc7fffff
41664,8810f5c92dfffff
41665,8810f66411fffff
41666,8810f58269fffff
41667,8810f05197fffff
41668,8810f09141fffff
41669,8810f441c1fffff
41670,8810f6912dfffff
41671,8810f6a13dfffff
41672,8810a934d7fffff
41673,8810f51995fffff
41674,8810f68b03fffff
41675,8810f4a405fffff
41676,8810f4845bfffff
41677,8810f680edfffff
41678,8810f44cadfffff
41679,8810f610b7fffff
41680,8810f48e8bfffff
41681,8810f5c457fffff
41682,8810f08d1dfffff
41683,8810a92931fffff
41684,8810f298cdfffff
41685,8810f4b1a7fffff
41686,8810f44295fffff
41687,8810f43197fffff
41688,8810f440a3fffff
41689,8810f59221fffff
41690,8810f43039fffff
41691,8810f6c737fffff
41692,8810f44c49fffff
41693,8810f58139fffff
41694,8810f01505fffff
41695,8810f5d221fffff
41696,88101b614dfffff
41697,8810f084a3fffff
41698,8810f58865fffff
41699,8810f40ca7fffff
41700,8810f4200dfffff
41701,8810f436d7fffff
41702,8810f61543fffff
41703,88101b541bfffff
41704,8810f676abfffff
41705,8810f4b209fffff
41706,8810f5d4a3fffff
41707,8810f6ab43fffff
41708,8810f4636dfffff
41709,8810f43855fffff
41710,8810f45189fffff
41711,8810f29523fffff
41712,88101b448bfffff
41713,8810f50843fffff
41714,8810f5b9cbfffff
41715,88101b0eddfffff
41716,8810f559a1fffff
41717,8810f04837fffff
41718,8810f684c3fffff
41719,8810a9233bfffff
41720,8810f6319dfffff
41721,8810f58f45fffff
41722,8810f6b467fffff
41723,8810f49b59fffff
41724,8810f40553fffff
41725,8810f081ddfffff
41726,8810f63437fffff
41727,8810f6bb41fffff
41728,8810f5956dfffff
41729,8810a92919fffff
41730,8810f6b9b1fffff
41731,8810a97515fffff
41732,8810f474e1fffff
41733,8810f66ca3fffff
41734,8810f508bbfffff
41735,8810f6b29bfffff
41736,8810f4c94dfffff
41737,8810f0d231fffff
41738,8810f691b1fffff
41739,8810f440e1fffff
41740,8810f62c1dfffff
41741,8810f4492bfffff
41742,8810f68a8dfffff
41743,8810f5c805fffff
41744,8810f6a021fffff
41745,8810f4cae9fffff
41746,8810f6d4a1fffff
41747,8810f5c767fffff
41748,8810f5091dfffff
41749,8810f4aa41fffff
41750,8810f000e5fffff
41751,8810f0b233fffff
41752,8810f5d139fffff
41753,8810f58debfffff
41754,88101b4ca3fffff
41755,8810f284abfffff
41756,8810f5cec3fffff
41757,8810f04f3bfffff
41758,8810f4b423fffff
41759,8810f6ad97fffff
41760,8810f01607fffff
41761,8810f50a3bfffff
41762,88101b71ddfffff
41763,8810f41529fffff
41764,8810f5d401fffff
41765,8810f4029bfffff
41766,8810f0d353fffff
41767,8810f5899bfffff
41768,8810f4224dfffff
41769,8810f28605fffff
41770,8810a96d2dfffff
41771,8810a97513fffff
41772,88101b79cbfffff
41773,8810f46b55fffff
41774,8810f464e9fffff
41775,8810f5cb59fffff
41776,8810f0d217fffff
41777,8810f454edfffff
41778,8810f4a417fffff
41779,8810f6871bfffff
41780,8810f4d4a9fffff
41781,8810a976cbfffff
41782,8810f08dc7fffff
41783,8810f0da23fffff
41784,8810f5b917fffff
41785,8810f55813fffff
41786,8810f63ad5fffff
41787,8810f46029fffff
41788,88101b6e4dfffff
41789,8810f559c1fffff
41790,8810f44611fffff
41791,8810f40a3bfffff
41792,8810f438ebfffff
41793,8810f6b1d7fffff
41794,8810f402cdfffff
41795,8810f681a3fffff
41796,8810f0d10dfffff
41797,8810f454d5fffff
41798,8810f0b19dfffff
41799,8810f63715fffff
41800,8810f08863fffff
41801,8810a92b27fffff
41802,88101b09b3fffff
41803,8810f048d3fffff
41804,8810f4c05dfffff
41805,8810f54f1bfffff
41806,8810f4b0d9fffff
41807,8810f40491fffff
41808,8810f05167fffff
41809,8810f4b52dfffff
41810,8810f4cc3bfffff
41811,8810f4b88dfffff
41812,8810f42ea7fffff
41813,8810f4089bfffff
41814,8810a935a1fffff
41815,8810f44803fffff
41816,8810f68009fffff
41817,8810f46235fffff
41818,88101b7669fffff
41819,8810f488b9fffff
41820,8810f43163fffff
41821,8810a92c41fffff
41822,8810f09613fffff
41823,8810f0c45dfffff
41824,8810f0c40dfffff
41825,8810f0d4cdfffff
41826,8810f60cc5fffff
41827,88101b6281fffff
41828,8810a93ae1fffff
41829,8810f68c0dfffff
41830,8810f4b01bfffff
41831,8810f46251fffff
41832,8810f4b2b1fffff
41833,8810f69aa9fffff
41834,8810f63169fffff
41835,8810f54e65fffff
41836,8810f63aebfffff
41837,8810f5d811fffff
41838,8810f42839fffff
41839,8810f40221fffff
41840,8810f62099fffff
41841,8810f0c25dfffff
41842,8810f5d541fffff
41843,8810f5b9e9fffff
41844,88101b660bfffff
41845,8810f55b17fffff
41846,8810f6b9bdfffff
41847,8810f61019fffff
41848,8810f54c1dfffff
41849,8810f5db15fffff
41850,8810f48885fffff
41851,8810f6a43bfffff
41852,8810f508cbfffff
41853,8810f01aabfffff
41854,8810a92b65fffff
41855,8810a962d1fffff
41856,8810f4a201fffff
41857,8810f4323dfffff
41858,8810f50a45fffff
41859,8810a96dd5fffff
41860,8810f0b017fffff
41861,8810f6b657fffff
41862,8810f4680dfffff
41863,8810f0d401fffff
41864,8810f4b20bfffff
41865,8810f6c505fffff
41866,8810f40e65fffff
41867,8810f0d0e9fffff
41868,8810f5c75dfffff
41869,8810a9642bfffff
41870,8810f68591fffff
41871,8810f414d3fffff
41872,8810a9200dfffff
41873,8810a929ddfffff
41874,8810f54343fffff
41875,8810f62201fffff
41876,8810f692bbfffff
41877,8810f29519fffff
41878,8810a9250dfffff
41879,8810f08f53fffff
41880,8810f512b7fffff
41881,8810f68445fffff
41882,8810f51681fffff
41883,8810f05289fffff
41884,8810f4b1e3fffff
41885,88101b7061fffff
41886,8810f50803fffff
41887,8810a92f51fffff
41888,8810f4161dfffff
41889,88101b2c0dfffff
41890,8810f614d1fffff
41891,8810f28637fffff
41892,8810f69883fffff
41893,8810f6a547fffff
41894,8810a92f55fffff
41895,8810f4ba25fffff
41896,8810f51089fffff
41897,8810f44e83fffff
41898,8810f6c665fffff
41899,8810f58f65fffff
41900,8810f60a65fffff
41901,8810f5db07fffff
41902,8810f41acbfffff
41903,8810f4aee7fffff
41904,8810f54765fffff
41905,88101b0f45fffff
41906,8810f54d0dfffff
41907,8810f0b99dfffff
41908,8810f08581fffff
41909,8810f4ac2bfffff
41910,8810f51769fffff
41911,8810a9645dfffff
41912,8810a920b5fffff
41913,8810f01a81fffff
41914,8810f426d7fffff
41915,8810f01a23fffff
41916,8810f4cf13fffff
41917,8810f58ad1fffff
41918,88101b4407fffff
41919,8810f4c9b5fffff
41920,88101b08c3fffff
41921,8810f08c97fffff
41922,8810f4345dfffff
41923,8810f44d13fffff
41924,8810f42e93fffff
41925,8810f42b01fffff
41926,8810f4ca8dfffff
41927,88101b636bfffff
41928,8810f5c293fffff
41929,8810f4128dfffff
41930,8810f4d583fffff
41931,8810a92f57fffff
41932,88101b09c7fffff
41933,8810f639d5fffff
41934,8810a9280dfffff
41935,8810f472b7fffff
41936,8810f620adfffff
41937,88101b683dfffff
41938,8810f6bb13fffff
41939,8810f0c265fffff
41940,8810f48a5dfffff
41941,8810f46aabfffff
41942,8810f51239fffff
41943,8810f6a96dfffff
41944,8810f6c637fffff
41945,8810f67643fffff
41946,8810f4349dfffff
41947,8810f48c1dfffff
41948,8810f6301bfffff
41949,88101b0f21fffff
41950,8810f4d731fffff
41951,8810f4a265fffff
41952,8810f46f07fffff
41953,8810f6d047fffff
41954,8810f40a6bfffff
41955,8810f60f49fffff
41956,8810f04ae5fffff
41957,8810f6b20bfffff
41958,8810f6b593fffff
41959,8810f550e1fffff
41960,8810f452e7fffff
41961,8810f551a3fffff
41962,8810a92749fffff
41963,88101a6e19fffff
41964,8810a964a7fffff
41965,8810f665e5fffff
41966,8810f6d1adfffff
41967,88101b790bfffff
41968,8810f420b9fffff
41969,8810f4795bfffff
41970,8810f6c88bfffff
41971,8810f4b65dfffff
41972,8810f6c19dfffff
41973,8810f5d701fffff
41974,8810f6b105fffff
41975,8810f4d449fffff
41976,8810f50a91fffff
41977,8810f5412dfffff
41978,8810f08a6bfffff
41979,8810f29409fffff
41980,8810f4775dfffff
41981,8810f5ba59fffff
41982,88101b6c47fffff
41983,88101b0b15fffff
41984,88101b0191fffff
41985,8810f59889fffff
41986,8810f66f63fffff
41987,8810f29a4bfffff
41988,8810a96463fffff
41989,8810f6af61fffff
41990,8810f4cd45fffff
41991,8810f46a1dfffff
41992,88101b6a43fffff
41993,8810f68467fffff
41994,8810f48f51fffff
41995,8810f0c54bfffff
41996,8810f290d1fffff
41997,8810f096d5fffff
41998,8810f58b37fffff
41999,8810f5530bfffff
42000,8810f486a7fffff
42001,8810f6a0d3fffff
42002,8810f5d689fffff
42003,8810f5d915fffff
42004,8810f62731fffff
42005,8810f5dac7fffff
42006,8810f5c4c9fffff
42007,8810f6ced9fffff
42008,8810f40f65fffff
42009,8810f59a05fffff
42010,8810f6905dfffff
42011,8810f6b651fffff
42012,8810f294ebfffff
42013,8810f015a7fffff
42014,8810f50235fffff
42015,8810f435d9fffff
42016,8810f0411bfffff
42017,8810f51143fffff
42018,8810f62299fffff
42019,8810f09abdfffff
42020,8810f412c1fffff
42021,8810f5d84bfffff
42022,8810f454e7fffff
42023,8810f635d1fffff
42024,8810f50881fffff
42025,8810f47255fffff
42026,8810f0925bfffff
42027,8810f44861fffff
42028,8810f29043fffff
42029,8810f5d585fffff
42030,8810f08357fffff
42031,8810f62a01fffff
42032,8810f43297fffff
42033,8810f51153fffff
42034,8810f409edfffff
42035,8810f0cd65fffff
42036,8810f0d667fffff
42037,8810f04129fffff
42038,8810f44529fffff
42039,8810f08715fffff
42040,8810f47133fffff
42041,8810f04aa1fffff
42042,8810f58db9fffff
42043,8810f6d325fffff
42044,8810f58303fffff
42045,8810f464a1fffff
42046,8810f0182bfffff
42047,8810f5ceb9fffff
42048,8810f6a209fffff
42049,88101b62cbfffff
42050,8810f42cb3fffff
42051,8810f0c041fffff
42052,8810f58b2bfffff
42053,88101b645dfffff
42054,8810f471a3fffff
42055,8810a9396dfffff
42056,8810f559a7fffff
42057,8810f46099fffff
42058,8810f6963dfffff
42059,8810f62d27fffff
42060,8810f0b837fffff
42061,8810f4cee5fffff
42062,8810f00285fffff
42063,8810f4b8c7fffff
42064,8810f51507fffff
42065,8810f42c87fffff
42066,8810f6b411fffff
42067,88101b0a51fffff
42068,8810f42c57fffff
42069,8810f48429fffff
42070,8810f09207fffff
42071,8810f4d2e5fffff
42072,88101b72bdfffff
42073,8810f4d9e9fffff
42074,8810f5443bfffff
42075,8810f66153fffff
42076,8810f4241dfffff
42077,8810f5d589fffff
42078,8810f552e1fffff
42079,8810f50b43fffff
42080,8810f661c9fffff
42081,88101b6301fffff
42082,8810f41995fffff
42083,8810f4c64bfffff
42084,8810f660e3fffff
42085,88101b6d3bfffff
42086,88101b6643fffff
42087,8810f6a03dfffff
42088,8810f4512dfffff
42089,8810f4784dfffff
42090,8810a96d97fffff
42091,8810f58957fffff
42092,8810f45a51fffff
42093,8810f63a61fffff
42094,8810a93a2bfffff
42095,8810f620b3fffff
42096,8810f6a04dfffff
42097,8810f62e35fffff
42098,8810f69945fffff
42099,8810f62649fffff
42100,8810f63a17fffff
42101,8810f6c259fffff
42102,8810f4d4dbfffff
42103,8810f63addfffff
42104,8810f6c301fffff
42105,8810f01235fffff
42106,8810f4cdddfffff
42107,8810f28ac7fffff
42108,88101b6ee9fffff
42109,88101b2d97fffff
42110,8810f28223fffff
42111,8810a92a1dfffff
42112,8810f01547fffff
42113,8810f682b5fffff
42114,8810a92999fffff
42115,88101b6355fffff
42116,8810f61469fffff
42117,88101b4c5dfffff
42118,8810f4c221fffff
42119,8810f4026dfffff
42120,8810f48a1dfffff
42121,8810f62e41fffff
42122,8810f5c14dfffff
42123,8810f69701fffff
42124,8810f4986bfffff
42125,8810f4aaebfffff
42126,8810f5553bfffff
42127,8810f5da17fffff
42128,8810f614ebfffff
42129,8810f591ddfffff
42130,8810f6059bfffff
42131,8810a92e53fffff
42132,8810f4ab2bfffff
42133,88101b5687fffff
42134,8810f554b7fffff
42135,8810f5cab3fffff
42136,8810f675bdfffff
42137,8810f01521fffff
42138,8810f4165dfffff
42139,8810f62d2dfffff
42140,8810f41887fffff
42141,8810a96501fffff
42142,8810f2875dfffff
42143,88101b7299fffff
42144,8810a968c5fffff
42145,8810f60585fffff
42146,8810f4b5c9fffff
42147,8810f5d1e1fffff
42148,8810f610bbfffff
42149,8810f4181bfffff
42150,8810f29a69fffff
42151,8810f01b47fffff
42152,8810f43437fffff
42153,8810f635adfffff
42154,8810f5da85fffff
42155,88101b3b23fffff
42156,8810a96c69fffff
42157,8810f42b0bfffff
42158,8810f5d363fffff
42159,8810f014b3fffff
42160,8810f6156dfffff
42161,8810f08727fffff
42162,8810f4d115fffff
42163,8810f43aebfffff
42164,8810f44813fffff
42165,8810f4d801fffff
42166,8810f6ac03fffff
42167,8810f4a743fffff
42168,8810a9393bfffff
42169,8810f5832bfffff
42170,8810f5136bfffff
42171,8810f0db47fffff
42172,8810f62f61fffff
42173,8810f618edfffff
42174,8810f6c5b9fffff
42175,88101b0545fffff
42176,8810f58321fffff
42177,8810f63815fffff
42178,8810f59b55fffff
42179,8810f54a8bfffff
42180,8810f6c4c9fffff
42181,8810f51165fffff
42182,88101b4507fffff
42183,8810f0c1cdfffff
42184,8810f62451fffff
42185,88101b65d3fffff
42186,8810f510b9fffff
42187,8810f6d0edfffff
42188,8810f6c069fffff
42189,8810f6760bfffff
42190,8810f0da43fffff
42191,8810f464edfffff
42192,8810f632edfffff
42193,8810f47595fffff
42194,8810f4bb5bfffff
42195,88101b7b69fffff
42196,8810f62e09fffff
42197,8810f47151fffff
42198,8810a97593fffff
42199,8810f5dac3fffff
42200,88101b390bfffff
42201,8810f680d3fffff
42202,8810f50103fffff
42203,8810f6a8d9fffff
42204,8810f405c3fffff
42205,8810f6d721fffff
42206,88101b2d11fffff
42207,8810f4528bfffff
42208,8810f08583fffff
42209,8810f66f13fffff
42210,8810f48f6dfffff
42211,8810f4a80dfffff
42212,8810f61aa9fffff
42213,8810f68589fffff
42214,8810f4313dfffff
42215,8810f638d1fffff
42216,8810f28141fffff
42217,8810f05145fffff
42218,8810f6c2b7fffff
42219,8810a96a85fffff
42220,8810f5c611fffff
42221,8810f6928bfffff
42222,88101b6cd1fffff
42223,8810f45289fffff
42224,88101b29a9fffff
42225,8810f60b57fffff
42226,88101b42b1fffff
42227,8810f04acdfffff
42228,8810f0bb01fffff
42229,8810f01199fffff
42230,8810a920c9fffff
42231,8810f42b39fffff
42232,8810f68f03fffff
42233,8810f2940dfffff
42234,8810f0940bfffff
42235,8810f4d845fffff
42236,8810f0870dfffff
42237,8810a92ea5fffff
42238,88101b68cbfffff
42239,8810f58f35fffff
42240,8810a93499fffff
42241,8810f5c893fffff
42242,8810f08519fffff
42243,8810f6a937fffff
42244,8810a929d5fffff
42245,8810f6c285fffff
42246,8810f4591bfffff
42247,8810f5569bfffff
42248,88101b00cbfffff
42249,8810f629b3fffff
42250,88101b7a43fffff
42251,88101a689bfffff
42252,8810f61183fffff
42253,8810f01abdfffff
42254,8810f082b9fffff
42255,8810f599a1fffff
42256,8810f4135bfffff
42257,88101b628bfffff
42258,8810f29245fffff
42259,8810f588edfffff
42260,8810f29405fffff
42261,8810f408c9fffff
42262,8810f47a19fffff
42263,8810f40a5bfffff
42264,8810f55147fffff
42265,8810f425adfffff
42266,8810f4adb7fffff
42267,8810f518d3fffff
42268,8810f6d221fffff
42269,8810f5472dfffff
42270,8810f0d56bfffff
42271,8810f63461fffff
42272,8810f638a7fffff
42273,8810f43643fffff
42274,8810a92809fffff
42275,8810f08debfffff
42276,8810f41521fffff
42277,8810f01005fffff
42278,8810f456d5fffff
42279,8810f6c23bfffff
42280,8810f4ad3dfffff
42281,88101b7533fffff
42282,8810f0893dfffff
42283,8810f0b907fffff
42284,8810f2933bfffff
42285,8810f62e27fffff
42286,8810f094b7fffff
42287,8810f48e6bfffff
42288,88101b08e1fffff
42289,8810f4689dfffff
42290,8810f6b52bfffff
42291,8810f4aa21fffff
42292,8810f4c44dfffff
42293,8810f59561fffff
42294,8810f291d7fffff
42295,8810f6ced1fffff
42296,8810f08cb3fffff
42297,8810f54233fffff
42298,8810f58327fffff
42299,8810f47567fffff
42300,8810f4a36dfffff
42301,8810f6a84dfffff
42302,8810f40199fffff
42303,8810f6c769fffff
42304,8810f41553fffff
42305,8810f4009bfffff
42306,8810f5400dfffff
42307,8810f415bdfffff
42308,88101b05b5fffff
42309,8810f6ab3dfffff
42310,8810f46911fffff
42311,8810f635bbfffff
42312,88101b6653fffff
42313,8810f04f2bfffff
42314,8810f68807fffff
42315,88101b08dbfffff
42316,8810f04309fffff
42317,8810f4445dfffff
42318,88101b6b21fffff
42319,88101b0a31fffff
42320,8810f280c7fffff
42321,88101a68b7fffff
42322,8810f54e3dfffff
42323,8810f0cc65fffff
42324,8810f5733dfffff
42325,8810f59259fffff
42326,8810f5c451fffff
42327,8810f68d3bfffff
42328,8810a92663fffff
42329,8810aba691fffff
42330,8810f5d669fffff
42331,8810f5d1d1fffff
42332,8810f09415fffff
42333,8810f51607fffff
42334,8810f540ebfffff
42335,8810f295cdfffff
42336,8810f61619fffff
42337,8810f43689fffff
42338,8810f6ad57fffff
42339,8810f09a9dfffff
42340,8810aba73bfffff
42341,8810f66e53fffff
42342,8810f48685fffff
42343,8810f475c3fffff
42344,8810f08f21fffff
42345,8810f6c0a7fffff
42346,8810f5d26bfffff
42347,8810f69a89fffff
42348,8810f40c3dfffff
42349,8810a97563fffff
42350,8810f46d65fffff
42351,8810f28763fffff
42352,8810f6d621fffff
42353,8810f42509fffff
42354,8810f4a2c1fffff
42355,8810f6c601fffff
42356,88101b6049fffff
42357,8810f6c357fffff
42358,8810f6ce47fffff
42359,8810a92ac3fffff
42360,8810f48565fffff
42361,8810f409a3fffff
42362,8810f051ebfffff
42363,8810f4889bfffff
42364,8810f48f65fffff
42365,8810f69b03fffff
42366,8810f69491fffff
42367,8810f62413fffff
42368,8810a93b0bfffff
42369,8810f5d281fffff
42370,8810f6749dfffff
42371,8810f44abdfffff
42372,8810f412ddfffff
42373,8810f05a91fffff
42374,8810f476b7fffff
42375,8810a92e15fffff
42376,8810f6c435fffff
42377,8810f51b11fffff
42378,8810f4cc39fffff
42379,88101b0f39fffff
42380,8810f684e5fffff
42381,88101b7027fffff
42382,8810f690d1fffff
42383,8810f6a809fffff
42384,8810f4d123fffff
42385,8810f4d72bfffff
42386,8810f6b63bfffff
42387,8810f4af01fffff
42388,8810f552b5fffff
42389,8810f58801fffff
42390,8810f40099fffff
42391,8810f63a19fffff
42392,8810f548e1fffff
42393,88101b4891fffff
42394,8810f5b9ddfffff
42395,8810f502e3fffff
42396,88101b0b13fffff
42397,88101b56a7fffff
42398,8810f6aa61fffff
42399,8810f5d961fffff
42400,8810f63045fffff
42401,8810f44993fffff
42402,8810f4565dfffff
42403,88101b76e3fffff
42404,8810f44d43fffff
42405,8810f5c1c5fffff
42406,8810f598a5fffff
42407,8810f45909fffff
42408,8810f59119fffff
42409,8810f50139fffff
42410,8810f55341fffff
42411,8810f40687fffff
42412,8810f695d9fffff
42413,88101b085bfffff
42414,8810f610b5fffff
42415,8810f01a91fffff
42416,8810f41713fffff
42417,8810a9243bfffff
42418,8810f68051fffff
42419,8810f4311dfffff
42420,8810f42e3dfffff
42421,8810f62c21fffff
42422,8810f0ce49fffff
42423,8810f43997fffff
42424,8810f4d951fffff
42425,8810f442ebfffff
42426,8810f61245fffff
42427,8810f6b949fffff
42428,8810f0ba3dfffff
42429,88101b7b17fffff
42430,8810f4a719fffff
42431,8810f6b547fffff
42432,8810f01947fffff
42433,8810f4d4b7fffff
42434,8810f4515bfffff
42435,8810f4320dfffff
42436,8810f54f67fffff
42437,8810f0855dfffff
42438,8810a93849fffff
42439,8810f280d3fffff
42440,8810f5c5b5fffff
42441,8810f6adc3fffff
42442,88101b09e3fffff
42443,8810f556d1fffff
42444,8810f4a403fffff
42445,8810f4c847fffff
42446,8810f5161dfffff
42447,8810a92b3dfffff
42448,8810f40833fffff
42449,8810f4ca3dfffff
42450,8810f4a751fffff
42451,8810f58843fffff
42452,8810f5b80bfffff
42453,8810f6c605fffff
42454,8810f58d69fffff
42455,88101b7343fffff
42456,8810f47349fffff
42457,8810f6d20bfffff
42458,8810f45339fffff
42459,8810f6aa95fffff
42460,8810f6c735fffff
42461,8810a96733fffff
42462,8810f51a0dfffff
42463,8810a975a5fffff
42464,8810f0dac9fffff
42465,8810f5c261fffff
42466,8810f681abfffff
42467,8810f62637fffff
42468,8810f50a57fffff
42469,8810f4c0d3fffff
42470,8810f4ca39fffff
42471,8810f0b9b9fffff
42472,8810f411cdfffff
42473,8810f68d37fffff
42474,8810f0ba5bfffff
42475,8810f2995bfffff
42476,8810f0c517fffff
42477,8810f465edfffff
42478,8810f68891fffff
42479,8810f42413fffff
42480,8810f45435fffff
42481,8810f018e9fffff
42482,8810f5c93dfffff
42483,88101b05a1fffff
42484,8810a96d19fffff
42485,8810f04849fffff
42486,8810a936a9fffff
42487,8810f420edfffff
42488,8810f4c757fffff
42489,8810f54407fffff
42490,88101b018bfffff
42491,8810f08e4bfffff
42492,8810f470b3fffff
42493,88101b7833fffff
42494,8810f4b91bfffff
42495,8810f08b65fffff
42496,8810f41a97fffff
42497,8810f62689fffff
42498,8810f40447fffff
42499,8810f5da11fffff
42500,8810f0bae5fffff
42501,88101b54c5fffff
42502,8810f4a511fffff
42503,8810f69337fffff
42504,8810f4d169fffff
42505,88101b2db9fffff
42506,8810f6b441fffff
42507,8810f0158bfffff
42508,8810f66e63fffff
42509,8810f4159bfffff
42510,8810f0b139fffff
42511,88101b6c3dfffff
42512,8810f430d9fffff
42513,8810f48ea1fffff
42514,8810a96adbfffff
42515,8810f422e1fffff
42516,8810f0ca91fffff
42517,88101b4541fffff
42518,8810f59921fffff
42519,88101b7445fffff
42520,8810f4c26bfffff
42521,8810f08dc3fffff
42522,8810f426bdfffff
42523,8810f08709fffff
42524,8810f5da8bfffff
42525,8810f66669fffff
42526,8810f55933fffff
42527,8810f58417fffff
42528,8810f63b21fffff
42529,8810f466b5fffff
42530,8810f466e1fffff
42531,8810f555cdfffff
42532,8810f62021fffff
42533,8810f68729fffff
42534,8810f09aedfffff
42535,8810f6a511fffff
42536,8810f412c5fffff
42537,8810f09623fffff
42538,8810f58f23fffff
42539,88101b72b3fffff
42540,8810f4761dfffff
42541,8810a935abfffff
42542,8810f48c63fffff
42543,8810f0bb57fffff
42544,8810f68f51fffff
42545,8810f0b153fffff
42546,8810f6b8a5fffff
42547,8810f63417fffff
42548,8810f4c981fffff
42549,8810f4472dfffff
42550,8810f58229fffff
42551,88101a6c5dfffff
42552,8810f4a9c9fffff
42553,8810f5191bfffff
42554,8810f5c401fffff
42555,8810f6a6bbfffff
42556,8810f4a05dfffff
42557,8810f4558dfffff
42558,8810f0d965fffff
42559,8810f0c14bfffff
42560,8810f0db1dfffff
42561,8810f4546bfffff
42562,8810f61355fffff
42563,8810f4648dfffff
42564,8810f4b011fffff
42565,8810f2824dfffff
42566,8810f62c39fffff
42567,8810f5c5bdfffff
42568,8810a92449fffff
42569,8810f09457fffff
42570,8810f486a9fffff
42571,88101b6467fffff
42572,8810f4d5abfffff
42573,8810f6b607fffff
42574,8810f5d4a1fffff
42575,8810f4d5ddfffff
42576,88101b6c19fffff
42577,8810f47093fffff
42578,8810f5cb2bfffff
42579,8810f432a1fffff
42580,8810a920cbfffff
42581,8810f621b1fffff
42582,8810f49b6dfffff
42583,8810a968a9fffff
42584,8810f40129fffff
42585,8810f01631fffff
42586,8810f454d1fffff
42587,8810f01b27fffff
42588,8810f604dbfffff
42589,8810a9760dfffff
42590,8810f698e9fffff
42591,8810f41803fffff
42592,8810f5c815fffff
42593,8810f45429fffff
42594,8810f0599bfffff
42595,8810f6ae33fffff
42596,8810f4320bfffff
42597,8810f4d307fffff
42598,8810f44ed1fffff
42599,88101b291bfffff
42600,8810f46c59fffff
42601,88101b6017fffff
42602,8810f47739fffff
42603,8810f511a3fffff
42604,8810f5c827fffff
42605,8810f4b5d5fffff
42606,8810f2949dfffff
42607,8810a921e7fffff
42608,8810a96c6bfffff
42609,8810f6d65dfffff
42610,88101a6d31fffff
42611,8810f01259fffff
42612,8810f6b56bfffff
42613,8810f62e81fffff
42614,8810f05a5bfffff
42615,8810f0d4c3fffff
42616,8810f09897fffff
42617,8810a925b1fffff
42618,8810f54107fffff
42619,8810f04251fffff
42620,8810f54291fffff
42621,8810f5c2d3fffff
42622,8810f28261fffff
42623,8810f58c8dfffff
42624,8810f42d11fffff
42625,88101b4f6dfffff
42626,88101b6825fffff
42627,8810f0c9b7fffff
42628,8810f4a5a5fffff
42629,8810f4b0a3fffff
42630,8810f43b31fffff
42631,8810f01481fffff
42632,8810f66ea9fffff
42633,8810f0d54bfffff
42634,8810f0c015fffff
42635,8810f4166dfffff
42636,8810f0b903fffff
42637,8810f5d533fffff
42638,8810f5bb53fffff
42639,8810a9389dfffff
42640,8810f54815fffff
42641,8810f50895fffff
42642,8810f61089fffff
42643,8810a93ae3fffff
42644,8810f5884bfffff
42645,8810aba499fffff
42646,8810f6c06bfffff
42647,8810f55029fffff
42648,88101b4abdfffff
42649,88101b75ebfffff
42650,88101b01bdfffff
42651,8810f6d717fffff
42652,8810f45109fffff
42653,8810f0030dfffff
42654,8810f4cce1fffff
42655,8810f51965fffff
42656,8810a92de3fffff
42657,8810f4500dfffff
42658,8810f4664bfffff
42659,8810f0b915fffff
42660,88101b60b9fffff
42661,8810f50257fffff
42662,8810f5c6e9fffff
42663,88101b68d7fffff
42664,8810f08567fffff
42665,8810a92095fffff
42666,8810f6b597fffff
42667,88101b60d7fffff
42668,8810f4466bfffff
42669,8810a93823fffff
42670,8810f298dbfffff
42671,8810f4c9abfffff
42672,8810f6a193fffff
42673,8810f4ac57fffff
42674,8810f50807fffff
42675,8810f47205fffff
42676,8810f69931fffff
42677,8810f45611fffff
42678,8810f4d80bfffff
42679,8810f5d411fffff
42680,88101b7743fffff
42681,8810f4543dfffff
42682,8810f405b3fffff
42683,8810f48819fffff
42684,8810f29221fffff
42685,8810f66113fffff
42686,8810f6351bfffff
42687,8810aba41bfffff
42688,8810f5c1b1fffff
42689,8810f440e9fffff
42690,8810f6b045fffff
42691,8810a924c9fffff
42692,8810f09825fffff
42693,88101b0903fffff
42694,8810f42213fffff
42695,8810f62057fffff
42696,8810a924a9fffff
42697,8810f6a803fffff
42698,8810f694c1fffff
42699,8810f5caadfffff
42700,8810f6d4b7fffff
42701,8810f54915fffff
42702,8810f55685fffff
42703,8810f44b21fffff
42704,8810a92aedfffff
42705,8810f4b48bfffff
42706,88101b7ae5fffff
42707,8810f4a1b1fffff
42708,8810f092dbfffff
42709,8810f6d5d3fffff
42710,8810f6846dfffff
42711,8810f6b039fffff
42712,8810f080dbfffff
42713,8810a96f15fffff
42714,8810f441d7fffff
42715,8810f0902bfffff
42716,8810f4d219fffff
42717,8810f47757fffff
42718,8810f58e85fffff
42719,8810f6aebbfffff
42720,8810f512e7fffff
42721,88101b4f45fffff
42722,8810f4dabdfffff
42723,8810f098e9fffff
42724,8810f420a9fffff
42725,8810f0d9b7fffff
42726,8810f44181fffff
42727,8810f0b923fffff
42728,8810a92517fffff
42729,8810f6c4e1fffff
42730,8810f0c69bfffff
42731,8810f5d085fffff
42732,8810f6cd5dfffff
42733,8810f47ab5fffff
42734,8810f55085fffff
42735,88101b6f55fffff
42736,8810a96e11fffff
42737,8810f6ce21fffff
42738,8810f42cc7fffff
42739,8810f4d339fffff
42740,8810f436edfffff
42741,8810f69459fffff
42742,8810f6b95bfffff
42743,8810f0871bfffff
42744,8810f6b719fffff
42745,8810f5d5d5fffff
42746,8810f6269dfffff
42747,8810f4caedfffff
42748,8810f58ddbfffff
42749,8810f5991bfffff
42750,8810f0d9ebfffff
42751,8810f46521fffff
42752,8810a92849fffff
42753,8810f4666dfffff
42754,8810f48e83fffff
42755,8810f486a1fffff
42756,8810f09a85fffff
42757,8810f61b2dfffff
42758,8810f6bab3fffff
42759,8810f6ce99fffff
42760,8810f61a11fffff
42761,8810f48c9dfffff
42762,88101b2953fffff
42763,8810f489c7fffff
42764,8810a97669fffff
42765,8810f4d009fffff
42766,8810f554b9fffff
42767,8810f4aa2dfffff
42768,8810f0d943fffff
42769,8810f41189fffff
42770,8810f61827fffff
42771,88101b0d41fffff
42772,8810f08913fffff
42773,8810f0c995fffff
42774,8810f0d361fffff
42775,8810f4d6a7fffff
42776,8810f60ab7fffff
42777,8810f66eb7fffff
42778,8810f6d08bfffff
42779,8810f635c5fffff
42780,8810f048adfffff
42781,8810f60801fffff
42782,88101a6e05fffff
42783,8810f62f13fffff
42784,8810f6c0e3fffff
42785,8810f62d33fffff
42786,8810f69831fffff
42787,8810f5da51fffff
42788,8810f4d9e5fffff
42789,8810f55969fffff
42790,8810f0b92bfffff
42791,8810f4734dfffff
42792,8810f45837fffff
42793,8810f4a68bfffff
42794,8810f6b535fffff
42795,8810f5d257fffff
42796,8810f58537fffff
42797,8810f4b09dfffff
42798,8810f6b28bfffff
42799,8810a96d93fffff
42800,8810f688d7fffff
42801,8810f0880bfffff
42802,8810f40489fffff
42803,8810f44e63fffff
42804,8810f6cab1fffff
42805,88101b4c5bfffff
42806,8810a97439fffff
42807,8810f4cf39fffff
42808,8810f55287fffff
42809,8810f4092bfffff
42810,8810f6a233fffff
42811,8810f4c9b9fffff
42812,8810f44db7fffff
42813,8810f04065fffff
42814,88101b72c3fffff
42815,8810f63489fffff
42816,8810f6b8a3fffff
42817,88101b6acbfffff
42818,8810aba4e7fffff
42819,8810f080abfffff
42820,8810f4ca99fffff
42821,8810f5cc6bfffff
42822,8810f5c2c7fffff
42823,8810f69ad1fffff
42824,8810a92c07fffff
42825,8810f415b1fffff
42826,88101b7083fffff
42827,8810f42f57fffff
42828,8810f4223dfffff
42829,88101b75bbfffff
42830,8810f60ad1fffff
42831,8810f6aaadfffff
42832,8810f5cc81fffff
42833,8810f41087fffff
42834,8810f4b037fffff
42835,8810f0c9b5fffff
42836,8810f50adbfffff
42837,8810f6d2dbfffff
42838,8810f44651fffff
42839,8810f44cd7fffff
42840,8810f4ad63fffff
42841,8810f686cdfffff
42842,8810f4d705fffff
42843,88101b68e3fffff
42844,8810a9291dfffff
42845,8810f42953fffff
42846,8810f29301fffff
42847,8810f4510bfffff
42848,8810f6b929fffff
42849,88101b618dfffff
42850,8810f625d3fffff
42851,8810a93933fffff
42852,8810f66f11fffff
42853,8810f550c3fffff
42854,8810f6da83fffff
42855,8810f59a21fffff
42856,88101b00bbfffff
42857,8810f0dacbfffff
42858,8810f455b3fffff
42859,88101b6307fffff
42860,8810f4a889fffff
42861,8810f6b5c3fffff
42862,88101b0035fffff
42863,8810f4298dfffff
42864,8810f41495fffff
42865,8810f4b655fffff
42866,8810f4ba87fffff
42867,8810f0c555fffff
42868,8810f058ebfffff
42869,8810f0104dfffff
42870,8810f5b863fffff
42871,8810f58d6dfffff
42872,8810f4708dfffff
42873,8810f0886dfffff
42874,8810f0d051fffff
42875,8810f2b343fffff
42876,8810f2b255fffff
42877,8810f58e41fffff
42878,8810f0c80bfffff
42879,8810f41a85fffff
42880,8810f592a9fffff
42881,8810f43051fffff
42882,8810a92c01fffff
42883,8810f63699fffff
42884,8810f01361fffff
42885,8810f63297fffff
42886,8810f09055fffff
42887,8810f6ab65fffff
42888,88101b41b3fffff
42889,8810f47749fffff
42890,8810f69763fffff
42891,8810f08c4bfffff
42892,88101b7523fffff
42893,8810f29a9dfffff
42894,8810a925b7fffff
42895,8810f4c911fffff
42896,8810f54eebfffff
42897,8810a93861fffff
42898,8810f42f5bfffff
42899,8810f6d133fffff
42900,8810f08921fffff
42901,8810a9756bfffff
42902,8810f550d9fffff
42903,88101b7b21fffff
42904,8810f69963fffff
42905,88101b46e1fffff
42906,8810f4784bfffff
42907,8810f5c215fffff
42908,88101b086dfffff
42909,8810f08225fffff
42910,8810f089d1fffff
42911,8810f0d5b7fffff
42912,8810a96637fffff
42913,8810f68803fffff
42914,8810f01107fffff
42915,88101b76bdfffff
42916,8810f01591fffff
42917,8810f55ac5fffff
42918,8810f440cdfffff
42919,8810f4b5b1fffff
42920,8810f448e5fffff
42921,8810f6b49bfffff
42922,8810f68495fffff
42923,8810f60b0bfffff
42924,8810f6aa69fffff
42925,8810f66583fffff
42926,8810f059d3fffff
42927,8810f51b1bfffff
42928,8810f4da91fffff
42929,8810f46113fffff
42930,8810f6da29fffff
42931,8810f0d355fffff
42932,8810f46e47fffff
42933,8810f4b063fffff
42934,8810f54a15fffff
42935,88101b7219fffff
42936,8810f544b7fffff
42937,8810f6a241fffff
42938,8810f5ba5bfffff
42939,8810f4c5bdfffff
42940,8810f40191fffff
42941,88101b0189fffff
42942,8810f50a2dfffff
42943,88101b0cedfffff
42944,88101b4e51fffff
42945,88101b64a3fffff
42946,8810f636e1fffff
42947,8810f675abfffff
42948,8810a960abfffff
42949,8810f605b5fffff
42950,8810f401e3fffff
42951,8810f4a935fffff
42952,8810f42963fffff
42953,8810a96423fffff
42954,8810f682d7fffff
42955,88101b0121fffff
42956,8810f05049fffff
42957,8810f42835fffff
42958,8810f6c411fffff
42959,8810f42a11fffff
42960,8810f6d11dfffff
42961,8810f4b297fffff
42962,8810f61b05fffff
42963,8810f0d187fffff
42964,8810f4ad13fffff
42965,8810f449c7fffff
42966,8810f4b61bfffff
42967,88101b7039fffff
42968,8810f4c165fffff
42969,8810f60195fffff
42970,8810f54457fffff
42971,8810f60357fffff
42972,8810a92f17fffff
42973,8810f4b981fffff
42974,88101b64a9fffff
42975,8810f01747fffff
42976,8810f44689fffff
42977,8810f456bbfffff
42978,8810f4205bfffff
42979,8810f60addfffff
42980,8810f69b0dfffff
42981,8810f5d2b3fffff
42982,8810f6c239fffff
42983,8810f4735dfffff
42984,8810f60b5bfffff
42985,8810f46755fffff
42986,8810f54b03fffff
42987,8810f5cd81fffff
42988,8810f6aab7fffff
42989,8810f40983fffff
42990,8810a92661fffff
42991,8810f6a469fffff
42992,88101b75e3fffff
42993,8810f48b01fffff
42994,8810f01425fffff
42995,8810f4a20bfffff
42996,8810f54e8bfffff
42997,8810f46b51fffff
42998,8810f661a9fffff
42999,8810f08319fffff
43000,8810f68089fffff
43001,8810f6d00dfffff
43002,8810f6c4d5fffff
43003,8810a96e3dfffff
43004,8810f28681fffff
43005,8810f424d3fffff
43006,8810f4a263fffff
43007,8810f58219fffff
43008,8810f5c817fffff
43009,8810f4143dfffff
43010,88101b7181fffff
43011,8810f699cdfffff
43012,8810f58ea5fffff
43013,8810f691a3fffff
43014,8810a96dc3fffff
43015,8810f40993fffff
43016,8810f6863dfffff
43017,8810f68f3bfffff
43018,8810f48ee5fffff
43019,8810f50185fffff
43020,88101b76a7fffff
43021,8810f09291fffff
43022,8810f63a37fffff
43023,88101b7b6dfffff
43024,8810f6b803fffff
43025,88101b2c63fffff
43026,8810f4792bfffff
43027,8810f6ae93fffff
43028,88101b6431fffff
43029,8810f62b45fffff
43030,8810f518d1fffff
43031,8810f44f23fffff
43032,8810f68ea3fffff
43033,8810f63b1dfffff
43034,8810f04f6dfffff
43035,8810f55167fffff
43036,8810f0ab67fffff
43037,8810f00235fffff
43038,8810f0c637fffff
43039,8810f476cdfffff
43040,8810f41621fffff
43041,8810a920c7fffff
43042,8810f44033fffff
43043,8810f6a417fffff
43044,8810f44aebfffff
43045,8810f68e3dfffff
43046,8810f4a711fffff
43047,8810f66a8bfffff
43048,8810f096d9fffff
43049,8810f42db7fffff
43050,8810f66e47fffff
43051,8810a92b35fffff
43052,8810f699e1fffff
43053,8810a90c91fffff
43054,8810f51897fffff
43055,8810f058cbfffff
43056,8810f4d097fffff
43057,8810f42593fffff
43058,8810f42185fffff
43059,8810f68cd3fffff
43060,8810f47ac7fffff
43061,8810f68b29fffff
43062,88101b69c9fffff
43063,8810f5191dfffff
43064,8810f698abfffff
43065,88101b4999fffff
43066,8810f6d2e7fffff
43067,8810f469e7fffff
43068,8810f40f47fffff
43069,88101b76e1fffff
43070,8810f5bb0bfffff
43071,8810f08a91fffff
43072,8810f419c9fffff
43073,8810f69115fffff
43074,8810f455e7fffff
43075,8810f4ba95fffff
43076,8810f6ada1fffff
43077,88101b6b59fffff
43078,8810a92dbbfffff
43079,88101a6ebdfffff
43080,8810f5c107fffff
43081,8810f6340bfffff
43082,8810f54b11fffff
43083,8810f47257fffff
43084,8810f44b03fffff
43085,8810f45241fffff
43086,8810f4ac17fffff
43087,8810f0b959fffff
43088,8810f58351fffff
43089,8810f40943fffff
43090,8810f6a481fffff
43091,8810f4d9d3fffff
43092,8810f46369fffff
43093,8810f5db51fffff
43094,88101b0db9fffff
43095,8810f6d8a9fffff
43096,8810f46e85fffff
43097,8810f41a09fffff
43098,8810f45b07fffff
43099,8810a92abbfffff
43100,8810a96681fffff
43101,8810f5cb3dfffff
43102,88101b6a57fffff
43103,8810f4b643fffff
43104,8810f4d5e3fffff
43105,88101b7b2bfffff
43106,88101b45c5fffff
43107,8810f5d215fffff
43108,8810f0d82dfffff
43109,8810f4a635fffff
43110,88101b682bfffff
43111,8810f42b1bfffff
43112,88101b786bfffff
43113,8810f45089fffff
43114,8810f5135dfffff
43115,8810f58c53fffff
43116,8810f68839fffff
43117,8810f04d4dfffff
43118,8810f42989fffff
43119,8810f6bb47fffff
43120,8810f4d11dfffff
43121,8810f69245fffff
43122,8810f4723dfffff
43123,8810f48f05fffff
43124,8810f5c463fffff
43125,8810f58c31fffff
43126,8810f48ebdfffff
43127,8810f4ba01fffff
43128,8810f58d47fffff
43129,8810f5d01dfffff
43130,88101b09d5fffff
43131,8810f6869dfffff
43132,8810f0b0a5fffff
43133,8810f5da6dfffff
43134,8810f0b08dfffff
43135,8810f4b131fffff
43136,8810a93881fffff
43137,8810f4da31fffff
43138,88101b744bfffff
43139,8810f4b497fffff
43140,8810f4c1e5fffff
43141,8810f471d5fffff
43142,8810f63735fffff
43143,8810f5889dfffff
43144,8810f59289fffff
43145,8810f5c713fffff
43146,8810f28ac9fffff
43147,8810f4dac9fffff
43148,8810f6314bfffff
43149,8810f54a1bfffff
43150,8810f6c023fffff
43151,8810f6226bfffff
43152,8810f6199dfffff
43153,8810f621ebfffff
43154,8810f69605fffff
43155,8810f0481dfffff
43156,8810f440c5fffff
43157,8810f621e5fffff
43158,8810f0cdadfffff
43159,8810f6641bfffff
43160,8810f6d72dfffff
43161,8810f40359fffff
43162,8810f44559fffff
43163,88101b68d1fffff
43164,8810f082a5fffff
43165,8810f57301fffff
43166,8810f4a92dfffff
43167,8810f5c08bfffff
43168,8810f6922bfffff
43169,8810a96519fffff
43170,88101b6e85fffff
43171,8810f431cdfffff
43172,8810f09169fffff
43173,8810f0583dfffff
43174,8810f68669fffff
43175,8810f432e9fffff
43176,8810f62e6dfffff
43177,8810a93585fffff
43178,8810f59aa9fffff
43179,8810f63627fffff
43180,8810f61945fffff
43181,8810f68b1dfffff
43182,8810f55593fffff
43183,8810f4781bfffff
43184,8810f5c83dfffff
43185,8810f41b07fffff
43186,8810f60187fffff
43187,8810f4242bfffff
43188,8810f2b201fffff
43189,8810f48959fffff
43190,8810f4d703fffff
43191,8810f4b147fffff
43192,8810f45937fffff
43193,8810f62721fffff
43194,8810f41545fffff
43195,8810f4441bfffff
43196,8810f45555fffff
43197,8810f6b627fffff
43198,8810f63635fffff
43199,8810a928adfffff
43200,88101b08c7fffff
43201,8810f400c9fffff
43202,8810f469bdfffff
43203,8810f62337fffff
43204,8810f60c91fffff
43205,8810f452e9fffff
43206,8810f601c3fffff
43207,8810f5111dfffff
43208,8810f6d039fffff
43209,88101b732dfffff
43210,8810f592cdfffff
43211,8810f54c0bfffff
43212,8810f68833fffff
43213,8810f04905fffff
43214,8810f4c727fffff
43215,8810f4d4a5fffff
43216,8810f6b2cbfffff
43217,8810f5cf17fffff
43218,8810f408ebfffff
43219,8810f46b2bfffff
43220,8810f05889fffff
43221,8810f081cbfffff
43222,8810f5d46bfffff
43223,8810f6b0adfffff
43224,8810a964adfffff
43225,8810f51669fffff
43226,8810f665e7fffff
43227,8810f6150dfffff
43228,8810f46965fffff
43229,8810f55aa3fffff
43230,8810f0406dfffff
43231,8810f68ebbfffff
43232,8810f54c4bfffff
43233,8810f43481fffff
43234,8810f4cb59fffff
43235,8810f465d9fffff
43236,8810f412c9fffff
43237,8810f010abfffff
43238,8810f465a7fffff
43239,8810f6a041fffff
43240,8810f69a99fffff
43241,8810f0d13dfffff
43242,8810f5493bfffff
43243,8810f089d7fffff
43244,8810f452b9fffff
43245,8810f42767fffff
43246,8810f45535fffff
43247,8810f0cde1fffff
43248,88101a6eddfffff
43249,8810f6c761fffff
43250,8810f68c27fffff
43251,8810f66e93fffff
43252,88101b7497fffff
43253,8810f46eb7fffff
43254,8810f69049fffff
43255,8810f63339fffff
43256,8810f4cccdfffff
43257,8810f0945bfffff
43258,8810f5ca0dfffff
43259,8810a92567fffff
43260,8810f48467fffff
43261,8810f49825fffff
43262,8810a9a4b9fffff
43263,8810f05b07fffff
43264,8810f6d739fffff
43265,88101b692bfffff
43266,8810f08329fffff
43267,8810a92b2bfffff
43268,8810f40107fffff
43269,8810f54649fffff
43270,8810f676d1fffff
43271,8810f4c0a1fffff
43272,88101b0857fffff
43273,8810a960dbfffff
43274,8810f58009fffff
43275,8810f51725fffff
43276,8810f6b2bdfffff
43277,8810f4b921fffff
43278,8810f4342dfffff
43279,88101b60e1fffff
43280,8810f68735fffff
43281,8810f4d1b5fffff
43282,8810f48143fffff
43283,8810f48dd1fffff
43284,88101b0b4bfffff
43285,8810f6b947fffff
43286,8810f68087fffff
43287,8810f4d0e9fffff
43288,8810f0d661fffff
43289,8810f54759fffff
43290,8810f5942dfffff
43291,8810f6c5c1fffff
43292,8810f46d2bfffff
43293,88101b60b1fffff
43294,8810f6763dfffff
43295,8810f46559fffff
43296,8810f0d1d5fffff
43297,8810f472adfffff
43298,8810f62215fffff
43299,8810f5d047fffff
43300,8810f588a3fffff
43301,8810f480e7fffff
43302,8810a920abfffff
43303,8810f0801bfffff
43304,88101b723dfffff
43305,8810f29697fffff
43306,8810a96851fffff
43307,8810f6211bfffff
43308,8810f0841dfffff
43309,8810f4b30bfffff
43310,8810f6241dfffff
43311,8810f5c00bfffff
43312,8810f6766bfffff
43313,88101b2b19fffff
43314,8810f0d53dfffff
43315,8810f46649fffff
43316,8810f441a7fffff
43317,8810f5c20bfffff
43318,8810a9642dfffff
43319,8810f0c54dfffff
43320,8810f0b317fffff
43321,8810f5c933fffff
43322,8810f4b91dfffff
43323,8810f44b47fffff
43324,88101b719bfffff
43325,8810f626dbfffff
43326,8810f44e85fffff
43327,8810f47aa9fffff
43328,8810f54a51fffff
43329,8810f62c69fffff
43330,8810f292ebfffff
43331,88101b44e3fffff
43332,8810f6d66dfffff
43333,8810f63459fffff
43334,8810f4403dfffff
43335,8810f6d625fffff
43336,8810f6c6b7fffff
43337,8810f08eebfffff
43338,8810f0cdc7fffff
43339,8810f666a5fffff
43340,8810f0d4d3fffff
43341,8810f48733fffff
43342,8810f4d159fffff
43343,8810f432a5fffff
43344,8810f08063fffff
43345,8810f42563fffff
43346,8810f4d905fffff
43347,8810f6d513fffff
43348,8810f0c55dfffff
43349,88101b2db5fffff
43350,8810f6c2b3fffff
43351,8810f54e1bfffff
43352,8810f481e9fffff
43353,8810f58829fffff
43354,8810f09093fffff
43355,8810f68dc5fffff
43356,8810f04993fffff
43357,8810f08017fffff
43358,8810f4c12dfffff
43359,8810f6036bfffff
43360,8810f48f01fffff
43361,8810f46d91fffff
43362,8810f6176bfffff
43363,8810f55ab5fffff
43364,8810f04b41fffff
43365,8810f08cbbfffff
43366,88101b4ad9fffff
43367,8810f4ceabfffff
43368,8810f4d151fffff
43369,8810f40b43fffff
43370,8810f41aebfffff
43371,8810f40285fffff
43372,88101b0b05fffff
43373,88101a688bfffff
43374,8810f62dc5fffff
43375,8810a92711fffff
43376,8810f545c7fffff
43377,8810f46233fffff
43378,8810f29249fffff
43379,8810f295b1fffff
43380,8810f6b8a9fffff
43381,8810f456e7fffff
43382,8810f458adfffff
43383,8810f548dbfffff
43384,8810f63b0bfffff
43385,8810f4610bfffff
43386,8810f55413fffff
43387,8810f08d91fffff
43388,8810f0d1edfffff
43389,8810f40f13fffff
43390,8810a93883fffff
43391,88101b2d39fffff
43392,8810f5c1b3fffff
43393,8810f4d627fffff
43394,8810f298d5fffff
43395,8810f43293fffff
43396,8810f5449dfffff
43397,8810f69829fffff
43398,8810f42817fffff
43399,8810f08259fffff
43400,8810f4c2edfffff
43401,8810f5124dfffff
43402,8810f6a1abfffff
43403,8810f5d051fffff
43404,88101b769dfffff
43405,8810f6b96bfffff
43406,8810f08a07fffff
43407,8810f4198dfffff
43408,8810a9a593fffff
43409,8810a92181fffff
43410,8810f6c327fffff
43411,8810a9753dfffff
43412,8810f4031bfffff
43413,8810f6014bfffff
43414,8810f081e7fffff
43415,8810f68c43fffff
43416,8810a938e9fffff
43417,8810f44d53fffff
43418,8810f54089fffff
43419,8810f6d459fffff
43420,8810f4b32bfffff
43421,8810f54225fffff
43422,8810f4d9b5fffff
43423,8810f4685bfffff
43424,8810f44e25fffff
43425,8810f6acbdfffff
43426,8810f0da41fffff
43427,8810f416e9fffff
43428,8810f0d095fffff
43429,8810f40b55fffff
43430,8810f559c7fffff
43431,8810f451a9fffff
43432,8810f46cc7fffff
43433,8810f420c7fffff
43434,8810f4cd5bfffff
43435,8810f68a5bfffff
43436,8810f0d743fffff
43437,8810f6aca1fffff
43438,8810f6a753fffff
43439,8810f5d983fffff
43440,8810f6a13bfffff
43441,8810f42cdbfffff
43442,8810f502e9fffff
43443,8810f69533fffff
43444,8810f5d639fffff
43445,88101b78bdfffff
43446,8810f4c993fffff
43447,8810f59123fffff
43448,8810f05025fffff
43449,8810f0ba31fffff
43450,8810f416d9fffff
43451,8810f546dbfffff
43452,8810f5c5a7fffff
43453,8810f48d5dfffff
43454,8810f44a11fffff
43455,8810f29687fffff
43456,8810f48a81fffff
43457,88101b7221fffff
43458,8810f0ce65fffff
43459,8810f58017fffff
43460,8810f55605fffff
43461,8810f5554bfffff
43462,8810f589c5fffff
43463,8810f62cd1fffff
43464,8810a961d5fffff
43465,8810f438c9fffff
43466,8810f42d53fffff
43467,88101b7931fffff
43468,8810f4a129fffff
43469,8810f43695fffff
43470,8810f676c7fffff
43471,8810f54b01fffff
43472,8810f6c13bfffff
43473,8810f6d551fffff
43474,8810f44f45fffff
43475,8810f4a74bfffff
43476,8810f0bb2bfffff
43477,8810a96639fffff
43478,8810f4a733fffff
43479,8810f43613fffff
43480,8810f5ccebfffff
43481,8810f4a301fffff
43482,8810f5980bfffff
43483,88101b64b5fffff
43484,8810f0875dfffff
43485,8810f59187fffff
43486,8810f4649bfffff
43487,8810f0cc37fffff
43488,8810f55015fffff
43489,8810f5d5e5fffff
43490,8810f510d9fffff
43491,8810f2986dfffff
43492,8810f0d5b9fffff
43493,8810f4309bfffff
43494,8810f5d5cbfffff
43495,88101b6207fffff
43496,8810f59657fffff
43497,8810f4ca3bfffff
43498,8810a97465fffff
43499,8810f6a1a7fffff
43500,8810f0b251fffff
43501,8810f42755fffff
43502,8810f294b3fffff
43503,8810a9380bfffff
43504,8810f4021dfffff
43505,8810f5cde9fffff
43506,8810f698d5fffff
43507,88101b09d9fffff
43508,8810f46b23fffff
43509,8810f6d14dfffff
43510,8810f5c527fffff
43511,8810f4aa05fffff
43512,8810f68a01fffff
43513,8810f44693fffff
43514,8810f6144bfffff
43515,8810f682cbfffff
43516,8810f4251dfffff
43517,8810f688bdfffff
43518,8810a9209bfffff
43519,8810f45163fffff
43520,8810a969d9fffff
43521,8810f6186dfffff
43522,8810f6bacdfffff
43523,8810f544edfffff
43524,8810f40ce7fffff
43525,8810f04a6bfffff
43526,8810f0154bfffff
43527,8810f01351fffff
43528,8810f42131fffff
43529,8810f46809fffff
43530,8810f4392bfffff
43531,8810a92c87fffff
43532,8810f29b11fffff
43533,8810f40ddbfffff
43534,8810f4d695fffff
43535,8810f58a2bfffff
43536,8810f4c6d7fffff
43537,8810f66539fffff
43538,8810f60a3dfffff
43539,8810f62033fffff
43540,8810f5174dfffff
43541,8810f0b145fffff
43542,8810f08e51fffff
43543,8810f4c6cdfffff
43544,8810f048d1fffff
43545,8810f691b3fffff
43546,88101b690bfffff
43547,8810f08937fffff
43548,8810f60acdfffff
43549,8810f424c3fffff
43550,8810f0caddfffff
43551,8810f48da7fffff
43552,8810f6a315fffff
43553,8810f6aab9fffff
43554,8810f292d7fffff
43555,8810f051c5fffff
43556,8810f09981fffff
43557,8810f5d5b5fffff
43558,8810f4c2e5fffff
43559,8810f286c9fffff
43560,8810f082cbfffff
43561,8810f60189fffff
43562,8810f44f69fffff
43563,8810f50051fffff
43564,8810f5c365fffff
43565,8810f688e3fffff
43566,8810f624b7fffff
43567,8810f5d40dfffff
43568,8810f42051fffff
43569,8810f6274bfffff
43570,8810f08c31fffff
43571,8810f4a85dfffff
43572,8810f664b5fffff
43573,8810f08b43fffff
43574,8810f09b3bfffff
43575,8810f5d263fffff
43576,8810f29407fffff
43577,8810f01315fffff
43578,8810f45481fffff
43579,8810f6163dfffff
43580,88101a6533fffff
43581,8810f4cd33fffff
43582,8810f0923dfffff
43583,8810f445bdfffff
43584,8810f636bbfffff
43585,88101b769bfffff
43586,8810f4b8c3fffff
43587,8810f05a19fffff
43588,8810f4a899fffff
43589,8810f4d00bfffff
43590,8810f5c5d7fffff
43591,8810f435c3fffff
43592,8810f6802bfffff
43593,8810f48d91fffff
43594,8810f4b6e7fffff
43595,8810f0bb13fffff
43596,8810f6c329fffff
43597,8810f68535fffff
43598,8810f46417fffff
43599,8810f51069fffff
43600,8810f08685fffff
43601,8810f4b685fffff
43602,8810f6aaa1fffff
43603,8810f0bb51fffff
43604,8810f5cd4bfffff
43605,8810f6c205fffff
43606,8810f4ad65fffff
43607,8810f55923fffff
43608,8810f5ba69fffff
43609,8810a97427fffff
43610,8810f4731bfffff
43611,8810f5d763fffff
43612,8810f4cc13fffff
43613,8810f48e87fffff
43614,8810f6b493fffff
43615,8810a92d4bfffff
43616,8810f45729fffff
43617,8810f09841fffff
43618,8810f589cdfffff
43619,8810f6a6c3fffff
43620,8810f09891fffff
43621,8810f4a539fffff
43622,88101b7b49fffff
43623,8810f6ba99fffff
43624,8810f0b033fffff
43625,8810f5c5c7fffff
43626,8810f47447fffff
43627,8810f0d6a9fffff
43628,8810f01251fffff
43629,8810f46c41fffff
43630,8810f40cd5fffff
43631,8810f43767fffff
43632,8810f0d611fffff
43633,8810a9676dfffff
43634,8810f50231fffff
43635,8810f6c2a3fffff
43636,8810f5c18bfffff
43637,8810f6baedfffff
43638,88101b009bfffff
43639,8810f6d253fffff
43640,8810f0ab05fffff
43641,88101b633dfffff
43642,88101b0d55fffff
43643,8810f6d307fffff
43644,8810f45209fffff
43645,8810f6c255fffff
43646,8810a92465fffff
43647,8810f5dab5fffff
43648,8810f58e83fffff
43649,8810f6c551fffff
43650,8810f66c57fffff
43651,8810f09437fffff
43652,8810f09a19fffff
43653,8810f51a25fffff
43654,8810f58c21fffff
43655,8810f582c1fffff
43656,8810f47317fffff
43657,8810f6dad9fffff
43658,88101b6697fffff
43659,8810f6ae35fffff
43660,8810f40b25fffff
43661,8810f0da01fffff
43662,8810f41593fffff
43663,8810f05253fffff
43664,88101b44bbfffff
43665,8810f4a715fffff
43666,8810a96e5dfffff
43667,88101b00a7fffff
43668,8810f55613fffff
43669,8810f2904bfffff
43670,8810f01191fffff
43671,8810f0c485fffff
43672,8810f630d3fffff
43673,8810f54539fffff
43674,8810f28015fffff
43675,8810f665a5fffff
43676,8810f6b75dfffff
43677,8810a92911fffff
43678,88101b2929fffff
43679,8810f4bb45fffff
43680,8810f43aedfffff
43681,88101b66bbfffff
43682,8810f43a3bfffff
43683,8810f45085fffff
43684,8810f6618bfffff
43685,8810f44b65fffff
43686,8810f440d1fffff
43687,8810f63821fffff
43688,8810f05861fffff
43689,8810f6a539fffff
43690,8810f550b7fffff
43691,8810f44e89fffff
43692,8810f409d5fffff
43693,8810f68b47fffff
43694,8810f0c76dfffff
43695,8810f5ba67fffff
43696,8810f55b3bfffff
43697,8810f6010bfffff
43698,88101b741bfffff
43699,8810f4c89bfffff
43700,8810f631c9fffff
43701,8810f0c6a9fffff
43702,8810f69a17fffff
43703,8810f45b35fffff
43704,8810f05611fffff
43705,8810f598e7fffff
43706,8810f6a5e7fffff
43707,88101b41e7fffff
43708,8810f6059dfffff
43709,8810f41093fffff
43710,8810f676d3fffff
43711,8810f63291fffff
43712,8810f45821fffff
43713,8810f28021fffff
43714,8810f0b8bdfffff
43715,8810f6cf47fffff
43716,88101b01abfffff
43717,8810f62f39fffff
43718,8810f4398bfffff
43719,88101b78e7fffff
43720,8810f44151fffff
43721,8810f481a9fffff
43722,8810f4594bfffff
43723,8810f589abfffff
43724,88101b7ae3fffff
43725,8810f049ddfffff
43726,8810f6b419fffff
43727,8810f4b2a7fffff
43728,8810f50933fffff
43729,8810f50a4bfffff
43730,8810f60a9dfffff
43731,8810f40e41fffff
43732,8810f4af5bfffff
43733,8810f40a89fffff
43734,8810f6d2cbfffff
43735,8810a92b59fffff
43736,8810f62595fffff
43737,8810f5d351fffff
43738,8810f6d53bfffff
43739,8810f40a9dfffff
43740,8810f5d507fffff
43741,8810f4571bfffff
43742,8810f0c20bfffff
43743,8810f54b43fffff
43744,88101b7443fffff
43745,8810f4a83dfffff
43746,8810f4a29dfffff
43747,8810f62e0bfffff
43748,8810f4c6bdfffff
43749,88101b08d7fffff
43750,8810f4023dfffff
43751,8810f6a76dfffff
43752,8810f68315fffff
43753,88101b6c97fffff
43754,8810f4a519fffff
43755,8810f08d93fffff
43756,8810f0c853fffff
43757,8810f080c9fffff
43758,8810f62467fffff
43759,8810f4b361fffff
43760,8810f6d357fffff
43761,8810f05985fffff
43762,8810f47501fffff
43763,8810f5b96bfffff
43764,88101b4e95fffff
43765,8810f42715fffff
43766,8810f282c7fffff
43767,88101b7a21fffff
43768,8810f58147fffff
43769,8810f4c1ddfffff
43770,88101b6857fffff
43771,8810f48e07fffff
43772,8810f0c957fffff
43773,8810f42981fffff
43774,8810f4d593fffff
43775,8810f622edfffff
43776,8810a92755fffff
43777,8810f0bb41fffff
43778,8810f08693fffff
43779,8810f69401fffff
43780,8810f6b351fffff
43781,8810f09133fffff
43782,8810f440e5fffff
43783,88101b70c3fffff
43784,8810f47683fffff
43785,8810f04a25fffff
43786,8810a9203dfffff
43787,8810f6a4ddfffff
43788,8810f05b19fffff
43789,8810f63525fffff
43790,8810a96c61fffff
43791,8810f010a9fffff
43792,8810f6a493fffff
43793,8810f58ecbfffff
43794,8810f41ab1fffff
43795,8810f40d4bfffff
43796,8810a9761dfffff
43797,8810f0519bfffff
43798,8810f47303fffff
43799,8810f49919fffff
43800,8810f04925fffff
43801,8810f6acc7fffff
43802,8810f4030bfffff
43803,8810f0dac1fffff
43804,8810f5cd93fffff
43805,8810a92853fffff
43806,8810f62e69fffff
43807,8810f296b9fffff
43808,88101b0b67fffff
43809,8810f6b837fffff
43810,8810f498abfffff
43811,8810f05303fffff
43812,8810f0c40bfffff
43813,8810a965dbfffff
43814,88101b0addfffff
43815,8810f6ba05fffff
43816,88101a6f11fffff
43817,8810f0d205fffff
43818,8810f510ebfffff
43819,8810f08c6bfffff
43820,8810a974adfffff
43821,8810a929b9fffff
43822,8810f6a15dfffff
43823,8810f6ba41fffff
43824,8810f4292bfffff
43825,8810a92735fffff
43826,8810f08c11fffff
43827,8810a90c9dfffff
43828,88101b79edfffff
43829,8810f5911dfffff
43830,8810f50149fffff
43831,8810f5d413fffff
43832,8810f6b707fffff
43833,8810f5d6e1fffff
43834,8810f01b57fffff
43835,8810f43005fffff
43836,8810f08487fffff
43837,8810f5c537fffff
43838,8810f42a27fffff
43839,8810f50019fffff
43840,8810f4628dfffff
43841,8810f4c1b9fffff
43842,8810f5832dfffff
43843,8810f4846bfffff
43844,8810f0d06dfffff
43845,8810f4b1d5fffff
43846,8810f4c8e1fffff
43847,8810f0c345fffff
43848,8810f46ae3fffff
43849,8810f48e65fffff
43850,8810f40d09fffff
43851,8810f46a19fffff
43852,8810f51135fffff
43853,8810f68c01fffff
43854,8810f0dae1fffff
43855,8810f50f0dfffff
43856,8810f6c48dfffff
43857,8810f46ae7fffff
43858,8810f08525fffff
43859,8810f4772bfffff
43860,8810f09953fffff
43861,8810f0800bfffff
43862,8810f08615fffff
43863,8810f0c107fffff
43864,88101b0c35fffff
43865,8810f5124bfffff
43866,8810f54443fffff
43867,8810f580c9fffff
43868,8810f6d84bfffff
43869,8810a96eb5fffff
43870,8810f5d2c3fffff
43871,8810f6264dfffff
43872,8810f61233fffff
43873,8810f0514bfffff
43874,88101b7715fffff
43875,8810f08f35fffff
43876,8810f4a5cbfffff
43877,8810f6972bfffff
43878,8810f6ae0bfffff
43879,8810f519b3fffff
43880,88101b4ee9fffff
43881,8810f5d997fffff
43882,8810a96129fffff
43883,8810f5c50bfffff
43884,8810f6820bfffff
43885,8810f4a457fffff
43886,8810f588e3fffff
43887,8810f516e7fffff
43888,8810f470e9fffff
43889,8810f012c5fffff
43890,8810f4ae9dfffff
43891,8810a9656dfffff
43892,8810f4a609fffff
43893,8810f2863dfffff
43894,8810f08103fffff
43895,8810f54a35fffff
43896,8810a9646dfffff
43897,8810f4195bfffff
43898,8810f6030bfffff
43899,8810a964c3fffff
43900,8810a926c9fffff
43901,8810f4cc91fffff
43902,8810f54565fffff
43903,88101b6a65fffff
43904,8810f50a87fffff
43905,8810f59b65fffff
43906,8810f40081fffff
43907,8810f50ad9fffff
43908,8810f6b1d9fffff
43909,8810f6c043fffff
43910,8810f08e33fffff
43911,8810f059dbfffff
43912,8810f419c3fffff
43913,8810f4c611fffff
43914,88101b0f33fffff
43915,8810f45161fffff
43916,8810f46151fffff
43917,8810f0154dfffff
43918,88101b474bfffff
43919,8810f08adbfffff
43920,8810f51055fffff
43921,8810f46135fffff
43922,8810f48b2bfffff
43923,8810f0ba01fffff
43924,8810f5003bfffff
43925,8810f6329bfffff
43926,8810f28115fffff
43927,8810f09663fffff
43928,88101b66a1fffff
43929,8810f098ddfffff
43930,8810f5da39fffff
43931,8810f486a5fffff
43932,8810f5993dfffff
43933,88101b6329fffff
43934,8810f43093fffff
43935,88101b69d7fffff
43936,8810f54359fffff
43937,8810aba43bfffff
43938,8810f6d62bfffff
43939,8810f54943fffff
43940,8810f6b327fffff
43941,8810f68cc3fffff
43942,8810f51aabfffff
43943,8810a9768dfffff
43944,8810f4cd15fffff
43945,8810f4cc8dfffff
43946,88101b6443fffff
43947,8810f29663fffff
43948,8810f5da2bfffff
43949,8810f624c9fffff
43950,8810f4a515fffff
43951,8810f0c445fffff
43952,8810f40923fffff
43953,8810f281cdfffff
43954,8810f29b31fffff
43955,8810f0c9edfffff
43956,8810f488a1fffff
43957,8810f55427fffff
43958,8810f08353fffff
43959,8810f66589fffff
43960,8810f61293fffff
43961,8810f0908bfffff
43962,8810f6b431fffff
43963,8810f66459fffff
43964,8810f5ced3fffff
43965,8810f4554bfffff
43966,8810f696d3fffff
43967,88101b75d1fffff
43968,8810f54683fffff
43969,8810f556c3fffff
43970,8810f54417fffff
43971,8810f4886dfffff
43972,8810f598d3fffff
43973,8810f62de5fffff
43974,8810f456b7fffff
43975,8810f2988bfffff
43976,88101b0199fffff
43977,8810f69845fffff
43978,8810a96509fffff
43979,88101b463bfffff
43980,8810f0cd43fffff
43981,8810f4d507fffff
43982,8810f44ed9fffff
43983,8810f48aa5fffff
43984,8810f54737fffff
43985,8810f5c4cbfffff
43986,8810f002a3fffff
43987,8810f412abfffff
43988,8810f08169fffff
43989,88101b749bfffff
43990,8810f0849dfffff
43991,8810f091d3fffff
43992,8810aba655fffff
43993,8810f0c647fffff
43994,8810f51711fffff
43995,88101b0dd7fffff
43996,88101b6ed9fffff
43997,8810f44e4bfffff
43998,8810f4a69bfffff
43999,8810a9251dfffff
44000,8810f618e7fffff
44001,8810f402b5fffff
44002,8810f48199fffff
44003,8810f4d5edfffff
44004,8810f6a14dfffff
44005,88101b0ca5fffff
44006,8810f58ac3fffff
44007,88101b79e7fffff
44008,8810f67581fffff
44009,8810f5505dfffff
44010,8810f5c6bbfffff
44011,8810a936cbfffff
44012,8810f5c6d9fffff
44013,8810f664edfffff
44014,8810f4303dfffff
44015,8810f6229dfffff
44016,8810f5c825fffff
44017,8810f581b7fffff
44018,8810f6c5d9fffff
44019,8810f08723fffff
44020,8810f09107fffff
44021,8810f48c17fffff
44022,8810f63743fffff
44023,8810f6aad5fffff
44024,8810f665c7fffff
44025,8810f489e5fffff
44026,8810f28331fffff
44027,8810f542a1fffff
44028,8810f0b2ebfffff
44029,8810f5833bfffff
44030,8810f4d8c5fffff
44031,8810f28765fffff
44032,8810f05139fffff
44033,8810f43489fffff
44034,8810f460b5fffff
44035,8810f46469fffff
44036,88101b6a6dfffff
44037,8810f42ca9fffff
44038,8810f49953fffff
44039,8810f61453fffff
44040,8810f4ad67fffff
44041,8810f6025dfffff
44042,8810f052c3fffff
44043,8810a92855fffff
44044,8810f69205fffff
44045,8810f554ddfffff
44046,88101b0f4dfffff
44047,8810f63407fffff
44048,8810f0d289fffff
44049,8810f4b933fffff
44050,8810f428cbfffff
44051,88101b0835fffff
44052,8810f5d21bfffff
44053,8810f44707fffff
44054,88101a6c53fffff
44055,8810f4b4c1fffff
44056,8810f466b7fffff
44057,8810f6b84dfffff
44058,88101b4cc1fffff
44059,8810f0b9e7fffff
44060,8810f5d591fffff
44061,8810f0d54dfffff
44062,8810f5c0a5fffff
44063,8810f5902dfffff
44064,8810f54123fffff
44065,8810f4474dfffff
44066,8810f0c601fffff
44067,8810f295e3fffff
44068,8810f58137fffff
44069,88101b2de3fffff
44070,88101b6adbfffff
44071,8810f0b0e3fffff
44072,8810f624c7fffff
44073,8810f01b2dfffff
44074,8810f5088bfffff
44075,8810f0c6c7fffff
44076,8810f485d9fffff
44077,88101b0cddfffff
44078,8810f6b6c7fffff
44079,8810f59837fffff
44080,8810f6c899fffff
44081,8810f46aadfffff
44082,8810f4b08bfffff
44083,8810f60155fffff
44084,8810f4c059fffff
44085,8810f51a5dfffff
44086,88101b6d67fffff
44087,8810f5d717fffff
44088,8810f664b9fffff
44089,8810f0d259fffff
44090,8810f4b867fffff
44091,88101b7599fffff
44092,8810f40cadfffff
44093,88101b469bfffff
44094,8810f42057fffff
44095,8810f0525dfffff
44096,8810f4a9ebfffff
44097,8810f54f0bfffff
44098,8810f6d147fffff
44099,8810a924c7fffff
44100,8810f46dc5fffff
44101,8810f46c3bfffff
44102,8810f4414dfffff
44103,8810f4ce6bfffff
44104,8810f4d2e7fffff
44105,8810f0c8e1fffff
44106,8810f6b9b9fffff
44107,8810f42da9fffff
44108,8810f45ab7fffff
44109,8810f0ce01fffff
44110,8810f5d551fffff
44111,8810f41601fffff
44112,8810f6b09bfffff
44113,88101b6debfffff
44114,8810f66591fffff
44115,8810a966abfffff
44116,8810a964c9fffff
44117,8810f0c2a7fffff
44118,8810f57229fffff
44119,8810f0cab1fffff
44120,8810f08807fffff
44121,8810f54f69fffff
44122,8810f09719fffff
44123,8810f48d05fffff
44124,8810f5984bfffff
44125,8810f4606bfffff
44126,8810f5022bfffff
44127,8810f09a47fffff
44128,8810f6d501fffff
44129,8810f4633dfffff
44130,8810a9268dfffff
44131,8810a92d5dfffff
44132,8810f5734dfffff
44133,8810f4582bfffff
44134,88101b6151fffff
44135,8810f0bb35fffff
44136,8810f051cbfffff
44137,8810f5d485fffff
44138,88101b4c49fffff
44139,8810f05881fffff
44140,8810f546d9fffff
44141,8810f67595fffff
44142,88101b49a3fffff
44143,8810f4adcbfffff
44144,8810f59b21fffff
44145,8810f6b23dfffff
44146,8810f68127fffff
44147,8810f41327fffff
44148,88101b740dfffff
44149,8810f45927fffff
44150,8810f298d9fffff
44151,8810a96093fffff
44152,8810f6a95bfffff
44153,8810f45b1dfffff
44154,8810f425bdfffff
44155,8810f614a5fffff
44156,8810f43537fffff
44157,8810f616ddfffff
44158,8810f4d4cdfffff
44159,88101b013bfffff
44160,8810f4c8dbfffff
44161,8810f08ce7fffff
44162,8810f4211dfffff
44163,8810f664ddfffff
44164,8810f048e1fffff
44165,8810f5552dfffff
44166,8810a938c3fffff
44167,8810f44601fffff
44168,8810f66521fffff
44169,8810f470adfffff
44170,8810a93121fffff
44171,8810f01619fffff
44172,8810f499dbfffff
44173,8810f46eebfffff
44174,8810f48f31fffff
44175,8810f60ce1fffff
44176,8810f47b5dfffff
44177,8810f0b109fffff
44178,8810f6d197fffff
44179,8810f01151fffff
44180,8810f6a005fffff
44181,88101b29a3fffff
44182,8810a92109fffff
44183,8810f4b719fffff
44184,8810f4042bfffff
44185,8810a96e03fffff
44186,8810f42161fffff
44187,8810f68517fffff
44188,8810f4a643fffff
44189,8810f44c61fffff
44190,8810f4b89dfffff
44191,8810f6c219fffff
44192,8810f59957fffff
44193,8810f478d1fffff
44194,8810aba431fffff
44195,8810f6319bfffff
44196,8810f44ca7fffff
44197,8810f5803dfffff
44198,8810f5db3bfffff
44199,8810f62e0dfffff
44200,8810f6d863fffff
44201,88101b766dfffff
44202,8810f08187fffff
44203,88101b0c39fffff
44204,8810f51229fffff
44205,8810f519c7fffff
44206,8810f619a1fffff
44207,8810f448e9fffff
44208,8810f635e5fffff
44209,88101a6c1bfffff
44210,8810a93681fffff
44211,8810f43195fffff
44212,8810f01961fffff
44213,8810f46247fffff
44214,8810f4b341fffff
44215,8810f5c685fffff
44216,8810f484d5fffff
44217,8810f5ca41fffff
44218,8810f0c4a9fffff
44219,8810f68de3fffff
44220,8810f400d5fffff
44221,8810f46ac1fffff
44222,8810f4a425fffff
44223,8810f499d7fffff
44224,8810f4c501fffff
44225,8810f425e9fffff
44226,8810f4bb69fffff
44227,8810f54aa7fffff
44228,88101b0dc7fffff
44229,8810f412ebfffff
44230,8810f0d6ddfffff
44231,88101b6c25fffff
44232,8810f0894dfffff
44233,8810f4a213fffff
44234,8810a93ab3fffff
44235,8810f584e3fffff
44236,8810f63529fffff
44237,8810a966dbfffff
44238,8810f68083fffff
44239,8810f4b0e7fffff
44240,8810f4d141fffff
44241,8810f54653fffff
44242,8810f4650bfffff
44243,8810aba619fffff
44244,8810a93b31fffff
44245,8810f68629fffff
44246,8810f0d4c5fffff
44247,8810f6aed1fffff
44248,88101b0ee7fffff
44249,8810f4648bfffff
44250,8810f60eb9fffff
44251,8810f08923fffff
44252,8810f05525fffff
44253,8810f58d31fffff
44254,8810f55ad9fffff
44255,8810f42e31fffff
44256,8810f4c4a3fffff
44257,88101b6935fffff
44258,8810f54f11fffff
44259,8810f449e3fffff
44260,8810f42d9bfffff
44261,8810f44a31fffff
44262,8810f0c347fffff
44263,88101b6c69fffff
44264,8810f691d1fffff
44265,8810f5c143fffff
44266,8810f62cb7fffff
44267,8810f46a09fffff
44268,8810a9293dfffff
44269,8810f6b223fffff
44270,8810f54941fffff
44271,8810f6014dfffff
44272,8810f4818dfffff
44273,8810f50357fffff
44274,8810f51947fffff
44275,8810f0916dfffff
44276,8810f4a731fffff
44277,8810f4b44dfffff
44278,8810f58f63fffff
44279,8810f41a8dfffff
44280,8810f680c3fffff
44281,8810f6b119fffff
44282,8810f44eadfffff
44283,8810f0588bfffff
44284,8810f581a3fffff
44285,8810f4a917fffff
44286,8810f435ebfffff
44287,8810f084c7fffff
44288,8810f5c081fffff
44289,8810f4005dfffff
44290,8810f5954bfffff
44291,8810f54e15fffff
44292,8810f08955fffff
44293,8810f59569fffff
44294,8810f47769fffff
44295,8810f080b1fffff
44296,8810f08415fffff
44297,8810a922d9fffff
44298,8810f48a8dfffff
44299,8810f62067fffff
44300,8810f62cc1fffff
44301,8810f44d03fffff
44302,8810f5d24bfffff
44303,8810f40c8dfffff
44304,8810f661a1fffff
44305,8810f4458bfffff
44306,8810f4b155fffff
44307,8810f45103fffff
44308,88101b6da9fffff
44309,8810f5c1cbfffff
44310,8810f43615fffff
44311,8810f4a1c5fffff
44312,8810f4a203fffff
44313,8810f43913fffff
44314,8810f69885fffff
44315,8810f69563fffff
44316,8810f69899fffff
44317,8810f46d93fffff
44318,8810f588dbfffff
44319,88101a68d5fffff
44320,8810f414c5fffff
44321,8810f0425bfffff
44322,8810f6868dfffff
44323,8810f40969fffff
44324,8810f49b55fffff
44325,8810f011ddfffff
44326,8810f012abfffff
44327,8810f62123fffff
44328,8810f44463fffff
44329,8810f55713fffff
44330,8810a96601fffff
44331,8810a92b5bfffff
44332,8810f63233fffff
44333,8810f4ca03fffff
44334,8810f432c9fffff
44335,88101b68c1fffff
44336,8810f0121bfffff
44337,8810f0aa43fffff
44338,8810f459b5fffff
44339,8810f419d3fffff
44340,8810f46e81fffff
44341,88101b7649fffff
44342,8810f0c539fffff
44343,8810f5c88dfffff
44344,8810f42a85fffff
44345,8810f41731fffff
44346,8810f46005fffff
44347,88101b705dfffff
44348,8810a92ca5fffff
44349,8810f6bb39fffff
44350,8810f6204dfffff
44351,8810f28641fffff
44352,8810f68eb3fffff
44353,8810f48493fffff
44354,88101b6ae3fffff
44355,8810f4799bfffff
44356,8810f46213fffff
44357,8810f5840dfffff
44358,8810f5c01dfffff
44359,8810f0862dfffff
44360,8810f6611bfffff
44361,8810f69039fffff
44362,8810f6c05bfffff
44363,88101b0a91fffff
44364,8810f0b819fffff
44365,88101b601bfffff
44366,8810f0c191fffff
44367,8810f61863fffff
44368,8810f0d223fffff
44369,8810f4b485fffff
44370,88101b676bfffff
44371,8810f052e7fffff
44372,8810f502dbfffff
44373,8810f46acbfffff
44374,8810f40495fffff
44375,8810f47a17fffff
44376,88101a6e37fffff
44377,8810a974ebfffff
44378,8810f082d3fffff
44379,88101b7839fffff
44380,88101a6ec1fffff
44381,8810f51709fffff
44382,8810f6388bfffff
44383,8810f295a9fffff
44384,8810f5000dfffff
44385,8810f5c28bfffff
44386,8810f546bdfffff
44387,8810f50267fffff
44388,8810f5c9cdfffff
44389,8810f6b995fffff
44390,8810f47005fffff
44391,88101b6d69fffff
44392,8810f5c34bfffff
44393,8810f5458bfffff
44394,8810f41927fffff
44395,8810f66ce1fffff
44396,88101b6a1bfffff
44397,8810f28029fffff
44398,8810f42691fffff
44399,8810f04363fffff
44400,8810f4341dfffff
44401,8810f6900dfffff
44402,8810f5c8a1fffff
44403,8810f61349fffff
44404,8810f665e9fffff
44405,8810f62ca7fffff
44406,8810f4c967fffff
44407,8810f5bb35fffff
44408,8810f4cc81fffff
44409,8810f546ddfffff
44410,8810f4385dfffff
44411,8810a97641fffff
44412,8810f50a03fffff
44413,8810f28a59fffff
44414,8810f61763fffff
44415,8810f294d3fffff
44416,88101b64bbfffff
44417,88101b49d7fffff
44418,8810f6a6c9fffff
44419,8810f0c687fffff
44420,8810f6a213fffff
44421,8810f5bb03fffff
44422,8810f6b22dfffff
44423,8810f6d527fffff
44424,8810f2831dfffff
44425,8810f68067fffff
44426,8810f58097fffff
44427,8810f42e03fffff
44428,8810f40ea7fffff
44429,8810f4185dfffff
44430,8810f4411dfffff
44431,8810f09283fffff
44432,8810f4124dfffff
44433,8810f09ab7fffff
44434,8810f48f63fffff
44435,8810f698ddfffff
44436,8810f4436dfffff
44437,8810f63559fffff
44438,8810f0159bfffff
44439,8810f4d443fffff
44440,8810f548adfffff
44441,8810f582bbfffff
44442,8810f69017fffff
44443,88101b7195fffff
44444,8810f681b3fffff
44445,88101b6547fffff
44446,8810f04845fffff
44447,8810f6b81bfffff
44448,8810a938cdfffff
44449,8810f48141fffff
44450,8810f5410dfffff
44451,88101b7acdfffff
44452,88101b0ab3fffff
44453,8810f0905dfffff
44454,8810f0c927fffff
44455,8810f6b167fffff
44456,8810f09727fffff
44457,8810f51631fffff
44458,8810f54a55fffff
44459,8810f42ec1fffff
44460,8810f68c25fffff
44461,8810f4c4e3fffff
44462,8810f459ddfffff
44463,8810f54505fffff
44464,8810f50d0dfffff
44465,88101b7359fffff
44466,8810f0ce81fffff
44467,8810f585d1fffff
44468,8810f691d7fffff
44469,8810a9660bfffff
44470,8810f50aa7fffff
44471,8810f000cdfffff
44472,8810f44331fffff
44473,8810f08085fffff
44474,8810f5c487fffff
44475,88101b7125fffff
44476,8810f44c4bfffff
44477,8810f4119dfffff
44478,8810f286a3fffff
44479,8810f696a7fffff
44480,8810f54d07fffff
44481,8810f55311fffff
44482,8810f58333fffff
44483,88101b62c5fffff
44484,88101a6ce9fffff
44485,88101b569dfffff
44486,8810f6761dfffff
44487,88101b052dfffff
44488,8810f04a5bfffff
44489,8810f40e39fffff
44490,8810f0499dfffff
44491,8810f4ba03fffff
44492,8810f66c4bfffff
44493,8810f51663fffff
44494,88101b45d9fffff
44495,8810a925e5fffff
44496,88101b0a99fffff
44497,8810a93a57fffff
44498,8810f61b17fffff
44499,8810f5d203fffff
44500,8810f01121fffff
44501,8810f5c641fffff
44502,8810f0ba39fffff
44503,8810a92d8bfffff
44504,88101b0107fffff
44505,8810f55681fffff
44506,8810f5975bfffff
44507,8810f66021fffff
44508,8810f04223fffff
44509,8810f45411fffff
44510,8810f5580bfffff
44511,88101b0a3bfffff
44512,88101b050bfffff
44513,88101b4ee1fffff
44514,8810f5d433fffff
44515,8810f4cdd3fffff
44516,8810f511c1fffff
44517,8810f4b111fffff
44518,8810f42aabfffff
44519,8810f61691fffff
44520,8810f6b267fffff
44521,8810f01b1dfffff
44522,8810f44e51fffff
44523,8810f454bbfffff
44524,8810f6c313fffff
44525,8810f51b5dfffff
44526,88101a6ed1fffff
44527,8810f0cd4bfffff
44528,8810f0d6a7fffff
44529,8810f4045dfffff
44530,8810f69621fffff
44531,8810f55a69fffff
44532,8810f63443fffff
44533,8810f42de1fffff
44534,88101b718bfffff
44535,8810f4696bfffff
44536,8810f46583fffff
44537,8810f446e1fffff
44538,8810f0c69dfffff
44539,8810f5c263fffff
44540,88101b74c7fffff
44541,8810a938e1fffff
44542,8810f6b66dfffff
44543,8810f5cac9fffff
44544,8810f44d39fffff
44545,8810f69869fffff
44546,8810f44927fffff
44547,8810f66e11fffff
44548,8810f66e69fffff
44549,8810f60b41fffff
44550,88101b76a1fffff
44551,8810f6d659fffff
44552,8810f4d0bdfffff
44553,88101b6b05fffff
44554,8810f488e3fffff
44555,8810f4a521fffff
44556,8810f55543fffff
44557,8810a96191fffff
44558,8810f2905dfffff
44559,8810a93995fffff
44560,8810a962e7fffff
44561,8810f0ab61fffff
44562,8810f0ce21fffff
44563,8810f63b5dfffff
44564,8810f0d745fffff
44565,88101b470dfffff
44566,8810f4b229fffff
44567,8810f5c6d1fffff
44568,8810a96021fffff
44569,8810a9208bfffff
44570,88101b6cd7fffff
44571,8810f6a627fffff
44572,8810f54c07fffff
44573,8810f67617fffff
44574,8810f60b29fffff
44575,8810f0111dfffff
44576,8810f2833bfffff
44577,88101b3933fffff
44578,8810f4a6d3fffff
44579,8810f4c88bfffff
44580,8810f41699fffff
44581,8810f5115bfffff
44582,8810f42897fffff
44583,8810f05933fffff
44584,88101b0e4dfffff
44585,8810f4469dfffff
44586,88101b01e9fffff
44587,8810f50953fffff
44588,8810f0d6d9fffff
44589,8810a9744dfffff
44590,8810f544ebfffff
44591,88101b60d9fffff
44592,8810f440abfffff
44593,8810a92203fffff
44594,8810f59331fffff
44595,8810f6d001fffff
44596,8810f6a039fffff
44597,8810f59a63fffff
44598,8810f09607fffff
44599,8810a938b1fffff
44600,8810f28a8dfffff
44601,8810a92cdbfffff
44602,8810f5c8e7fffff
44603,8810f416ddfffff
44604,8810f0b263fffff
44605,8810f00703fffff
44606,8810f61095fffff
44607,8810f050c1fffff
44608,8810f4486dfffff
44609,8810f5d72dfffff
44610,8810f4d6edfffff
44611,8810f54c1bfffff
44612,88101b75c7fffff
44613,8810f4810bfffff
44614,8810f51331fffff
44615,8810f28563fffff
44616,8810f05529fffff
44617,8810f6ba69fffff
44618,8810f466dbfffff
44619,8810f449d9fffff
44620,8810f5176dfffff
44621,8810f542b9fffff
44622,8810f0da83fffff
44623,8810f4ba09fffff
44624,88101b0db3fffff
44625,8810f4a6a3fffff
44626,8810f6c0a3fffff
44627,88101b6141fffff
44628,8810f08e57fffff
44629,8810f46dd5fffff
44630,8810f54b21fffff
44631,8810f68f4dfffff
44632,8810f5d49dfffff
44633,8810f5834bfffff
44634,8810f09ac3fffff
44635,8810f6da37fffff
44636,88101b6591fffff
44637,8810f518bbfffff
44638,8810f6c6a9fffff
44639,8810f6354bfffff
44640,8810f0d345fffff
44641,88101b4c19fffff
44642,8810f46dddfffff
44643,8810f69a35fffff
44644,8810f6d519fffff
44645,8810f4b089fffff
44646,8810f41603fffff
44647,8810f686bdfffff
44648,8810f45a19fffff
44649,8810f4d4d9fffff
44650,8810f43b45fffff
44651,8810f28365fffff
44652,8810f45a6dfffff
44653,88101a6e0bfffff
44654,8810f4372bfffff
44655,8810f406e1fffff
44656,8810f696abfffff
44657,8810f58e55fffff
44658,8810f599b5fffff
44659,8810a96281fffff
44660,8810f0b351fffff
44661,8810aba6abfffff
44662,8810f41a9dfffff
44663,8810f4328bfffff
44664,8810f60499fffff
44665,8810f62eb1fffff
44666,8810f621cbfffff
44667,8810f4c15dfffff
44668,8810f4d2a7fffff
44669,8810f4ab2dfffff
44670,8810f54947fffff
44671,8810a9665bfffff
44672,8810f44083fffff
44673,8810f09307fffff
44674,88101b7989fffff
44675,8810f58357fffff
44676,8810f554a7fffff
44677,88101b41bbfffff
44678,8810f2b205fffff
44679,8810f000b9fffff
44680,8810f50221fffff
44681,8810f45a03fffff
44682,8810f545b7fffff
44683,8810f6b8bdfffff
44684,8810f628c3fffff
44685,8810f54139fffff
44686,8810f431e1fffff
44687,8810f54ec7fffff
44688,8810f42e37fffff
44689,8810f44209fffff
44690,8810a92233fffff
44691,8810f0c057fffff
44692,8810f6c51dfffff
44693,8810f62e17fffff
44694,8810a96f67fffff
44695,8810f5d0d1fffff
44696,8810f40e59fffff
44697,8810f6ada3fffff
44698,8810f4c10dfffff
44699,8810f5d505fffff
44700,8810f66c81fffff
44701,8810f61701fffff
44702,8810f49a27fffff
44703,8810f6b6edfffff
44704,8810f634e1fffff
44705,8810f0170bfffff
44706,8810f4a649fffff
44707,8810f2916dfffff
44708,8810f448a1fffff
44709,8810f5c6d5fffff
44710,8810f0ab49fffff
44711,8810f49b6bfffff
44712,8810f43807fffff
44713,8810f6a8ebfffff
44714,8810f0153dfffff
44715,8810f69009fffff
44716,8810f50295fffff
44717,8810a929e5fffff
44718,8810f4a05bfffff
44719,8810f43727fffff
44720,8810f5c16dfffff
44721,88101a6d5dfffff
44722,8810f545b5fffff
44723,8810f4513dfffff
44724,8810f0b169fffff
44725,8810f4a2bbfffff
44726,88101b6e01fffff
44727,8810f4ae81fffff
44728,8810f46e25fffff
44729,88101b09cbfffff
44730,8810f518c1fffff
44731,8810f66e2dfffff
44732,88101b0827fffff
44733,8810f429edfffff
44734,88101b5411fffff
44735,88101b4457fffff
44736,8810f05657fffff
44737,8810f41a07fffff
44738,8810f438d7fffff
44739,8810f40041fffff
44740,8810f66f45fffff
44741,8810f61ac9fffff
44742,8810f5c1adfffff
44743,8810a93845fffff
44744,8810f0d839fffff
44745,8810f418b9fffff
44746,8810f41ad7fffff
44747,8810f5d0c3fffff
44748,8810f690c1fffff
44749,8810f09539fffff
44750,8810f63855fffff
44751,8810f49995fffff
44752,8810f51827fffff
44753,8810a92ea1fffff
44754,8810f598d7fffff
44755,8810a976b3fffff
44756,8810f019d9fffff
44757,8810a92ec1fffff
44758,8810f089abfffff
44759,8810f4ca45fffff
44760,88101b60d3fffff
44761,8810f09747fffff
44762,8810f42abbfffff
44763,8810f08b45fffff
44764,8810f450a1fffff
44765,8810f444e7fffff
44766,8810f0cc05fffff
44767,88101b6607fffff
44768,8810f295ddfffff
44769,8810f5c599fffff
44770,8810f0d515fffff
44771,8810f0523bfffff
44772,8810f445adfffff
44773,88101b2b23fffff
44774,8810f6c1ddfffff
44775,8810f0bac5fffff
44776,8810a9265bfffff
44777,8810f41001fffff
44778,88101a6e57fffff
44779,8810f0c80dfffff
44780,8810f5530dfffff
44781,8810f69347fffff
44782,8810f4a053fffff
44783,8810a975d7fffff
44784,8810f449b3fffff
44785,8810f4bacdfffff
44786,8810f62a43fffff
44787,8810f05047fffff
44788,8810f4b0b5fffff
44789,8810f68287fffff
44790,8810f68f33fffff
44791,8810f45307fffff
44792,8810a935e7fffff
44793,88101b7433fffff
44794,8810f42f07fffff
44795,8810f01749fffff
44796,8810f0cf2bfffff
44797,8810f6af5dfffff
44798,8810f6a641fffff
44799,88101b0913fffff
44800,8810f01429fffff
44801,8810f510c9fffff
44802,8810f42095fffff
44803,8810f62b63fffff
44804,8810a96d6bfffff
44805,8810f6cf23fffff
44806,8810f0cc61fffff
44807,8810f51535fffff
44808,8810f08c27fffff
44809,8810f04929fffff
44810,88101b45d1fffff
44811,8810f5880dfffff
44812,8810f46751fffff
44813,8810f08869fffff
44814,88101b78d1fffff
44815,88101b4c15fffff
44816,8810f61267fffff
44817,88101b6d91fffff
44818,8810f4c363fffff
44819,8810f45831fffff
44820,8810f515cdfffff
44821,8810f446bdfffff
44822,8810f5d88dfffff
44823,8810f51b5bfffff
44824,8810f502d9fffff
44825,8810f4052bfffff
44826,8810f6c539fffff
44827,8810f4c745fffff
44828,8810f059e7fffff
44829,88101b6f4dfffff
44830,8810f6d2c9fffff
44831,8810f5c439fffff
44832,8810f6b2b5fffff
44833,88101b78e1fffff
44834,8810f63761fffff
44835,8810f54b4dfffff
44836,8810f0c58dfffff
44837,8810f42a13fffff
44838,8810f61041fffff
44839,8810f48acbfffff
44840,88101b6de9fffff
44841,8810f41a91fffff
44842,8810f66e9dfffff
44843,8810f68d91fffff
44844,8810f4aee1fffff
44845,8810f508e5fffff
44846,8810f4cd27fffff
44847,88101b092bfffff
44848,8810f60065fffff
44849,8810f555a7fffff
44850,8810f050b5fffff
44851,88101b290dfffff
44852,8810f0db53fffff
44853,8810f4b4adfffff
44854,8810a976a5fffff
44855,8810f46b0bfffff
44856,8810f66e5bfffff
44857,8810f60165fffff
44858,8810f54e53fffff
44859,8810f404a9fffff
44860,8810f62247fffff
44861,8810f631c3fffff
44862,8810f46c95fffff
44863,8810f680b5fffff
44864,8810f4c9bdfffff
44865,8810a92da9fffff
44866,8810a96e4dfffff
44867,8810f4d9e1fffff
44868,8810f40659fffff
44869,8810f688dbfffff
44870,88101b409dfffff
44871,8810f61001fffff
44872,8810f4501dfffff
44873,8810f4b6e5fffff
44874,8810f5cc29fffff
44875,8810f4149dfffff
44876,8810a922b9fffff
44877,88101b7adbfffff
44878,88101b2b3dfffff
44879,8810f47b11fffff
44880,8810f40addfffff
44881,8810f5999dfffff
44882,88101b6243fffff
44883,8810f630adfffff
44884,8810f5c499fffff
44885,8810f6ce3dfffff
44886,8810f0d443fffff
44887,8810f01669fffff
44888,8810a9618bfffff
44889,8810f618c3fffff
44890,8810f4b21dfffff
44891,88101b7227fffff
44892,8810f084cbfffff
44893,8810f44d25fffff
44894,8810f42701fffff
44895,8810f44b3dfffff
44896,8810f04805fffff
44897,8810f6a751fffff
44898,8810f4c08dfffff
44899,8810f66145fffff
44900,8810f59003fffff
44901,8810f591d3fffff
44902,88101b6567fffff
44903,88101b6899fffff
44904,8810f6a0edfffff
44905,8810f502c5fffff
44906,8810f4aa33fffff
44907,8810f4c85dfffff
44908,8810f4050dfffff
44909,8810f48693fffff
44910,88101b79c9fffff
44911,8810f5ca5dfffff
44912,88101b0517fffff
44913,8810f46361fffff
44914,8810f51b61fffff
44915,8810f47297fffff
44916,8810f49837fffff
44917,8810f4b261fffff
44918,8810f4cd49fffff
44919,8810f49b5bfffff
44920,8810f69821fffff
44921,8810f6b951fffff
44922,8810f40183fffff
44923,8810f46503fffff
44924,8810f28739fffff
44925,8810f0cae3fffff
44926,8810f5da07fffff
44927,8810f4a1d5fffff
44928,8810f5535bfffff
44929,8810f4af31fffff
44930,8810f489b7fffff
44931,8810f5d435fffff
44932,8810a92b55fffff
44933,8810f69801fffff
44934,8810f08b31fffff
44935,8810f4c09bfffff
44936,8810f451edfffff
44937,8810f08ca1fffff
44938,88101b0cd3fffff
44939,8810f0d129fffff
44940,8810f412b1fffff
44941,8810f43899fffff
44942,8810f6a097fffff
44943,8810f294b1fffff
44944,8810f29501fffff
44945,8810f45899fffff
44946,8810f0ba0bfffff
44947,8810f6c6c5fffff
44948,88101b64d5fffff
44949,8810f0d349fffff
44950,8810f45433fffff
44951,8810f55339fffff
44952,8810f041ebfffff
44953,8810f6a605fffff
44954,8810f499e5fffff
44955,8810f592c9fffff
44956,8810f66e35fffff
44957,8810f4109bfffff
44958,8810f6a31dfffff
44959,8810f09885fffff
44960,8810f6a09dfffff
44961,8810f6c485fffff
44962,8810f680b1fffff
44963,8810f4d4a3fffff
44964,88101b671dfffff
44965,8810f6b133fffff
44966,8810f41609fffff
44967,8810f449c5fffff
44968,8810f0aa5dfffff
44969,8810f6d08dfffff
44970,8810f01a4dfffff
44971,88101b4093fffff
44972,8810f6c0c5fffff
44973,8810f0c013fffff
44974,8810f0596bfffff
44975,88101b6199fffff
44976,8810f415a5fffff
44977,8810f0164dfffff
44978,8810f0948bfffff
44979,88101b65a7fffff
44980,8810f29865fffff
44981,8810f666a7fffff
44982,8810f4270dfffff
44983,8810f08f59fffff
44984,8810f50a49fffff
44985,8810f46ed1fffff
44986,8810a96481fffff
44987,8810f68c65fffff
44988,8810f46237fffff
44989,8810f59327fffff
44990,8810f68e37fffff
44991,8810f470edfffff
44992,8810f42699fffff
44993,8810f050b1fffff
44994,8810f68243fffff
44995,8810f086ebfffff
44996,8810f40d2bfffff
44997,8810f48a01fffff
44998,8810f40203fffff
44999,8810f28157fffff
45000,8810f46eb3fffff
45001,8810f2b321fffff
45002,8810f41311fffff
45003,8810f445c9fffff
45004,8810f4a803fffff
45005,88101b6ee5fffff
45006,88101b0d4bfffff
45007,8810f62c43fffff
45008,8810f51353fffff
45009,8810f4169bfffff
45010,8810f6b9d3fffff
45011,8810f68dc9fffff
45012,8810f6d10dfffff
45013,8810f28561fffff
45014,88101b681dfffff
45015,8810f582b7fffff
45016,8810f4261dfffff
45017,8810f46d25fffff
45018,8810f635b7fffff
45019,88101b65b7fffff
45020,8810f440ebfffff
45021,8810f41767fffff
45022,8810f4202bfffff
45023,88101b4495fffff
45024,8810f470b5fffff
45025,8810f58f4dfffff
45026,8810f661cdfffff
45027,8810f0c9d5fffff
45028,8810f4366bfffff
45029,8810f6b9c7fffff
45030,8810f4c16dfffff
45031,88101b4549fffff
45032,8810f08ea7fffff
45033,8810f51629fffff
45034,8810f5d423fffff
45035,8810f61683fffff
45036,8810f6d2a9fffff
45037,8810a92c11fffff
45038,8810f4388dfffff
45039,8810f488b3fffff
45040,8810f6b193fffff
45041,8810f5cacdfffff
45042,8810f01a83fffff
45043,8810f0d2b9fffff
45044,8810f0d595fffff
45045,8810f45763fffff
45046,8810f68ee5fffff
45047,8810f41169fffff
45048,88101a6f57fffff
45049,8810f6d101fffff
45050,8810f4682dfffff
45051,8810f6925dfffff
45052,8810f0cf57fffff
45053,8810f5c6ddfffff
45054,8810f474e5fffff
45055,88101b620bfffff
45056,8810f6955dfffff
45057,8810f55101fffff
45058,8810f6b765fffff
45059,8810f63633fffff
45060,8810f4c985fffff
45061,8810f0c9b9fffff
45062,8810f4d6c1fffff
45063,8810f40349fffff
45064,88101b625dfffff
45065,8810f46831fffff
45066,8810f58d49fffff
45067,8810aba6d3fffff
45068,8810f05ad3fffff
45069,8810f410c1fffff
45070,8810f47891fffff
45071,8810f685a5fffff
45072,8810f6d703fffff
45073,8810f2814dfffff
45074,8810f4d427fffff
45075,8810f04a2dfffff
45076,8810a96ec9fffff
45077,8810a92a21fffff
45078,8810f40341fffff
45079,8810f62207fffff
45080,8810f439e5fffff
45081,8810f4b4c9fffff
45082,8810f5c913fffff
45083,8810f46d95fffff
45084,8810f58c2bfffff
45085,8810f46453fffff
45086,8810f46663fffff
45087,8810a9262dfffff
45088,88101b0539fffff
45089,8810f44dedfffff
45090,8810f5c839fffff
45091,8810f6219dfffff
45092,8810f42045fffff
45093,8810f485ddfffff
45094,8810f09459fffff
45095,8810f638b3fffff
45096,8810f0d49dfffff
45097,8810f591c7fffff
45098,8810a97557fffff
45099,8810f4acb7fffff
45100,8810f59727fffff
45101,88101a6c89fffff
45102,8810f44cddfffff
45103,8810a92a45fffff
45104,8810f59541fffff
45105,8810f43a0bfffff
45106,8810f4c525fffff
45107,8810f6ac89fffff
45108,8810f60959fffff
45109,8810f6b4adfffff
45110,8810a92b57fffff
45111,8810f40d95fffff
45112,8810f63043fffff
45113,8810f4b133fffff
45114,8810f409ddfffff
45115,8810f68c6dfffff
45116,8810f0b04bfffff
45117,8810f0d543fffff
45118,8810f0914bfffff
45119,8810f6d641fffff
45120,8810f665cdfffff
45121,88101b6267fffff
45122,8810f4d1d3fffff
45123,8810f6b041fffff
45124,8810f002c3fffff
45125,8810f0c259fffff
45126,8810f05a61fffff
45127,8810f59a8dfffff
45128,88101b7b3dfffff
45129,8810f548e9fffff
45130,8810f6aabdfffff
45131,8810f6d50dfffff
45132,8810f418dbfffff
45133,8810f2862dfffff
45134,8810f291abfffff
45135,8810a96e5bfffff
45136,8810f63319fffff
45137,8810f45b17fffff
45138,8810f63507fffff
45139,8810f43a15fffff
45140,8810a92883fffff
45141,8810f50905fffff
45142,8810f29835fffff
45143,8810f51aadfffff
45144,8810f68cbdfffff
45145,8810f58d15fffff
45146,8810f6af2dfffff
45147,8810f0b029fffff
45148,8810f5d99bfffff
45149,8810f0caedfffff
45150,8810f550a1fffff
45151,8810f04843fffff
45152,8810f43103fffff
45153,8810f04a89fffff
45154,8810f48419fffff
45155,8810f5c5bbfffff
45156,8810f40b13fffff
45157,8810f42207fffff
45158,8810f0884bfffff
45159,8810f50a59fffff
45160,8810f44acdfffff
45161,8810f4a1d9fffff
45162,8810f40c87fffff
45163,8810f45053fffff
45164,8810f5cd25fffff
45165,8810f6100bfffff
45166,8810f476c9fffff
45167,88101a6e1bfffff
45168,88101b7141fffff
45169,8810f4d643fffff
45170,8810aba68bfffff
45171,8810a96411fffff
45172,8810f0d6b5fffff
45173,8810f54885fffff
45174,8810f551e1fffff
45175,8810f2b259fffff
45176,88101b549bfffff
45177,8810f0872bfffff
45178,88101b6b3dfffff
45179,8810f548d1fffff
45180,8810f4ae65fffff
45181,88101b49bbfffff
45182,8810a92451fffff
45183,8810f468c7fffff
45184,8810f68f0dfffff
45185,8810f42c4dfffff
45186,88101b6f47fffff
45187,8810f6b5adfffff
45188,8810f45467fffff
45189,8810f591c3fffff
45190,8810f6c01bfffff
45191,8810f5029dfffff
45192,8810f4a819fffff
45193,88101b695bfffff
45194,88101b6a69fffff
45195,8810aba635fffff
45196,8810f091a3fffff
45197,8810f04a5dfffff
45198,8810f45b0dfffff
45199,8810f6ad15fffff
45200,8810f296c5fffff
45201,8810f015c1fffff
45202,8810f69addfffff
45203,8810f2b22bfffff
45204,8810f66125fffff
45205,88101b64b7fffff
45206,8810a93909fffff
45207,8810f6a951fffff
45208,8810f4cee1fffff
45209,8810f4d62dfffff
45210,8810f0873bfffff
45211,8810a9385bfffff
45212,8810f0c865fffff
45213,8810f68e93fffff
45214,8810a9762bfffff
45215,8810f68e99fffff
45216,8810f464e1fffff
45217,8810f010ebfffff
45218,8810a93aedfffff
45219,8810f5853bfffff
45220,8810f4d2a5fffff
45221,8810f280cbfffff
45222,88101b0889fffff
45223,8810f058a5fffff
45224,8810f4405dfffff
45225,8810f019c5fffff
45226,8810f625e3fffff
45227,8810f55451fffff
45228,8810f6c0b9fffff
45229,8810f63095fffff
45230,8810f5433bfffff
45231,8810f0123dfffff
45232,8810f44299fffff
45233,88101b0f61fffff
45234,8810f48dabfffff
45235,8810f6d289fffff
45236,8810f58a3bfffff
45237,8810f09059fffff
45238,8810f66cc1fffff
45239,8810f01317fffff
45240,88101b0837fffff
45241,8810f0883dfffff
45242,8810f5d30dfffff
45243,8810f44d93fffff
45244,8810f40145fffff
45245,8810f6824bfffff
45246,8810a93b03fffff
45247,8810f50287fffff
45248,8810f5ca25fffff
45249,8810f685b9fffff
45250,8810f08d0dfffff
45251,8810f459d9fffff
45252,8810f61b51fffff
45253,8810a962b5fffff
45254,8810f5420bfffff
45255,8810f6266bfffff
45256,8810f4781dfffff
45257,8810f08ec1fffff
45258,88101b0503fffff
45259,8810a93aadfffff
45260,8810f462d7fffff
45261,88101b0c0bfffff
45262,8810f5cc19fffff
45263,88101b05bdfffff
45264,8810f4a083fffff
45265,8810a9689dfffff
45266,8810a9623bfffff
45267,8810f69511fffff
45268,8810f2984bfffff
45269,8810f63669fffff
45270,8810f42f13fffff
45271,8810f4b639fffff
45272,8810f0d119fffff
45273,8810f682e5fffff
45274,88101b7825fffff
45275,8810f581a5fffff
45276,88101b61c1fffff
45277,8810f54aebfffff
45278,8810f68d09fffff
45279,8810f45121fffff
45280,8810f6153bfffff
45281,8810f08d35fffff
45282,8810f6af4bfffff
45283,8810f092a9fffff
45284,8810f54705fffff
45285,8810f66acbfffff
45286,8810f0ca4bfffff
45287,8810f0d0e1fffff
45288,8810f55a51fffff
45289,8810f084ebfffff
45290,8810f48899fffff
45291,8810f5ccbdfffff
45292,8810f4a8bbfffff
45293,8810f46aa7fffff
45294,88101b6051fffff
45295,88101b0e09fffff
45296,8810f40dd3fffff
45297,8810a9661dfffff
45298,8810f08a01fffff
45299,8810f62aa9fffff
45300,8810f40ab5fffff
45301,8810f5901dfffff
45302,8810f29209fffff
45303,8810f6b89bfffff
45304,8810f58c81fffff
45305,8810f04a03fffff
45306,8810f42351fffff
45307,8810f46107fffff
45308,8810f58a31fffff
45309,8810f0cc23fffff
45310,8810a924d5fffff
45311,88101a6d4bfffff
45312,88101b7ad3fffff
45313,8810f43b37fffff
45314,8810f4701dfffff
45315,8810f4075bfffff
45316,8810f085d7fffff
45317,8810f0d867fffff
45318,8810f46db7fffff
45319,8810a966b5fffff
45320,88101b0033fffff
45321,8810f45453fffff
45322,8810f63759fffff
45323,8810f450d3fffff
45324,8810f55a9dfffff
45325,8810f4400bfffff
45326,8810f6b00bfffff
45327,8810f4c5b3fffff
45328,8810f5c21bfffff
45329,8810f51345fffff
45330,8810f04917fffff
45331,88101b7021fffff
45332,88101b541dfffff
45333,8810f29015fffff
45334,8810f29651fffff
45335,8810f059d5fffff
45336,8810f40505fffff
45337,8810f68ea1fffff
45338,88101b0935fffff
45339,88101b4737fffff
45340,8810f6b735fffff
45341,8810f69027fffff
45342,8810f510dbfffff
45343,8810f585e7fffff
45344,8810a9280bfffff
45345,8810f44659fffff
45346,8810f6853bfffff
45347,8810f5d0e3fffff
45348,8810f000bdfffff
45349,8810f66a1bfffff
45350,8810f48e99fffff
45351,8810f5c709fffff
45352,8810f44187fffff
45353,8810f42221fffff
45354,8810f5bb21fffff
45355,8810f465ebfffff
45356,8810f09247fffff
45357,8810f4c0d7fffff
45358,8810f6765bfffff
45359,8810f49b27fffff
45360,8810f4286bfffff
45361,8810f68961fffff
45362,8810f558b7fffff
45363,8810f471b3fffff
45364,8810f5c6c9fffff
45365,88101b712bfffff
45366,8810a92e87fffff
45367,8810f05b67fffff
45368,8810f63b57fffff
45369,88101b6189fffff
45370,8810a9640dfffff
45371,8810f47269fffff
45372,8810f42147fffff
45373,8810f4b451fffff
45374,8810a97755fffff
45375,8810f45b2dfffff
45376,8810f68d8bfffff
45377,8810f5d1b3fffff
45378,8810f551b5fffff
45379,88101b7491fffff
45380,8810a96435fffff
45381,8810f6d60bfffff
45382,8810f5030bfffff
45383,8810f61999fffff
45384,8810f58913fffff
45385,8810f0c189fffff
45386,8810f55ab7fffff
45387,8810f5cf3dfffff
45388,8810f47499fffff
45389,8810f42c5bfffff
45390,8810f44a35fffff
45391,8810f04847fffff
45392,8810f471e1fffff
45393,8810f48dc7fffff
45394,8810a9685bfffff
45395,8810f4c8b7fffff
45396,8810a96ddbfffff
45397,8810a92c8dfffff
45398,8810f45869fffff
45399,8810f61b4bfffff
45400,8810f61ab3fffff
45401,8810f6b9d7fffff
45402,8810f61849fffff
45403,8810f68925fffff
45404,8810f6d4a9fffff
45405,8810f61753fffff
45406,8810f4d685fffff
45407,8810a928b1fffff
45408,8810f40a97fffff
45409,8810f28025fffff
45410,8810f40095fffff
45411,8810f48905fffff
45412,8810f0c549fffff
45413,8810f46611fffff
45414,8810f424e7fffff
45415,8810f62447fffff
45416,88101b0513fffff
45417,8810f43b69fffff
45418,8810f4aa8dfffff
45419,8810f4488dfffff
45420,8810f08841fffff
45421,8810a96703fffff
45422,88101b7609fffff
45423,8810f0ce29fffff
45424,8810f54e27fffff
45425,8810f4d839fffff
45426,8810f0b059fffff
45427,88101b0c9bfffff
45428,8810f68531fffff
45429,88101b6815fffff
45430,8810f4655bfffff
45431,8810f46ecbfffff
45432,8810f08c41fffff
45433,8810f4ab4dfffff
45434,8810f440a5fffff
45435,8810f42069fffff
45436,8810f4a8adfffff
45437,8810f46ca5fffff
45438,8810f294cdfffff
45439,8810f6a987fffff
45440,8810f6a127fffff
45441,8810f29959fffff
45442,8810a96899fffff
45443,8810f2994dfffff
45444,8810f60127fffff
45445,88101b2b6dfffff
45446,88101b7545fffff
45447,8810f5826bfffff
45448,8810f694c7fffff
45449,8810f55255fffff
45450,8810a96131fffff
45451,8810f430c7fffff
45452,8810f47953fffff
45453,8810f481adfffff
45454,8810f04861fffff
45455,8810f01707fffff
45456,8810f68abdfffff
45457,8810f29625fffff
45458,8810f636ebfffff
45459,8810f41309fffff
45460,88101b64e7fffff
45461,88101b6569fffff
45462,8810f6c713fffff
45463,8810f42017fffff
45464,8810f0d55bfffff
45465,8810f5d959fffff
45466,8810f4d441fffff
45467,8810f63307fffff
45468,8810f08ad1fffff
45469,8810f4418bfffff
45470,8810f5c1c7fffff
45471,88101b75ddfffff
45472,8810f54f19fffff
45473,8810a92d0bfffff
45474,8810f5d5cdfffff
45475,8810f5d1e9fffff
45476,88101b7899fffff
45477,8810f6a2b7fffff
45478,8810f47591fffff
45479,8810f0c289fffff
45480,8810f4c667fffff
45481,8810f0dab9fffff
45482,8810f43b3dfffff
45483,88101b458dfffff
45484,8810f6ad59fffff
45485,8810f0c611fffff
45486,8810a96c13fffff
45487,88101b6e97fffff
45488,8810f58265fffff
45489,8810f6184dfffff
45490,8810f55403fffff
45491,8810f6caabfffff
45492,8810f4496bfffff
45493,8810f6a4c3fffff
45494,8810f08e8bfffff
45495,8810f4388bfffff
45496,8810f46ca9fffff
45497,8810f4266bfffff
45498,8810a9664bfffff
45499,8810a92c3bfffff
45500,8810f44133fffff
45501,8810f5c6b1fffff
45502,8810f50311fffff
45503,8810f4bb33fffff
45504,8810f0cd27fffff
45505,88101b0e63fffff
45506,8810f5d1cbfffff
45507,88101b6919fffff
45508,8810f47529fffff
45509,8810f0cb6dfffff
45510,8810f44ac5fffff
45511,88101b6759fffff
45512,88101b6b33fffff
45513,8810f08247fffff
45514,88101b0ebbfffff
45515,8810f61839fffff
45516,8810f456c1fffff
45517,8810f4083dfffff
45518,88101b794bfffff
45519,8810f48ccdfffff
45520,8810f541c1fffff
45521,8810f5d9a7fffff
45522,88101b6c6dfffff
45523,8810f5c549fffff
45524,8810f62e1dfffff
45525,8810a93989fffff
45526,88101a6c4dfffff
45527,8810f5b86bfffff
45528,8810f4582dfffff
45529,8810f43699fffff
45530,8810f0cf39fffff
45531,88101b6c0bfffff
45532,8810f281e5fffff
45533,8810f558e1fffff
45534,88101a6f17fffff
45535,8810f6da9bfffff
45536,8810f4260dfffff
45537,8810f46525fffff
45538,88101b7247fffff
45539,88101b0563fffff
45540,8810f0daa1fffff
45541,8810f58339fffff
45542,8810f08c5bfffff
45543,8810f43533fffff
45544,8810f412d1fffff
45545,8810f68a81fffff
45546,8810f2936bfffff
45547,8810f476d1fffff
45548,8810f45b57fffff
45549,8810f4cf0bfffff
45550,8810f5c02bfffff
45551,8810f6ba4bfffff
45552,8810f4b047fffff
45553,8810f61a33fffff
45554,8810f6d0b1fffff
45555,8810f59199fffff
45556,8810f63113fffff
45557,8810a97639fffff
45558,8810f5445bfffff
45559,8810aba6d1fffff
45560,8810f041edfffff
45561,8810f01901fffff
45562,8810f556abfffff
45563,8810f4c057fffff
45564,8810f0c443fffff
45565,88101b46ddfffff
45566,8810f5c8e3fffff
45567,8810f62409fffff
45568,8810f69a65fffff
45569,8810f6382dfffff
45570,8810f6b219fffff
45571,88101b08c5fffff
45572,8810f05531fffff
45573,8810f0c19bfffff
45574,8810f08ee5fffff
45575,8810f0a259fffff
45576,8810f44ecdfffff
45577,8810f48e3bfffff
45578,8810f4b365fffff
45579,8810f0bb6bfffff
45580,8810a9394bfffff
45581,8810f690a9fffff
45582,8810f08f69fffff
45583,8810f6d2bbfffff
45584,8810f57245fffff
45585,8810f01025fffff
45586,8810f0984dfffff
45587,8810f61319fffff
45588,8810f052adfffff
45589,8810f0b293fffff
45590,8810f479edfffff
45591,8810f0c161fffff
45592,8810a96c3dfffff
45593,8810f68043fffff
45594,8810f68c07fffff
45595,88101b0c41fffff
45596,88101b0d15fffff
45597,8810f63009fffff
45598,8810f699dbfffff
45599,8810f09821fffff
45600,8810f69b67fffff
45601,8810f44919fffff
45602,8810f44557fffff
45603,8810f4212dfffff
45604,8810f4318dfffff
45605,8810f09913fffff
45606,8810f0cc0dfffff
45607,8810f42e63fffff
45608,8810f29899fffff
45609,8810f40f41fffff
45610,8810f40907fffff
45611,8810f09029fffff
45612,8810f011adfffff
45613,8810f6c307fffff
45614,8810f4a61bfffff
45615,8810a926d3fffff
45616,8810f04ae9fffff
45617,8810f50f57fffff
45618,8810f5cd0bfffff
45619,8810f6aad3fffff
45620,8810f049c5fffff
45621,8810f685ddfffff
45622,8810f51167fffff
45623,8810f6a255fffff
45624,8810f04315fffff
45625,8810f44233fffff
45626,8810f42b27fffff
45627,8810f0422dfffff
45628,8810f5992dfffff
45629,8810f4200bfffff
45630,8810f09249fffff
45631,8810f542b1fffff
45632,8810f6aa43fffff
45633,8810f58a57fffff
45634,8810f286edfffff
45635,8810f0d257fffff
45636,8810a96c93fffff
45637,88101b6f6dfffff
45638,8810f05965fffff
45639,88101b56d3fffff
45640,88101b7047fffff
45641,8810f41307fffff
45642,8810f48b5bfffff
45643,8810f441d9fffff
45644,8810f598d1fffff
45645,8810f05a87fffff
45646,8810f69419fffff
45647,8810f0b181fffff
45648,8810f411b7fffff
45649,8810f402d3fffff
45650,8810f0c251fffff
45651,8810f628e1fffff
45652,8810f4b623fffff
45653,8810f69ae5fffff
45654,8810f5d8dbfffff
45655,8810f4ab6dfffff
45656,8810f0ce03fffff
45657,8810f4245dfffff
45658,8810f54ce1fffff
45659,8810f63705fffff
45660,8810f55aedfffff
45661,88101b08a7fffff
45662,8810a924b9fffff
45663,8810f409b9fffff
45664,8810f051c3fffff
45665,8810f431e7fffff
45666,8810f47531fffff
45667,8810f4463bfffff
45668,8810f6d857fffff
45669,8810f6d28dfffff
45670,88101a6f25fffff
45671,8810f6b221fffff
45672,88101b548bfffff
45673,8810f4d243fffff
45674,8810f5114dfffff
45675,8810f05547fffff
45676,8810f4d0abfffff
45677,8810f41321fffff
45678,8810f6006dfffff
45679,8810f58e89fffff
45680,8810f46c19fffff
45681,8810a92281fffff
45682,8810f0c0a5fffff
45683,8810f5d217fffff
45684,8810f69749fffff
45685,88101b68b3fffff
45686,8810f660a5fffff
45687,8810f4345bfffff
45688,8810f40b3bfffff
45689,8810f58497fffff
45690,8810f4093bfffff
45691,8810f69589fffff
45692,8810f4566bfffff
45693,8810f51753fffff
45694,8810f4b447fffff
45695,88101b0881fffff
45696,8810f4c955fffff
45697,8810f44f59fffff
45698,8810f4b317fffff
45699,8810f599ebfffff
45700,8810f095e9fffff
45701,8810f6b1a9fffff
45702,88101b0e55fffff
45703,8810f0565bfffff
45704,8810f47181fffff
45705,8810f466c7fffff
45706,8810f620c9fffff
45707,8810f6218bfffff
45708,8810f09087fffff
45709,8810f54ed1fffff
45710,8810f48a33fffff
45711,8810f542dbfffff
45712,8810f4aa63fffff
45713,8810f08c1bfffff
45714,88101b0a3dfffff
45715,8810f51abbfffff
45716,8810f68259fffff
45717,8810f46319fffff
45718,8810f6c323fffff
45719,8810f42943fffff
45720,8810a92a99fffff
45721,8810f6af2bfffff
45722,8810f488c3fffff
45723,8810f581e1fffff
45724,88101a6c95fffff
45725,8810f460a7fffff
45726,8810f5c6bdfffff
45727,8810f6111bfffff
45728,8810f5c303fffff
45729,8810f59981fffff
45730,8810f015cdfffff
45731,8810f6b98bfffff
45732,8810f62c87fffff
45733,8810f29247fffff
45734,8810f55069fffff
45735,8810a96d07fffff
45736,88101b62d7fffff
45737,8810f5da15fffff
45738,8810f04305fffff
45739,8810a965d1fffff
45740,8810f4291dfffff
45741,8810f42309fffff
45742,8810f50213fffff
45743,8810f48d01fffff
45744,8810f636a1fffff
45745,8810f46f33fffff
45746,8810f68059fffff
45747,8810f6ac39fffff
45748,8810f6c21bfffff
45749,8810f0c291fffff
45750,8810f46837fffff
45751,88101b6f17fffff
45752,8810f2959bfffff
45753,8810f6d183fffff
45754,88101b09c9fffff
45755,8810a975b5fffff
45756,8810f4702bfffff
45757,88101b2905fffff
45758,8810f54e37fffff
45759,88101b7099fffff
45760,8810f48b33fffff
45761,8810f01723fffff
45762,8810f01203fffff
45763,8810f4c263fffff
45764,88101b76abfffff
45765,8810f471adfffff
45766,8810f0bb53fffff
45767,8810f43ad9fffff
45768,88101b7a25fffff
45769,8810f41721fffff
45770,8810f55ac9fffff
45771,88101a6dd3fffff
45772,8810f411d7fffff
45773,8810f4125dfffff
45774,8810f46ac7fffff
45775,8810f552cdfffff
45776,8810f5d547fffff
45777,8810f014a1fffff
45778,8810f6d1d7fffff
45779,8810f44dcbfffff
45780,8810f58987fffff
45781,8810f01081fffff
45782,8810f69487fffff
45783,8810f6b893fffff
45784,8810f5456bfffff
45785,8810f0b805fffff
45786,8810f63509fffff
45787,8810f418bbfffff
45788,8810f45445fffff
45789,8810f47991fffff
45790,88101a6ce5fffff
45791,8810f4795dfffff
45792,88101b680dfffff
45793,88101b6e17fffff
45794,88101b7759fffff
45795,8810f430d3fffff
45796,8810f2921dfffff
45797,8810f28251fffff
45798,88101b7087fffff
45799,88101b6901fffff
45800,8810f40d43fffff
45801,8810f45a87fffff
45802,8810f018cbfffff
45803,8810f44847fffff
45804,8810f28339fffff
45805,8810f010a3fffff
45806,8810f4526bfffff
45807,8810f41715fffff
45808,8810f4ba0bfffff
45809,8810f4d6bbfffff
45810,8810f47adbfffff
45811,88101b0ecbfffff
45812,8810f0d63dfffff
45813,8810f4a4b9fffff
45814,8810f5011dfffff
45815,8810f6ad81fffff
45816,8810f0cc83fffff
45817,8810f5d941fffff
45818,8810f47233fffff
45819,8810f4b737fffff
45820,8810f46e11fffff
45821,8810f0d057fffff
45822,8810f622b7fffff
45823,8810f54507fffff
45824,8810f6d18bfffff
45825,8810f58863fffff
45826,88101b0c17fffff
45827,8810f0d41dfffff
45828,8810f4c8ddfffff
45829,8810f4cc5dfffff
45830,8810f48a4bfffff
45831,8810a96853fffff
45832,8810f42e3bfffff
45833,8810f54a39fffff
45834,8810f5ba4dfffff
45835,8810f09ae7fffff
45836,8810f41737fffff
45837,8810f29459fffff
45838,8810f60151fffff
45839,88101b6ca7fffff
45840,8810f42d4bfffff
45841,8810f4126bfffff
45842,8810f6216dfffff
45843,8810f5c4b1fffff
45844,8810f43735fffff
45845,8810f468d3fffff
45846,8810f486abfffff
45847,88101b4dadfffff
45848,8810f410d5fffff
45849,88101b6e4bfffff
45850,8810f4ac19fffff
45851,8810f4a24dfffff
45852,8810f04355fffff
45853,8810f6b907fffff
45854,8810f01099fffff
45855,8810f68525fffff
45856,8810f6c1abfffff
45857,8810f6d065fffff
45858,8810f058bdfffff
45859,8810f60181fffff
45860,8810f472d5fffff
45861,8810f09157fffff
45862,8810f60117fffff
45863,8810f43161fffff
45864,8810f466d7fffff
45865,8810f2900dfffff
45866,8810f462e3fffff
45867,8810f08833fffff
45868,8810a92c15fffff
45869,88101b7611fffff
45870,8810f4c695fffff
45871,8810f00649fffff
45872,8810f0c001fffff
45873,8810f58897fffff
45874,8810f42735fffff
45875,8810f0c6ddfffff
45876,88101b6a29fffff
45877,8810f63325fffff
45878,8810f6170dfffff
45879,8810f6890bfffff
45880,8810f6adcdfffff
45881,8810f6225bfffff
45882,8810f44229fffff
45883,8810f015c3fffff
45884,88101b4615fffff
45885,8810f0d8d5fffff
45886,8810f580b7fffff
45887,8810a96e61fffff
45888,88101b08b9fffff
45889,8810a9254dfffff
45890,8810f09995fffff
45891,8810f43521fffff
45892,8810f48aa9fffff
45893,8810f49955fffff
45894,8810f44aa3fffff
45895,8810a92827fffff
45896,8810f59969fffff
45897,8810f6275bfffff
45898,8810f5536dfffff
45899,8810f41b11fffff
45900,8810f0cab7fffff
45901,8810f484ebfffff
45902,8810f46535fffff
45903,8810f0d501fffff
45904,8810f55b4bfffff
45905,8810f0c891fffff
45906,8810f6ba97fffff
45907,8810f4496dfffff
45908,8810f62357fffff
45909,8810f6aac1fffff
45910,8810f62d59fffff
45911,8810f4c227fffff
45912,8810f63917fffff
45913,8810f54ed5fffff
45914,8810f441a5fffff
45915,8810f4b127fffff
45916,88101b7103fffff
45917,8810f58815fffff
45918,8810f581c3fffff
45919,88101b0c29fffff
45920,8810f621b3fffff
45921,8810f612e5fffff
45922,8810f6b017fffff
45923,8810f48823fffff
45924,88101b6839fffff
45925,8810f68809fffff
45926,8810f611b3fffff
45927,88101b4701fffff
45928,8810f4a0b5fffff
45929,8810f0c24dfffff
45930,8810f58731fffff
45931,8810f5c0c5fffff
45932,8810f6d2bdfffff
45933,8810f59369fffff
45934,8810f6c71dfffff
45935,8810f518e9fffff
45936,8810f6c6a1fffff
45937,8810f6d341fffff
45938,8810f63b69fffff
45939,8810f51a63fffff
45940,8810f4cab7fffff
45941,8810f0b295fffff
45942,8810f685b1fffff
45943,8810f4c201fffff
45944,8810f51363fffff
45945,8810f62015fffff
45946,8810f46435fffff
45947,8810f41365fffff
45948,8810f62417fffff
45949,8810f4b50dfffff
45950,8810f4c969fffff
45951,8810f5519dfffff
45952,8810f42c09fffff
45953,8810a96713fffff
45954,8810f4b1cdfffff
45955,8810f28ac5fffff
45956,8810f5c331fffff
45957,8810f4d29dfffff
45958,8810a96e91fffff
45959,8810f6dadbfffff
45960,8810f45a0bfffff
45961,8810f4116dfffff
45962,8810f6386dfffff
45963,8810f55899fffff
45964,8810f69a21fffff
45965,8810f29307fffff
45966,88101b2959fffff
45967,8810f09813fffff
45968,8810f6c755fffff
45969,8810f69b63fffff
45970,8810f43529fffff
45971,88101b2d53fffff
45972,8810f6a8ddfffff
45973,8810f08051fffff
45974,88101b6f19fffff
45975,8810f69095fffff
45976,8810f61337fffff
45977,8810f43983fffff
45978,8810f6c423fffff
45979,8810f4856bfffff
45980,8810f462b1fffff
45981,8810f584e5fffff
45982,8810f44d8dfffff
45983,8810f5d60dfffff
45984,8810f488ddfffff
45985,8810f04891fffff
45986,8810f5d0c1fffff
45987,8810f29b29fffff
45988,8810a92b33fffff
45989,8810f6d763fffff
45990,8810f049c9fffff
45991,8810f68829fffff
45992,8810a96dbdfffff
45993,8810f5461bfffff
45994,8810f4691bfffff
45995,8810f4413bfffff
45996,8810f5546bfffff
45997,8810f45a41fffff
45998,8810a96d23fffff
45999,8810f4acc1fffff
46000,8810f4d755fffff
46001,8810f450bdfffff
46002,8810f5d313fffff
46003,8810f43203fffff
46004,8810f44d31fffff
46005,8810f4586bfffff
46006,8810f46813fffff
46007,8810a92023fffff
46008,8810f6ac13fffff
46009,8810f55a4bfffff
46010,8810f5ce65fffff
46011,8810f618c9fffff
46012,8810f59963fffff
46013,8810f6bb3dfffff
46014,8810f0c9ebfffff
46015,8810f40cb7fffff
46016,8810f29001fffff
46017,8810f61b69fffff
46018,8810f4544dfffff
46019,8810f4c803fffff
46020,8810a92cb5fffff
46021,8810f69287fffff
46022,8810f0da51fffff
46023,8810a97585fffff
46024,8810f48461fffff
46025,8810a9244dfffff
46026,8810f295d3fffff
46027,8810f4b01dfffff
46028,88101a6d4dfffff
46029,8810f6ad01fffff
46030,88101b7a6dfffff
46031,8810f481b9fffff
46032,8810f50d65fffff
46033,8810f60b17fffff
46034,88101b6a6bfffff
46035,8810f6c08bfffff
46036,8810f08009fffff
46037,8810f55545fffff
46038,8810f0c46bfffff
46039,88101b08b5fffff
46040,8810f0b131fffff
46041,8810f058e3fffff
46042,8810f692e3fffff
46043,8810f2913dfffff
46044,8810f4a4a7fffff
46045,8810f084a7fffff
46046,88101b3b43fffff
46047,8810f04a13fffff
46048,8810f0c03dfffff
46049,8810f54b5bfffff
46050,8810f460c5fffff
46051,8810f6b4c1fffff
46052,8810f05613fffff
46053,8810f6d661fffff
46054,8810f4a18dfffff
46055,8810f29455fffff
46056,8810f4d721fffff
46057,8810f6cad9fffff
46058,8810f41535fffff
46059,8810a92cd9fffff
46060,8810f08021fffff
46061,8810f0005bfffff
46062,8810f4b45dfffff
46063,8810f544c5fffff
46064,8810f58abdfffff
46065,8810f4cf61fffff
46066,8810f6b741fffff
46067,88101b79d1fffff
46068,8810a92229fffff
46069,8810f42f2bfffff
46070,8810f44ab9fffff
46071,8810f4535dfffff
46072,8810f2b161fffff
46073,8810f4aa47fffff
46074,8810f55537fffff
46075,88101b4683fffff
46076,8810f6b14dfffff
46077,8810f4074bfffff
46078,8810f42055fffff
46079,8810f444b5fffff
46080,88101b4a89fffff
46081,88101b6853fffff
46082,8810f68819fffff
46083,8810f6d70dfffff
46084,8810f4ab19fffff
46085,8810f4aec9fffff
46086,8810f4219dfffff
46087,8810a92f69fffff
46088,8810a92a5bfffff
46089,8810f4ac61fffff
46090,8810a961d1fffff
46091,8810f5434dfffff
46092,8810f419e9fffff
46093,8810f6ac85fffff
46094,8810f2b34dfffff
46095,8810f63969fffff
46096,8810f4a41dfffff
46097,8810f29685fffff
46098,88101b69abfffff
46099,8810f0b019fffff
46100,8810f0816dfffff
46101,88101b75cbfffff
46102,8810a92197fffff
46103,8810f581a9fffff
46104,8810f689e7fffff
46105,8810f08755fffff
46106,8810f05355fffff
46107,8810f555c1fffff
46108,8810f0812dfffff
46109,88101b666dfffff
46110,8810f4c191fffff
46111,8810f29889fffff
46112,8810f6cf2dfffff
46113,8810f01a1bfffff
46114,8810f40d57fffff
46115,8810f47543fffff
46116,8810f5d02dfffff
46117,8810f0153bfffff
46118,8810f68217fffff
46119,8810f6b1edfffff
46120,88101b7a9dfffff
46121,8810f2811bfffff
46122,8810f0c8b5fffff
46123,88101b7341fffff
46124,8810f59131fffff
46125,88101b2925fffff
46126,8810f4a963fffff
46127,8810f0ccbbfffff
46128,8810f0a255fffff
46129,8810f5150dfffff
46130,88101b720bfffff
46131,8810f43999fffff
46132,8810f554a1fffff
46133,8810f4d86bfffff
46134,8810f5ccd5fffff
46135,8810f6a75bfffff
46136,8810f5d1c1fffff
46137,8810a920d9fffff
46138,8810f57369fffff
46139,8810f6a5c1fffff
46140,8810f40e35fffff
46141,8810f47369fffff
46142,88101b6ab7fffff
46143,88101a6d91fffff
46144,8810f414adfffff
46145,8810a939c1fffff
46146,8810f6a0c9fffff
46147,8810f6c365fffff
46148,88101b6d65fffff
46149,8810f44141fffff
46150,8810f6b965fffff
46151,88101b6ecdfffff
46152,8810f40cc7fffff
46153,8810f6b901fffff
46154,88101b29ebfffff
46155,8810f29157fffff
46156,8810a92641fffff
46157,8810f04237fffff
46158,8810f6c0c7fffff
46159,8810f429d5fffff
46160,8810f0176bfffff
46161,8810f5bb4dfffff
46162,8810f09091fffff
46163,8810f5c5ddfffff
46164,8810f46669fffff
46165,8810f4b81dfffff
46166,8810f4333dfffff
46167,8810f28249fffff
46168,8810f42c81fffff
46169,8810f5d1a1fffff
46170,8810f47b61fffff
46171,8810f4c6b3fffff
46172,8810f4c433fffff
46173,8810f4c083fffff
46174,8810f6ae09fffff
46175,8810f45a4bfffff
46176,8810f48115fffff
46177,8810f0d4e9fffff
46178,8810f6950dfffff
46179,8810f47999fffff
46180,88101b70a5fffff
46181,8810f66685fffff
46182,8810f58cc1fffff
46183,8810f42a4dfffff
46184,8810a96d95fffff
46185,8810f4aa09fffff
46186,8810f2862bfffff
46187,8810f4c147fffff
46188,8810f47535fffff
46189,8810f63823fffff
46190,8810f0d66dfffff
46191,88101b011bfffff
46192,8810f4b041fffff
46193,8810f4199dfffff
46194,8810f41aa5fffff
46195,8810f590a9fffff
46196,8810f476a3fffff
46197,88101b0e51fffff
46198,88101b621bfffff
46199,8810f6b52dfffff
46200,8810f6b26dfffff
46201,88101b0d65fffff
46202,8810f5d681fffff
46203,8810f08b41fffff
46204,8810f59767fffff
46205,8810f0d1d1fffff
46206,8810f052a9fffff
46207,8810f68139fffff
46208,8810f6a903fffff
46209,8810f510cdfffff
46210,8810f04115fffff
46211,8810f62645fffff
46212,8810f40f63fffff
46213,88101b71cdfffff
46214,8810f45a11fffff
46215,8810f4b263fffff
46216,8810f42857fffff
46217,88101a68bbfffff
46218,8810f558ddfffff
46219,8810f63a2dfffff
46220,8810f54f55fffff
46221,8810f62c29fffff
46222,88101b7699fffff
46223,8810f0826bfffff
46224,8810f6ae85fffff
46225,8810a96531fffff
46226,88101b7613fffff
46227,8810f45723fffff
46228,8810f4c641fffff
46229,8810f682c7fffff
46230,8810f45839fffff
46231,8810f4a547fffff
46232,8810f60b1dfffff
46233,8810f4508dfffff
46234,8810f081b7fffff
46235,8810f04897fffff
46236,8810f42763fffff
46237,8810f47259fffff
46238,8810f612e1fffff
46239,8810f01a37fffff
46240,8810f29ae7fffff
46241,8810f01b41fffff
46242,8810f40d05fffff
46243,8810f4585dfffff
46244,8810f5c9b5fffff
46245,8810f080ebfffff
46246,8810f40441fffff
46247,8810f41a63fffff
46248,8810f5dacbfffff
46249,8810f5c939fffff
46250,88101b050dfffff
46251,8810f086a3fffff
46252,8810f542a3fffff
46253,8810a92e95fffff
46254,8810f61897fffff
46255,8810f478bdfffff
46256,8810f4c127fffff
46257,8810f04b13fffff
46258,8810f41a51fffff
46259,8810f554d9fffff
46260,8810f616cbfffff
46261,8810f510a5fffff
46262,8810f42a5bfffff
46263,8810f4b4a3fffff
46264,8810f688b5fffff
46265,8810f04d69fffff
46266,8810f48b0bfffff
46267,8810f0d8cbfffff
46268,8810f6c657fffff
46269,8810f47929fffff
46270,8810f6b263fffff
46271,8810f09259fffff
46272,88101b6c81fffff
46273,8810f0c731fffff
46274,8810f08b63fffff
46275,8810f010b7fffff
46276,8810f0c809fffff
46277,8810f42ce9fffff
46278,8810f4b0a5fffff
46279,8810f51227fffff
46280,8810f284c5fffff
46281,8810f68663fffff
46282,8810f5d095fffff
46283,8810a929a7fffff
46284,8810f48185fffff
46285,8810f686adfffff
46286,8810a926b9fffff
46287,8810f63569fffff
46288,8810f05a15fffff
46289,88101b61cbfffff
46290,8810f44965fffff
46291,88101b0f53fffff
46292,8810f51063fffff
46293,8810f6c623fffff
46294,8810a93835fffff
46295,8810f05b27fffff
46296,8810f09ae3fffff
46297,8810f0d761fffff
46298,8810f08011fffff
46299,8810a96d49fffff
46300,8810f68125fffff
46301,8810f4d63dfffff
46302,8810f472cdfffff
46303,8810a92d3bfffff
46304,8810f626c5fffff
46305,88101b6a61fffff
46306,8810a96dadfffff
46307,8810f28045fffff
46308,8810f4799dfffff
46309,8810f43933fffff
46310,8810f282ddfffff
46311,8810f6c6a7fffff
46312,8810f4d6d7fffff
46313,8810a92029fffff
46314,8810f6ae1dfffff
46315,8810f28435fffff
46316,8810f0c52dfffff
46317,8810f4c625fffff
46318,8810f45a3dfffff
46319,88101b05b3fffff
46320,8810f2b355fffff
46321,8810f5455bfffff
46322,8810f4d74bfffff
46323,8810f43a51fffff
46324,88101a6e95fffff
46325,8810f46459fffff
46326,8810f4850bfffff
46327,88101b01cdfffff
46328,8810f6aed5fffff
46329,8810f4b449fffff
46330,8810f6d74bfffff
46331,8810f4d641fffff
46332,8810f01635fffff
46333,8810f58d23fffff
46334,88101b7189fffff
46335,88101b6db7fffff
46336,8810f6b489fffff
46337,8810f68563fffff
46338,8810f2951dfffff
46339,8810f0d541fffff
46340,8810f0b301fffff
46341,8810f0072bfffff
46342,8810f48a89fffff
46343,8810f5c44dfffff
46344,8810f080a1fffff
46345,8810f4a191fffff
46346,8810f44e19fffff
46347,8810f465d7fffff
46348,8810f6852dfffff
46349,88101b6dd1fffff
46350,8810f4013bfffff
46351,8810f5c951fffff
46352,8810f281adfffff
46353,88101b2945fffff
46354,8810f0c75bfffff
46355,8810f509adfffff
46356,8810f0b30dfffff
46357,8810f09721fffff
46358,8810f5c5d5fffff
46359,8810f46a99fffff
46360,88101b09bdfffff
46361,8810f4cc47fffff
46362,8810f41915fffff
46363,8810f475c9fffff
46364,8810f598e3fffff
46365,8810f4d8c3fffff
46366,8810f48c2bfffff
46367,8810f4323bfffff
46368,88101b4c91fffff
46369,8810f4536bfffff
46370,8810f4d2a3fffff
46371,8810f04a07fffff
46372,8810f086e7fffff
46373,8810f01b03fffff
46374,8810f4ac8bfffff
46375,8810f4210dfffff
46376,8810f501d5fffff
46377,8810f42289fffff
46378,8810f5d089fffff
46379,8810f68f5bfffff
46380,8810f00291fffff
46381,8810f4a763fffff
46382,8810f5ba2dfffff
46383,8810f4b805fffff
46384,8810f4340dfffff
46385,8810f472d1fffff
46386,8810f01519fffff
46387,8810f47ae9fffff
46388,8810f69467fffff
46389,8810f50a89fffff
46390,8810f0b337fffff
46391,8810f0c329fffff
46392,8810f5ce21fffff
46393,8810a938bbfffff
46394,88101b393dfffff
46395,8810f0b30bfffff
46396,8810f04189fffff
46397,8810f54b2bfffff
46398,8810f04b37fffff
46399,8810f44ec7fffff
46400,8810a938e5fffff
46401,8810f66e59fffff
46402,8810f6b615fffff
46403,8810f048e9fffff
46404,8810f4af6bfffff
46405,8810f548d3fffff
46406,8810f55635fffff
46407,8810f6ba11fffff
46408,8810f294cbfffff
46409,8810f401b5fffff
46410,8810f51927fffff
46411,8810f6aaa9fffff
46412,8810f4499bfffff
46413,8810f46cd3fffff
46414,8810f28ae1fffff
46415,8810f66433fffff
46416,8810f5da47fffff
46417,8810f6a917fffff
46418,88101b6119fffff
46419,8810f43627fffff
46420,8810f04f27fffff
46421,8810f5b915fffff
46422,8810f60a51fffff
46423,8810f41143fffff
46424,8810a96f3dfffff
46425,88101b0065fffff
46426,8810f401c7fffff
46427,8810f0852dfffff
46428,8810f4b219fffff
46429,8810f47495fffff
46430,8810f6b40bfffff
46431,8810f500edfffff
46432,8810f46505fffff
46433,8810f6b0a1fffff
46434,8810f58b01fffff
46435,8810f43441fffff
46436,8810a926edfffff
46437,8810f63aa9fffff
46438,8810f456a1fffff
46439,8810f4a267fffff
46440,8810f5d201fffff
46441,8810f080ddfffff
46442,8810f549dbfffff
46443,8810f4419bfffff
46444,8810f44851fffff
46445,8810f664dbfffff
46446,8810a938ddfffff
46447,8810f54105fffff
46448,8810f48a0bfffff
46449,8810f62223fffff
46450,88101b6c13fffff
46451,8810f6b143fffff
46452,8810a976d3fffff
46453,8810f42c6bfffff
46454,8810f634d9fffff
46455,8810f4782dfffff
46456,8810f462b5fffff
46457,8810f6920bfffff
46458,8810f40163fffff
46459,8810f6d54dfffff
46460,8810f41295fffff
46461,8810f04d6bfffff
46462,8810f4ce15fffff
46463,8810a97411fffff
46464,8810f6bacbfffff
46465,8810f6aeebfffff
46466,8810f0b9a1fffff
46467,8810f54629fffff
46468,8810f68a23fffff
46469,8810a92e41fffff
46470,8810f4a867fffff
46471,8810f6c1edfffff
46472,8810f45a85fffff
46473,88101b4689fffff
46474,8810f60b09fffff
46475,8810f54639fffff
46476,8810f40ac1fffff
46477,8810a921a7fffff
46478,8810f57a59fffff
46479,8810f49b41fffff
46480,88101b61a9fffff
46481,8810f4226bfffff
46482,8810f04b49fffff
46483,8810f58e31fffff
46484,8810f6a2cdfffff
46485,8810f29717fffff
46486,8810f4024dfffff
46487,8810f0883bfffff
46488,8810aba40dfffff
46489,8810f55441fffff
46490,8810a96ce3fffff
46491,8810f48437fffff
46492,8810f08cc3fffff
46493,8810a926c7fffff
46494,8810f68989fffff
46495,8810f55315fffff
46496,8810f55755fffff
46497,8810f050cdfffff
46498,8810f445e1fffff
46499,88101b08d1fffff
46500,8810f6b005fffff
46501,8810f0802bfffff
46502,8810f6264bfffff
46503,8810f68435fffff
46504,8810a92643fffff
46505,8810f55985fffff
46506,8810f63193fffff
46507,88101b6999fffff
46508,8810f408e7fffff
46509,8810f6d303fffff
46510,8810f46f2dfffff
46511,8810f5cee3fffff
46512,8810f0c5d9fffff
46513,8810f09521fffff
46514,8810f5d08bfffff
46515,88101b0959fffff
46516,8810f54063fffff
46517,8810f62601fffff
46518,8810f5d64dfffff
46519,8810f0c833fffff
46520,8810f448e7fffff
46521,88101b4409fffff
46522,8810f5434bfffff
46523,8810f4698bfffff
46524,8810f62261fffff
46525,8810f0d003fffff
46526,8810f68627fffff
46527,8810f0cb3dfffff
46528,8810f2b319fffff
46529,88101b02b1fffff
46530,8810f696a5fffff
46531,8810f09235fffff
46532,8810f5cc9dfffff
46533,8810f60d9dfffff
46534,8810a9658bfffff
46535,8810f6b129fffff
46536,8810f604bdfffff
46537,8810f6890dfffff
46538,8810f58921fffff
46539,8810f63335fffff
46540,8810f46ed7fffff
46541,8810f694abfffff
46542,8810f62769fffff
46543,8810a934d5fffff
46544,8810f55a0bfffff
46545,8810f47abbfffff
46546,8810f01333fffff
46547,8810f0d747fffff
46548,8810f08401fffff
46549,8810f58907fffff
46550,8810f54593fffff
46551,8810f04185fffff
46552,8810f618abfffff
46553,8810f6b805fffff
46554,8810f54481fffff
46555,8810f08405fffff
46556,8810f630a9fffff
46557,8810f4c4b5fffff
46558,8810f47147fffff
46559,8810f5156dfffff
46560,8810f5cb6bfffff
46561,8810a936b9fffff
46562,8810f28439fffff
46563,8810a960a3fffff
46564,8810f4b409fffff
46565,88101b62a3fffff
46566,8810f62139fffff
46567,8810f0ba55fffff
46568,8810f469ddfffff
46569,8810f4c703fffff
46570,8810f08ee3fffff
46571,8810f4c415fffff
46572,8810f4a0a7fffff
46573,8810f4ae85fffff
46574,8810f6c067fffff
46575,8810f40d93fffff
46576,8810f5966bfffff
46577,8810f6b83bfffff
46578,88101b0d87fffff
46579,8810f66467fffff
46580,8810f63931fffff
46581,8810f5d721fffff
46582,8810f44235fffff
46583,8810f58a01fffff
46584,8810f0ca95fffff
46585,8810f09563fffff
46586,8810f4b891fffff
46587,8810f63557fffff
46588,8810f0db05fffff
46589,8810f582a5fffff
46590,8810f48695fffff
46591,8810f6c2abfffff
46592,8810f01a65fffff
46593,8810f0c1ddfffff
46594,8810a92803fffff
46595,8810f42dc7fffff
46596,8810a921d7fffff
46597,8810f09ab3fffff
46598,8810f4d9d7fffff
46599,8810f091bdfffff
46600,8810f540abfffff
46601,8810f458c5fffff
46602,8810f546e5fffff
46603,8810f62625fffff
46604,8810f51aa3fffff
46605,8810f48d9bfffff
46606,88101b419dfffff
46607,8810f6a6edfffff
46608,8810f0c513fffff
46609,8810f55b47fffff
46610,8810f6af6bfffff
46611,8810f55223fffff
46612,8810f465cdfffff
46613,8810f4a641fffff
46614,8810f59a9dfffff
46615,8810f50363fffff
46616,8810f014d3fffff
46617,8810f548cbfffff
46618,88101b6d6dfffff
46619,88101b01c5fffff
46620,8810f430c9fffff
46621,8810f05241fffff
46622,8810f4b145fffff
46623,8810f42893fffff
46624,8810f4cab5fffff
46625,8810f675e3fffff
46626,88101b7843fffff
46627,8810f0d315fffff
46628,88101b6161fffff
46629,8810a96057fffff
46630,8810f4c99dfffff
46631,8810f5025dfffff
46632,88101b2863fffff
46633,88101b0b31fffff
46634,8810f4d9d1fffff
46635,8810f6d62dfffff
46636,8810f6985dfffff
46637,8810f0b9dbfffff
46638,8810f049b3fffff
46639,8810f09619fffff
46640,8810f4c765fffff
46641,8810f5ce17fffff
46642,8810f696e7fffff
46643,8810f4016bfffff
46644,8810f5cd65fffff
46645,8810f61987fffff
46646,8810f5095dfffff
46647,8810f61a5bfffff
46648,8810f6c4d1fffff
46649,8810f5173dfffff
46650,8810f01585fffff
46651,8810f54ee7fffff
46652,8810f44111fffff
46653,8810f59335fffff
46654,8810f47713fffff
46655,8810f4cc0bfffff
46656,8810f0b9bdfffff
46657,8810a92a57fffff
46658,8810f4c121fffff
46659,8810f692b7fffff
46660,8810f50f6dfffff
46661,8810f6b367fffff
46662,8810f61223fffff
46663,8810f42547fffff
46664,8810f40c69fffff
46665,8810f4982dfffff
46666,8810f5c48bfffff
46667,8810f0812bfffff
46668,8810f5d801fffff
46669,8810f0146bfffff
46670,88101b2dddfffff
46671,8810f4a067fffff
46672,8810f01ab3fffff
46673,8810a96717fffff
46674,8810f43a2dfffff
46675,8810f5419bfffff
46676,8810f44341fffff
46677,8810f0d343fffff
46678,8810f43459fffff
46679,8810f665bdfffff
46680,8810f68a8bfffff
46681,8810f6c51bfffff
46682,8810f6a461fffff
46683,8810f0d245fffff
46684,8810f048a5fffff
46685,8810f479d5fffff
46686,8810f4ce47fffff
46687,8810f080c1fffff
46688,8810f01621fffff
46689,88101a6889fffff
46690,8810f50361fffff
46691,8810f6baa9fffff
46692,88101a6d93fffff
46693,8810f434b7fffff
46694,8810f67429fffff
46695,8810f4d8dbfffff
46696,8810a92817fffff
46697,8810f44167fffff
46698,8810f29657fffff
46699,8810f0930bfffff
46700,8810f61853fffff
46701,8810f62e07fffff
46702,8810f6aa01fffff
46703,8810f5d457fffff
46704,8810f6a9adfffff
46705,8810f0d459fffff
46706,8810f4b6ebfffff
46707,8810f636d3fffff
46708,8810f29667fffff
46709,8810f5c1e5fffff
46710,8810f59b0dfffff
46711,88101b6003fffff
46712,8810f08227fffff
46713,8810f4c613fffff
46714,8810f6d0e3fffff
46715,8810a93a13fffff
46716,8810f6a245fffff
46717,88101b54cbfffff
46718,8810f41b2dfffff
46719,8810f68761fffff
46720,8810f280d7fffff
46721,8810f675c3fffff
46722,8810f5d907fffff
46723,8810f624b3fffff
46724,8810f085dbfffff
46725,8810f552e9fffff
46726,8810f455b1fffff
46727,8810f6b409fffff
46728,8810f5cb05fffff
46729,88101b2823fffff
46730,8810f6a1adfffff
46731,8810f63937fffff
46732,8810f09865fffff
46733,8810f4019bfffff
46734,8810f2930dfffff
46735,8810f4bb61fffff
46736,8810f4a031fffff
46737,8810f0b0a9fffff
46738,8810f66c99fffff
46739,8810f4d8e5fffff
46740,8810f08463fffff
46741,8810f5d5d1fffff
46742,8810f40761fffff
46743,8810f4598dfffff
46744,8810f69561fffff
46745,8810f0c9d7fffff
46746,8810f48db5fffff
46747,8810f4a75bfffff
46748,8810f489e9fffff
46749,8810f40e0bfffff
46750,88101b7755fffff
46751,8810f05351fffff
46752,8810f0c087fffff
46753,8810f4a8ddfffff
46754,8810f6b2ebfffff
46755,8810f08a35fffff
46756,8810f0c6a3fffff
46757,88101b7295fffff
46758,8810f4c715fffff
46759,8810a926c3fffff
46760,8810f63623fffff
46761,8810f68583fffff
46762,8810f0c003fffff
46763,8810f6a5c7fffff
46764,8810f4623bfffff
46765,8810f0d807fffff
46766,8810a92c6bfffff
46767,8810a975a7fffff
46768,8810f45ac3fffff
46769,8810f61b29fffff
46770,8810f42139fffff
46771,8810f4d651fffff
46772,8810f51b6bfffff
46773,8810f08aabfffff
46774,8810f6d6ebfffff
46775,8810f28017fffff
46776,8810f6cf17fffff
46777,8810f62c5dfffff
46778,8810f518b5fffff
46779,8810f0cc19fffff
46780,8810f6383dfffff
46781,8810f6d599fffff
46782,8810f69b07fffff
46783,8810f2b363fffff
46784,8810a966b1fffff
46785,8810f090abfffff
46786,8810f548e3fffff
46787,8810f05b1bfffff
46788,8810f5daabfffff
46789,8810f018d5fffff
46790,8810f5c1edfffff
46791,8810f43409fffff
46792,8810f4ae45fffff
46793,8810f29b57fffff
46794,8810f0b223fffff
46795,8810f5528dfffff
46796,8810f5454bfffff
46797,8810f5d56bfffff
46798,8810f6152dfffff
46799,8810f592dbfffff
46800,8810f4ce17fffff
46801,8810f625d1fffff
46802,8810f63155fffff
46803,88101b7909fffff
46804,8810f4af3dfffff
46805,8810f4c98dfffff
46806,88101b7697fffff
46807,88101b4c23fffff
46808,8810f4651dfffff
46809,8810a968e5fffff
46810,8810f05353fffff
46811,8810f5d5a5fffff
46812,8810f45497fffff
46813,8810f608dbfffff
46814,8810f0d603fffff
46815,8810f05ab3fffff
46816,8810f5515dfffff
46817,8810f290d5fffff
46818,8810f68c1dfffff
46819,8810a9281bfffff
46820,8810f6121bfffff
46821,88101b75a5fffff
46822,8810f440d7fffff
46823,8810f67585fffff
46824,8810f6d1c3fffff
46825,88101b72c9fffff
46826,8810f0d0cbfffff
46827,8810f5c1d3fffff
46828,8810a9359bfffff
46829,8810f4196dfffff
46830,8810f421bbfffff
46831,8810a96013fffff
46832,8810f6a0c1fffff
46833,8810f04365fffff
46834,8810f29321fffff
46835,8810f5d031fffff
46836,8810f610e1fffff
46837,8810f46601fffff
46838,8810f6a29bfffff
46839,8810f66c59fffff
46840,8810f0d2e9fffff
46841,8810f6b92dfffff
46842,8810f50165fffff
46843,88101b66e7fffff
46844,8810f685b3fffff
46845,8810a97425fffff
46846,8810f049a5fffff
46847,8810f68129fffff
46848,8810f404d7fffff
46849,8810f4d8a3fffff
46850,8810f588bbfffff
46851,8810f4ade5fffff
46852,88101b6817fffff
46853,8810f55191fffff
46854,8810f41005fffff
46855,8810f4c2a9fffff
46856,8810f46cddfffff
46857,8810f40cabfffff
46858,8810f6245bfffff
46859,8810f46413fffff
46860,8810f6a015fffff
46861,8810f581bdfffff
46862,8810a92021fffff
46863,8810f5932bfffff
46864,8810f5403dfffff
46865,8810f0d751fffff
46866,8810f0958bfffff
46867,8810a96e4bfffff
46868,8810f614b1fffff
46869,8810f58e29fffff
46870,8810f0aa47fffff
46871,8810f42b35fffff
46872,8810f44b31fffff
46873,8810f5db5dfffff
46874,8810f555adfffff
46875,8810f59a89fffff
46876,8810f00709fffff
46877,8810f46db5fffff
46878,88101b6d25fffff
46879,8810f01113fffff
46880,8810f476e3fffff
46881,8810f45201fffff
46882,8810f68743fffff
46883,8810f40c63fffff
46884,8810f60a43fffff
46885,8810f61225fffff
46886,8810f446d5fffff
46887,8810f68a85fffff
46888,8810f6d2a1fffff
46889,8810f611b9fffff
46890,88101b6129fffff
46891,88101b2951fffff
46892,8810f40639fffff
46893,8810f47629fffff
46894,8810f5c837fffff
46895,8810a96e37fffff
46896,8810f69219fffff
46897,8810f548cdfffff
46898,8810f6a0e1fffff
46899,88101b70e7fffff
46900,8810f6ca83fffff
46901,8810f04203fffff
46902,8810f5170bfffff
46903,8810f05869fffff
46904,8810f29359fffff
46905,8810f085adfffff
46906,8810f61317fffff
46907,88101b7229fffff
46908,8810f54aa9fffff
46909,88101b6ab3fffff
46910,8810f451b9fffff
46911,8810f551a9fffff
46912,8810f6a013fffff
46913,8810f6b48bfffff
46914,8810f0845bfffff
46915,8810f0c8c9fffff
46916,8810f42305fffff
46917,8810f688d9fffff
46918,8810f66e0bfffff
46919,8810f46a23fffff
46920,8810f5c6adfffff
46921,8810f68245fffff
46922,8810f6a23dfffff
46923,8810f5d03dfffff
46924,8810f619d3fffff
46925,8810f0b237fffff
46926,8810f699a5fffff
46927,8810f61a93fffff
46928,8810f4d529fffff
46929,8810f50b6dfffff
46930,8810a96e19fffff
46931,8810f48f2dfffff
46932,8810f0c557fffff
46933,8810f62d1bfffff
46934,8810f614c1fffff
46935,8810f29495fffff
46936,8810f09317fffff
46937,8810f29223fffff
46938,8810f5d597fffff
46939,8810f0d201fffff
46940,8810f46199fffff
46941,8810f58003fffff
46942,8810f4506dfffff
46943,88101b6b45fffff
46944,8810f4462dfffff
46945,8810f5c2adfffff
46946,8810f5d4ebfffff
46947,8810f685edfffff
46948,8810f55245fffff
46949,8810f0c6a5fffff
46950,8810f43361fffff
46951,8810f552b9fffff
46952,8810f05a2dfffff
46953,8810f4cf6bfffff
46954,88101b4539fffff
46955,8810f4036dfffff
46956,8810f5d8bbfffff
46957,8810f04159fffff
46958,8810f58d5bfffff
46959,8810f0c849fffff
46960,8810f45403fffff
46961,8810f0c34dfffff
46962,8810f48ae7fffff
46963,8810f41341fffff
46964,8810f55b67fffff
46965,8810f0876bfffff
46966,8810f29b47fffff
46967,8810f402d1fffff
46968,8810f5102bfffff
46969,8810f68c11fffff
46970,8810f05ac9fffff
46971,8810f685a9fffff
46972,8810f0d887fffff
46973,8810f59a87fffff
46974,8810f6b63dfffff
46975,8810f4b357fffff
46976,8810f48adbfffff
46977,8810f4c0ddfffff
46978,8810f48c8dfffff
46979,8810f42f55fffff
46980,8810f41147fffff
46981,8810f6c8c1fffff
46982,8810f410c3fffff
46983,8810f689d3fffff
46984,8810f664c1fffff
46985,8810a9390bfffff
46986,8810f4d769fffff
46987,8810f42ac9fffff
46988,8810f4b591fffff
46989,88101b4611fffff
46990,88101b0ddbfffff
46991,8810f29813fffff
46992,8810f6d1e3fffff
46993,8810f4733bfffff
46994,8810f0cdc5fffff
46995,88101a6c45fffff
46996,8810f4ab39fffff
46997,8810f60f69fffff
46998,8810f42e15fffff
46999,8810f4ade7fffff
47000,8810f6c035fffff
47001,8810f4ae89fffff
47002,8810f611abfffff
47003,8810f48e39fffff
47004,8810f44db1fffff
47005,8810f42dd7fffff
47006,8810f674d5fffff
47007,8810f62c61fffff
47008,8810f6aa49fffff
47009,8810f68849fffff
47010,8810f46c65fffff
47011,8810f0ce0dfffff
47012,8810f5cce7fffff
47013,8810f5d43bfffff
47014,8810f0aa4dfffff
47015,8810f0c9c1fffff
47016,8810f286ebfffff
47017,8810f5b805fffff
47018,8810f462a7fffff
47019,8810f69b23fffff
47020,8810f61835fffff
47021,8810f48849fffff
47022,8810a920a9fffff
47023,8810f5d36dfffff
47024,88101b7053fffff
47025,8810f63159fffff
47026,8810f55b2dfffff
47027,8810f42cd7fffff
47028,8810f4170bfffff
47029,8810f44b13fffff
47030,8810f05825fffff
47031,88101b6f3bfffff
47032,8810a92967fffff
47033,8810f44985fffff
47034,8810f5d041fffff
47035,8810f0c34bfffff
47036,8810f5169bfffff
47037,8810f018d7fffff
47038,8810a92ccbfffff
47039,8810f4da5dfffff
47040,8810f4d683fffff
47041,8810f46101fffff
47042,8810f4c2abfffff
47043,8810f450b3fffff
47044,8810a96661fffff
47045,8810f40801fffff
47046,8810f6c11bfffff
47047,8810f63a13fffff
47048,8810f6652dfffff
47049,8810a9269bfffff
47050,88101b2d23fffff
47051,8810f0c1abfffff
47052,8810f4ad25fffff
47053,8810a92d17fffff
47054,8810f4421dfffff
47055,8810f6ae07fffff
47056,8810f2936dfffff
47057,8810f5d251fffff
47058,8810f0c6c1fffff
47059,8810f4b925fffff
47060,8810f62a99fffff
47061,8810f40807fffff
47062,8810f08007fffff
47063,8810f4d313fffff
47064,8810f05925fffff
47065,8810a9601dfffff
47066,8810f4a101fffff
47067,8810f41727fffff
47068,8810f46e69fffff
47069,8810f0194bfffff
47070,8810f6da85fffff
47071,8810f5cb65fffff
47072,8810f09b63fffff
47073,8810f4992dfffff
47074,8810f6b2a1fffff
47075,8810f441bdfffff
47076,8810f44c11fffff
47077,8810f41157fffff
47078,8810f0134dfffff
47079,8810f439b3fffff
47080,8810f084dbfffff
47081,8810f58f2dfffff
47082,8810f66f33fffff
47083,8810f62429fffff
47084,8810f6d0b3fffff
47085,8810f40133fffff
47086,88101b7285fffff
47087,8810f4c9bbfffff
47088,8810f4d0d5fffff
47089,8810f59841fffff
47090,8810f500c9fffff
47091,8810f589ebfffff
47092,8810f29357fffff
47093,8810f42609fffff
47094,8810f42695fffff
47095,8810f63805fffff
47096,8810f4b22dfffff
47097,8810f0d663fffff
47098,8810f0845dfffff
47099,8810f46c6dfffff
47100,8810f460e9fffff
47101,8810a92611fffff
47102,8810f475e1fffff
47103,8810f0c519fffff
47104,8810f6b553fffff
47105,8810f5c259fffff
47106,8810f5ba1bfffff
47107,88101b65a9fffff
47108,8810f08099fffff
47109,8810f0c5adfffff
47110,8810f0c309fffff
47111,8810f548a1fffff
47112,8810f5126dfffff
47113,8810f09b57fffff
47114,8810f5b16dfffff
47115,8810f66e51fffff
47116,8810f6d03dfffff
47117,8810f499b1fffff
47118,88101b70c7fffff
47119,8810f40a95fffff
47120,88101b6cdbfffff
47121,8810f63587fffff
47122,8810f4b049fffff
47123,8810f6845bfffff
47124,8810f62f43fffff
47125,8810f05b15fffff
47126,8810f0d90dfffff
47127,88101b78e3fffff
47128,8810f0895dfffff
47129,8810a96d27fffff
47130,88101b3953fffff
47131,8810f63a03fffff
47132,8810f631d9fffff
47133,8810f6b01dfffff
47134,8810f419adfffff
47135,8810f406b9fffff
47136,8810f60f55fffff
47137,8810f42c55fffff
47138,8810f699b5fffff
47139,8810f694b1fffff
47140,8810f098adfffff
47141,8810f551ddfffff
47142,8810f048d7fffff
47143,8810f0959dfffff
47144,8810f5021bfffff
47145,8810f478c9fffff
47146,8810f5d6abfffff
47147,8810f636b7fffff
47148,8810f6a4b7fffff
47149,8810f6d095fffff
47150,8810f4b763fffff
47151,8810f6b827fffff
47152,8810f4a68dfffff
47153,8810f4858dfffff
47154,8810f4a345fffff
47155,8810f5c6cdfffff
47156,8810f4811bfffff
47157,8810f0c867fffff
47158,8810f5502bfffff
47159,8810f44763fffff
47160,8810f0b19bfffff
47161,8810f05b13fffff
47162,8810f6d56dfffff
47163,8810f5da23fffff
47164,8810f6ba85fffff
47165,8810f5503dfffff
47166,8810f62507fffff
47167,8810f466c3fffff
47168,8810f4af67fffff
47169,8810f401bbfffff
47170,8810f5b925fffff
47171,8810f6d125fffff
47172,8810f4d65dfffff
47173,8810f46461fffff
47174,8810aba5d1fffff
47175,8810a92f29fffff
47176,8810f45561fffff
47177,8810f45553fffff
47178,8810f51b23fffff
47179,8810f04a91fffff
47180,8810f0b843fffff
47181,8810f5c943fffff
47182,8810f018ebfffff
47183,8810f0cda5fffff
47184,8810f681e7fffff
47185,8810f4856dfffff
47186,8810f41929fffff
47187,8810f09441fffff
47188,8810f628ebfffff
47189,8810f46e45fffff
47190,8810f4caddfffff
47191,8810a96e89fffff
47192,8810f69437fffff
47193,8810f401c5fffff
47194,8810f69291fffff
47195,8810f01985fffff
47196,8810f095b3fffff
47197,8810f5991dfffff
47198,8810f62c05fffff
47199,8810f54003fffff
47200,8810f558d3fffff
47201,8810f51427fffff
47202,8810f442e7fffff
47203,8810f0d74dfffff
47204,8810f59511fffff
47205,8810f5b943fffff
47206,88101b7655fffff
47207,88101b7763fffff
47208,8810a96e57fffff
47209,88101b55a3fffff
47210,8810f41997fffff
47211,8810f421cbfffff
47212,8810f63a6dfffff
47213,8810f4c185fffff
47214,8810f622d7fffff
47215,8810f0c2a5fffff
47216,8810f58f69fffff
47217,8810f636c9fffff
47218,8810f55b3dfffff
47219,8810a92013fffff
47220,88101b6251fffff
47221,8810f66f39fffff
47222,8810f4b40bfffff
47223,8810f5735bfffff
47224,8810f47847fffff
47225,8810a968b9fffff
47226,8810f4650dfffff
47227,88101b608bfffff
47228,8810f4b8d3fffff
47229,8810f63847fffff
47230,8810f43b65fffff
47231,8810f62113fffff
47232,8810f28409fffff
47233,8810f6adc1fffff
47234,8810f42909fffff
47235,8810f40c11fffff
47236,8810f46083fffff
47237,8810f5dae7fffff
47238,8810f42ad7fffff
47239,88101b4985fffff
47240,8810f43483fffff
47241,8810f6d33bfffff
47242,8810f6b6cdfffff
47243,8810f54e13fffff
47244,8810f62ab9fffff
47245,8810f510edfffff
47246,8810f4b0c1fffff
47247,8810f4ad27fffff
47248,8810f634e5fffff
47249,8810f43339fffff
47250,88101b61e7fffff
47251,8810f44d85fffff
47252,8810f0c2d3fffff
47253,8810f6a945fffff
47254,8810f0c163fffff
47255,8810f518c9fffff
47256,8810f0c223fffff
47257,8810f09a6dfffff
47258,8810f435b9fffff
47259,8810f5cda7fffff
47260,8810f43737fffff
47261,8810f51327fffff
47262,8810f088d5fffff
47263,8810f6a045fffff
47264,8810f45233fffff
47265,8810f4c5c7fffff
47266,8810f484e7fffff
47267,88101a6d17fffff
47268,8810f4ccdbfffff
47269,8810f5c6b7fffff
47270,8810f414ddfffff
47271,8810f48c3dfffff
47272,8810f4a55dfffff
47273,8810f0033dfffff
47274,8810f42a9bfffff
47275,8810f630cbfffff
47276,8810f48a83fffff
47277,8810f084cdfffff
47278,8810f40c37fffff
47279,88101b41b7fffff
47280,88101b6749fffff
47281,8810f46dd3fffff
47282,8810f09143fffff
47283,8810f4af69fffff
47284,8810f4d823fffff
47285,8810f0d2e3fffff
47286,8810f08b03fffff
47287,8810f42eb3fffff
47288,8810f542d3fffff
47289,8810f6a733fffff
47290,8810f40d33fffff
47291,8810f62d47fffff
47292,8810f6da97fffff
47293,8810a92367fffff
47294,8810f58019fffff
47295,8810f4c6c7fffff
47296,8810f4492dfffff
47297,8810a964bbfffff
47298,88101b085dfffff
47299,8810f45131fffff
47300,8810a928a5fffff
47301,8810f638e7fffff
47302,8810f62c11fffff
47303,8810f58dd1fffff
47304,8810f5bac9fffff
47305,8810f4ae33fffff
47306,8810f6d03bfffff
47307,8810f681e3fffff
47308,8810f48e69fffff
47309,8810f68ae1fffff
47310,8810f556c5fffff
47311,88101b7865fffff
47312,8810f51203fffff
47313,88101a6e0dfffff
47314,8810a97455fffff
47315,8810f0c8c1fffff
47316,8810f415dbfffff
47317,8810f5541bfffff
47318,8810f0b909fffff
47319,8810f5d4abfffff
47320,8810f55669fffff
47321,88101b056dfffff
47322,8810f6c139fffff
47323,8810f408c1fffff
47324,8810f446b5fffff
47325,8810f40157fffff
47326,8810f61757fffff
47327,8810f6b095fffff
47328,8810f0c50dfffff
47329,8810f4d6ebfffff
47330,8810f6d75dfffff
47331,8810f0dab5fffff
47332,8810f095b7fffff
47333,8810f5459dfffff
47334,8810f54f53fffff
47335,8810f05201fffff
47336,8810f47213fffff
47337,8810f468cdfffff
47338,88101b081bfffff
47339,8810f69809fffff
47340,8810f4b0b3fffff
47341,8810f4d01dfffff
47342,8810f446e5fffff
47343,8810f0c58bfffff
47344,8810f698c5fffff
47345,8810f4c16bfffff
47346,8810f519bdfffff
47347,8810f284c7fffff
47348,8810f589e7fffff
47349,8810f476b1fffff
47350,8810f5093dfffff
47351,88101b7467fffff
47352,8810f4daa3fffff
47353,8810f68cadfffff
47354,8810f412c7fffff
47355,8810f42ecdfffff
47356,88101b0a09fffff
47357,8810f292e7fffff
47358,8810a93b5dfffff
47359,8810f2b307fffff
47360,8810f580cdfffff
47361,88101a6ec9fffff
47362,8810f28049fffff
47363,8810f4560bfffff
47364,88101b76e9fffff
47365,8810a92c31fffff
47366,8810f0d085fffff
47367,8810f08363fffff
47368,8810f0c0a1fffff
47369,8810f0b90bfffff
47370,8810f5c6b3fffff
47371,8810f479abfffff
47372,88101b0ed9fffff
47373,8810f29a3bfffff
47374,8810f6d5d1fffff
47375,8810f68109fffff
47376,8810f0c36dfffff
47377,8810f674ddfffff
47378,8810f5441bfffff
47379,8810f66e27fffff
47380,8810f61b59fffff
47381,8810f5d535fffff
47382,8810f44367fffff
47383,8810f4b057fffff
47384,8810f4665bfffff
47385,8810f546cbfffff
47386,8810f6c049fffff
47387,88101b296bfffff
47388,8810f6a929fffff
47389,8810f486c3fffff
47390,8810f42ee9fffff
47391,8810f45647fffff
47392,8810a96d51fffff
47393,8810f28243fffff
47394,8810f49b57fffff
47395,8810f0b339fffff
47396,8810f0d803fffff
47397,8810f674e7fffff
47398,88101b0d25fffff
47399,8810f46999fffff
47400,8810f472e9fffff
47401,88101b6eedfffff
47402,8810f0d2e7fffff
47403,8810f42e5bfffff
47404,8810f4443bfffff
47405,88101b74d7fffff
47406,8810f08cebfffff
47407,8810f42495fffff
47408,8810a9240dfffff
47409,88101b684dfffff
47410,8810f2911bfffff
47411,8810f45a45fffff
47412,8810f0435dfffff
47413,8810a92b19fffff
47414,8810f0db37fffff
47415,8810f46a81fffff
47416,88101b6e05fffff
47417,8810f66c9bfffff
47418,8810f4b15dfffff
47419,8810f54451fffff
47420,8810f6b403fffff
47421,8810f6a583fffff
47422,8810f6240bfffff
47423,8810f4b9b1fffff
47424,8810f660e5fffff
47425,8810f48a19fffff
47426,8810f48cdbfffff
47427,8810f4b5bdfffff
47428,8810f015bdfffff
47429,8810f29b1dfffff
47430,8810f4acd1fffff
47431,8810f0d699fffff
47432,8810f55007fffff
47433,8810f5c423fffff
47434,8810f4b825fffff
47435,8810f58083fffff
47436,8810f0c537fffff
47437,8810f4bb11fffff
47438,8810f551d7fffff
47439,8810f5c5e7fffff
47440,8810a96c8bfffff
47441,8810f5ce55fffff
47442,8810aba459fffff
47443,8810f00769fffff
47444,8810f43889fffff
47445,8810f51a35fffff
47446,8810f0ca07fffff
47447,88101b7143fffff
47448,8810f5d54dfffff
47449,8810f0b32bfffff
47450,8810f406a3fffff
47451,8810f6272bfffff
47452,8810f2b25bfffff
47453,8810f5c227fffff
47454,88101b6219fffff
47455,8810f426a9fffff
47456,88101b7819fffff
47457,8810f5cd37fffff
47458,8810f4175dfffff
47459,8810f28047fffff
47460,8810f44cebfffff
47461,8810f44c09fffff
47462,8810f690a7fffff
47463,8810a965d5fffff
47464,8810f05b41fffff
47465,8810f4d617fffff
47466,8810f6a427fffff
47467,8810f5d901fffff
47468,8810f2b341fffff
47469,8810f4d6abfffff
47470,8810f4a2cdfffff
47471,8810f0b939fffff
47472,8810f41013fffff
47473,8810f66ad3fffff
47474,8810f2870dfffff
47475,8810f69b55fffff
47476,88101b6e9bfffff
47477,8810f66107fffff
47478,8810a96c97fffff
47479,8810f5c835fffff
47480,8810f4a2a5fffff
47481,8810f429b9fffff
47482,8810f4819dfffff
47483,88101b79e3fffff
47484,8810f6a6e5fffff
47485,88101b4591fffff
47486,8810f67603fffff
47487,8810f44239fffff
47488,8810f08c17fffff
47489,8810f42b3bfffff
47490,88101b6925fffff
47491,8810f435adfffff
47492,8810f6270dfffff
47493,8810f55653fffff
47494,88101b0b45fffff
47495,8810f4d06bfffff
47496,88101b0731fffff
47497,8810f4b6edfffff
47498,8810f558a7fffff
47499,8810f41435fffff
47500,8810f69967fffff
47501,8810f4d489fffff
47502,8810f546b3fffff
47503,88101b2c35fffff
47504,8810f4aecdfffff
47505,8810f551b3fffff
47506,88101b72ddfffff
47507,8810f4d687fffff
47508,8810f0952bfffff
47509,8810f6c2d7fffff
47510,8810f55b15fffff
47511,8810f28229fffff
47512,8810f612abfffff
47513,8810a96ec3fffff
47514,88101b72a7fffff
47515,8810f460ddfffff
47516,8810f0d1abfffff
47517,8810a9252bfffff
47518,8810f4b169fffff
47519,8810f05013fffff
47520,88101b6895fffff
47521,8810f4c9c1fffff
47522,8810f4ca0dfffff
47523,8810f4470bfffff
47524,8810f4473bfffff
47525,8810a96d39fffff
47526,8810f438cdfffff
47527,8810f08681fffff
47528,88101b74ddfffff
47529,88101b7883fffff
47530,8810f6b601fffff
47531,8810f432c1fffff
47532,8810a96711fffff
47533,8810f57249fffff
47534,8810f55507fffff
47535,8810f09765fffff
47536,8810f54c19fffff
47537,8810f6d49dfffff
47538,8810f41851fffff
47539,8810f41825fffff
47540,8810f5c8a5fffff
47541,8810f47a3dfffff
47542,8810f50f55fffff
47543,8810f61341fffff
47544,8810f6c2e7fffff
47545,88101b0017fffff
47546,8810f4a633fffff
47547,8810f05117fffff
47548,8810f5d513fffff
47549,8810f44081fffff
47550,8810f0d9c3fffff
47551,8810f68b43fffff
47552,8810f47013fffff
47553,8810a93aa7fffff
47554,8810f47a57fffff
47555,8810f5cc1bfffff
47556,8810f45719fffff
47557,8810f479b7fffff
47558,8810f28285fffff
47559,8810f68e47fffff
47560,8810f62a57fffff
47561,8810f08cedfffff
47562,8810f6ae27fffff
47563,8810f40a13fffff
47564,88101b74abfffff
47565,8810f6d557fffff
47566,8810f0b31bfffff
47567,8810f6233dfffff
47568,8810f689e5fffff
47569,8810f5d4c9fffff
47570,8810f54ac1fffff
47571,8810f050a1fffff
47572,8810f09321fffff
47573,8810f29581fffff
47574,8810f6184bfffff
47575,8810f28165fffff
47576,8810f296d1fffff
47577,8810f6813bfffff
47578,8810f4154dfffff
47579,88101b0d27fffff
47580,8810f4c423fffff
47581,8810f05897fffff
47582,8810f6da55fffff
47583,8810f6314dfffff
47584,8810f4a653fffff
47585,8810f60061fffff
47586,8810f0d753fffff
47587,8810f4163dfffff
47588,8810f40437fffff
47589,8810f09b37fffff
47590,8810a928abfffff
47591,8810f4c2e1fffff
47592,8810f0191dfffff
47593,8810f099a7fffff
47594,8810f08ed5fffff
47595,8810f5b821fffff
47596,8810a92e37fffff
47597,8810f6a353fffff
47598,8810f0ce8bfffff
47599,8810f4c533fffff
47600,8810f5c2e7fffff
47601,8810f4b33bfffff
47602,88101a6c0dfffff
47603,8810a9611bfffff
47604,8810f098a3fffff
47605,8810f41863fffff
47606,8810f4163bfffff
47607,8810f54599fffff
47608,8810f08369fffff
47609,8810f5174bfffff
47610,8810f4a16bfffff
47611,88101b6405fffff
47612,8810f470e3fffff
47613,88101b7101fffff
47614,8810f0b0b9fffff
47615,8810f0c0d5fffff
47616,8810f55051fffff
47617,8810f426abfffff
47618,8810f5c747fffff
47619,8810f62081fffff
47620,88101b29e5fffff
47621,8810f62147fffff
47622,8810f4cf41fffff
47623,8810f0c719fffff
47624,8810f5d09dfffff
47625,8810f0b985fffff
47626,8810f6a73dfffff
47627,8810f660e7fffff
47628,8810f43219fffff
47629,8810f45625fffff
47630,8810f09409fffff
47631,8810f09541fffff
47632,8810f630c1fffff
47633,8810f51949fffff
47634,8810f54c15fffff
47635,8810f478cdfffff
47636,8810f5c157fffff
47637,88101b4ad1fffff
47638,8810f012b3fffff
47639,8810f60a69fffff
47640,8810f08033fffff
47641,8810f556dbfffff
47642,8810f47911fffff
47643,8810f6d1b7fffff
47644,8810f4d653fffff
47645,8810f58543fffff
47646,8810f43291fffff
47647,8810a9398dfffff
47648,8810f0ccb7fffff
47649,8810f6a199fffff
47650,88101b4441fffff
47651,8810f558bdfffff
47652,8810f51563fffff
47653,8810f402a5fffff
47654,8810f096adfffff
47655,8810f51a37fffff
47656,88101b4621fffff
47657,8810f095d7fffff
47658,8810f011abfffff
47659,8810f5570bfffff
47660,88101b455dfffff
47661,8810f55a55fffff
47662,8810f6c1c3fffff
47663,8810f6da47fffff
47664,8810f45009fffff
47665,88101b6c4bfffff
47666,8810f0cb41fffff
47667,8810a92069fffff
47668,8810f4cb33fffff
47669,8810f6daa1fffff
47670,8810f63701fffff
47671,88101b0e69fffff
47672,8810f2954bfffff
47673,8810f44587fffff
47674,88101b0ac9fffff
47675,8810f50acbfffff
47676,8810f5d063fffff
47677,8810f6276dfffff
47678,8810f6d429fffff
47679,8810f0cf69fffff
47680,8810f6ad03fffff
47681,8810f432d5fffff
47682,8810f0981dfffff
47683,8810f5c291fffff
47684,8810f6a121fffff
47685,8810f61513fffff
47686,8810f422b1fffff
47687,8810f04359fffff
47688,8810f6a8e1fffff
47689,8810f28603fffff
47690,8810f00747fffff
47691,8810f4b9b5fffff
47692,8810f05249fffff
47693,88101b3945fffff
47694,8810f0c2c3fffff
47695,8810f0ca13fffff
47696,8810f4ac3bfffff
47697,8810f46281fffff
47698,8810f618b3fffff
47699,8810f50b3bfffff
47700,8810f0433bfffff
47701,8810f47167fffff
47702,8810f69863fffff
47703,8810f6149bfffff
47704,88101b5499fffff
47705,8810f59267fffff
47706,8810f611dbfffff
47707,8810f58835fffff
47708,8810f62701fffff
47709,8810a96537fffff
47710,8810f6d821fffff
47711,8810f55585fffff
47712,8810f58e05fffff
47713,8810f405c9fffff
47714,8810f2840dfffff
47715,8810f4d68bfffff
47716,8810f4d615fffff
47717,8810f0d5e9fffff
47718,8810a96755fffff
47719,8810f696bbfffff
47720,8810f58895fffff
47721,88101b54c9fffff
47722,8810f46c27fffff
47723,8810f085bbfffff
47724,8810f66e33fffff
47725,8810f58eb7fffff
47726,8810f4581bfffff
47727,88101b65a1fffff
47728,8810f0c029fffff
47729,8810f412d7fffff
47730,8810f4374dfffff
47731,8810f28719fffff
47732,8810f4c111fffff
47733,8810f284e7fffff
47734,8810a92647fffff
47735,8810f094b9fffff
47736,8810f011edfffff
47737,8810f0498dfffff
47738,8810f69153fffff
47739,8810f66425fffff
47740,8810f48c43fffff
47741,8810f0d369fffff
47742,8810f4a037fffff
47743,8810f5cab9fffff
47744,8810f09aa7fffff
47745,8810f4150bfffff
47746,88101b471bfffff
47747,8810f6c557fffff
47748,8810f44137fffff
47749,8810f6a443fffff
47750,8810f624a9fffff
47751,8810f51651fffff
47752,8810f08835fffff
47753,8810f085a3fffff
47754,8810f0b859fffff
47755,8810f09701fffff
47756,8810f5d48bfffff
47757,8810f54153fffff
47758,8810f4a661fffff
47759,8810f63629fffff
47760,8810f4c0cdfffff
47761,88101b2dd5fffff
47762,8810f42a33fffff
47763,8810f4376dfffff
47764,8810a925b3fffff
47765,8810f4d91dfffff
47766,8810f61407fffff
47767,8810f62cc3fffff
47768,8810f28545fffff
47769,8810f5da91fffff
47770,8810f555bbfffff
47771,88101b4ec5fffff
47772,8810f6a087fffff
47773,8810f46cb5fffff
47774,8810f68843fffff
47775,8810f0c607fffff
47776,8810f5503bfffff
47777,8810f4c2bbfffff
47778,8810f4a919fffff
47779,88101b4669fffff
47780,8810f2981dfffff
47781,8810f4a099fffff
47782,8810f61961fffff
47783,8810f0b163fffff
47784,8810f6a12dfffff
47785,88101b6f45fffff
47786,8810f6d0c1fffff
47787,8810a96c6dfffff
47788,8810f0c4bdfffff
47789,88101b6f69fffff
47790,8810f0ba6dfffff
47791,8810f6a4d3fffff
47792,8810a92ea9fffff
47793,8810a935dbfffff
47794,8810f54987fffff
47795,8810f0c1b3fffff
47796,8810f55759fffff
47797,8810a974b1fffff
47798,8810f542ddfffff
47799,8810f47669fffff
47800,8810f04f35fffff
47801,8810f498a1fffff
47802,8810f51537fffff
47803,8810f4c36dfffff
47804,8810f42925fffff
47805,8810f0d2bbfffff
47806,8810f47ab7fffff
47807,8810f486e5fffff
47808,8810f5da93fffff
47809,8810f61365fffff
47810,8810f0d4b1fffff
47811,8810f40847fffff
47812,8810f4b269fffff
47813,8810f63445fffff
47814,8810f4b6d9fffff
47815,8810f68415fffff
47816,8810f695e7fffff
47817,8810f6b243fffff
47818,8810f42237fffff
47819,8810f4a09dfffff
47820,8810f45759fffff
47821,8810f5b9cdfffff
47822,8810f4a691fffff
47823,88101b4587fffff
47824,88101b0981fffff
47825,88101b05a5fffff
47826,8810f28625fffff
47827,8810a935ebfffff
47828,8810f5c09bfffff
47829,8810f555b7fffff
47830,8810f4b059fffff
47831,8810f626d9fffff
47832,8810a925bbfffff
47833,8810f6c751fffff
47834,8810f45ad9fffff
47835,8810f41999fffff
47836,8810f0188bfffff
47837,8810f5d8d9fffff
47838,8810f6d5c7fffff
47839,8810f5532bfffff
47840,8810f01523fffff
47841,8810f4a627fffff
47842,8810f0c461fffff
47843,8810f4576bfffff
47844,8810f58a19fffff
47845,8810f0b921fffff
47846,8810f4234bfffff
47847,8810f59b03fffff
47848,8810a92e8dfffff
47849,8810f661c5fffff
47850,8810f55321fffff
47851,8810f0900bfffff
47852,8810f0508dfffff
47853,8810f63667fffff
47854,8810f58917fffff
47855,8810f5db03fffff
47856,88101b6e61fffff
47857,8810f5988dfffff
47858,8810f58837fffff
47859,8810a92dc3fffff
47860,8810f610e5fffff
47861,8810f09861fffff
47862,8810f4422bfffff
47863,8810f442cdfffff
47864,8810f08459fffff
47865,8810f0ba37fffff
47866,8810f280a5fffff
47867,8810f6c261fffff
47868,8810f40ebdfffff
47869,8810f54165fffff
47870,8810f050edfffff
47871,8810f4cccbfffff
47872,88101b6951fffff
47873,8810f45499fffff
47874,8810f08117fffff
47875,8810f584bbfffff
47876,8810f5d5c5fffff
47877,88101b6c0dfffff
47878,8810f4ad45fffff
47879,8810f47721fffff
47880,8810f058c5fffff
47881,8810f474e7fffff
47882,8810f6a25bfffff
47883,8810f69aa7fffff
47884,8810f28327fffff
47885,8810aba46bfffff
47886,88101a6cebfffff
47887,88101b0525fffff
47888,8810f636c7fffff
47889,8810f01ad7fffff
47890,8810f086d3fffff
47891,8810f61155fffff
47892,8810f08ebdfffff
47893,8810f291adfffff
47894,8810f6aa9bfffff
47895,8810f0d913fffff
47896,8810f05057fffff
47897,8810a9242bfffff
47898,8810f6331bfffff
47899,8810f0c65bfffff
47900,8810f09a93fffff
47901,8810a96769fffff
47902,8810f54d45fffff
47903,8810f4b201fffff
47904,8810f4b193fffff
47905,8810f0bb37fffff
47906,8810f5181bfffff
47907,8810f610edfffff
47908,8810f41647fffff
47909,8810f0b963fffff
47910,8810f0b1e5fffff
47911,8810f4c011fffff
47912,8810f43a1dfffff
47913,8810f549c9fffff
47914,88101b704dfffff
47915,8810f51421fffff
47916,8810f0d2e1fffff
47917,8810f40ae5fffff
47918,88101a6e9dfffff
47919,8810f296a7fffff
47920,8810aba453fffff
47921,8810f4399dfffff
47922,8810f6d1b9fffff
47923,8810f51065fffff
47924,8810f0d915fffff
47925,8810f4b017fffff
47926,88101b6cc3fffff
47927,8810f451b3fffff
47928,8810f0c9a5fffff
47929,8810f54841fffff
47930,8810f4c9b7fffff
47931,8810f54669fffff
47932,8810f685a1fffff
47933,8810f61291fffff
47934,8810f019e7fffff
47935,8810f4b927fffff
47936,8810f4b769fffff
47937,8810f41b17fffff
47938,8810f6a49bfffff
47939,8810f50ad1fffff
47940,8810f6a195fffff
47941,8810f0d037fffff
47942,8810f5d6c9fffff
47943,8810f5ca97fffff
47944,8810f4c8adfffff
47945,8810f62491fffff
47946,8810f6d409fffff
47947,8810f6745dfffff
47948,8810f4b5abfffff
47949,8810f548d9fffff
47950,8810f48c09fffff
47951,8810f58aabfffff
47952,8810f0130dfffff
47953,8810f63055fffff
47954,88101b0f01fffff
47955,88101b6803fffff
47956,88101b75d9fffff
47957,8810f42117fffff
47958,88101b0cbdfffff
47959,8810f058adfffff
47960,8810f0c133fffff
47961,8810f6248dfffff
47962,8810f431c7fffff
47963,88101b6823fffff
47964,8810f6a141fffff
47965,8810f50f47fffff
47966,8810f4aeebfffff
47967,88101b45a3fffff
47968,8810f0d21dfffff
47969,8810f6759dfffff
47970,8810f5d9adfffff
47971,8810f28139fffff
47972,8810f0cd5bfffff
47973,8810f46f4dfffff
47974,8810f4a659fffff
47975,8810f4b46bfffff
47976,8810f6d42dfffff
47977,8810f63195fffff
47978,8810f0856dfffff
47979,8810f58ea9fffff
47980,8810f5cf65fffff
47981,8810f501a1fffff
47982,8810f58315fffff
47983,8810f6a36dfffff
47984,8810f68683fffff
47985,8810f50f27fffff
47986,8810f6cf63fffff
47987,88101b7321fffff
47988,88101a6db3fffff
47989,8810f55935fffff
47990,88101b3951fffff
47991,8810f5888dfffff
47992,8810f63a8dfffff
47993,8810a96d25fffff
47994,8810f66183fffff
47995,88101b7ae9fffff
47996,8810f09a57fffff
47997,88101b62dbfffff
47998,8810f5c813fffff
47999,8810f0cf65fffff
48000,8810a92007fffff
48001,8810f01087fffff
48002,88101a6c4bfffff
48003,8810f60ccdfffff
48004,8810f5599bfffff
48005,8810f5c497fffff
48006,8810f675bbfffff
48007,8810f680ddfffff
48008,8810f40621fffff
48009,8810f4386dfffff
48010,88101a6dcbfffff
48011,8810f6112bfffff
48012,8810aba461fffff
48013,8810f46f23fffff
48014,8810f0c587fffff
48015,8810a96c41fffff
48016,8810a926bbfffff
48017,8810f60eb7fffff
48018,8810f6b6c1fffff
48019,8810f4c4b9fffff
48020,8810f6ac1bfffff
48021,8810f6d24bfffff
48022,8810f4d66bfffff
48023,8810f4cc21fffff
48024,8810f4302bfffff
48025,8810f638a1fffff
48026,8810f4324bfffff
48027,88101b786dfffff
48028,8810f0996dfffff
48029,8810f510cbfffff
48030,88101b6133fffff
48031,8810a9669bfffff
48032,8810f286a9fffff
48033,8810f4ce05fffff
48034,8810f40007fffff
48035,8810f4a88bfffff
48036,8810f4b2b5fffff
48037,8810f66489fffff
48038,8810f28061fffff
48039,8810f4461bfffff
48040,8810f59a2bfffff
48041,8810f6af0dfffff
48042,8810f295e5fffff
48043,8810f68861fffff
48044,8810f09245fffff
48045,8810f50d6dfffff
48046,8810f0c26bfffff
48047,8810f0da33fffff
48048,8810f04047fffff
48049,8810f62149fffff
48050,8810f6b2c9fffff
48051,8810f48427fffff
48052,8810f469cbfffff
48053,8810f4b611fffff
48054,88101b4e4dfffff
48055,8810f46531fffff
48056,8810f4aa01fffff
48057,8810f48da1fffff
48058,8810f48987fffff
48059,8810f55591fffff
48060,8810f5c421fffff
48061,8810f699d7fffff
48062,8810a921edfffff
48063,8810f5b9adfffff
48064,8810f66ed1fffff
48065,8810f5d569fffff
48066,8810f54015fffff
48067,8810f48b67fffff
48068,88101b4c57fffff
48069,8810f42c41fffff
48070,88101b0801fffff
48071,8810f42347fffff
48072,8810f5934dfffff
48073,8810f61abbfffff
48074,8810f63991fffff
48075,8810f67461fffff
48076,8810f5030dfffff
48077,88101b7b61fffff
48078,8810a96831fffff
48079,88101b56e7fffff
48080,8810f6c72bfffff
48081,8810f69247fffff
48082,8810f66c15fffff
48083,88101b0f17fffff
48084,8810f44165fffff
48085,88101b4769fffff
48086,8810f4d567fffff
48087,8810f621d1fffff
48088,8810f44ae3fffff
48089,8810f6183dfffff
48090,8810f4883dfffff
48091,8810f620a5fffff
48092,88101b0529fffff
48093,8810f6c8c9fffff
48094,8810f0c011fffff
48095,8810f46301fffff
48096,8810f49855fffff
48097,8810f401a9fffff
48098,8810f47aadfffff
48099,8810f4c19bfffff
48100,8810f094a9fffff
48101,8810f43557fffff
48102,8810f010d7fffff
48103,8810f460b1fffff
48104,8810f48d5bfffff
48105,8810f47741fffff
48106,8810a960b3fffff
48107,8810f405adfffff
48108,8810f4b0c9fffff
48109,8810a92925fffff
48110,8810f68749fffff
48111,8810f291e5fffff
48112,8810a93ad5fffff
48113,8810f6b511fffff
48114,8810f6b299fffff
48115,8810f6130dfffff
48116,8810f08457fffff
48117,8810f5d561fffff
48118,8810a920ebfffff
48119,8810f43317fffff
48120,8810f4c905fffff
48121,8810f51b25fffff
48122,8810f498b5fffff
48123,8810f69213fffff
48124,8810f59a03fffff
48125,8810f478a7fffff
48126,8810f45701fffff
48127,8810f588c5fffff
48128,8810f590a1fffff
48129,88101b7845fffff
48130,8810f59a09fffff
48131,8810f05053fffff
48132,88101b7211fffff
48133,8810f6a88dfffff
48134,8810f45253fffff
48135,8810f4cd2dfffff
48136,8810f44d61fffff
48137,8810f4cc65fffff
48138,88101b0a59fffff
48139,8810f69315fffff
48140,8810f502c9fffff
48141,8810f0cab3fffff
48142,8810a92e0bfffff
48143,8810a96741fffff
48144,8810f05565fffff
48145,8810f51217fffff
48146,8810f0130bfffff
48147,8810f4d33bfffff
48148,8810f6b989fffff
48149,8810f6c33bfffff
48150,88101b76c7fffff
48151,8810f29aa3fffff
48152,8810f0b849fffff
48153,8810f29abdfffff
48154,8810f42a01fffff
48155,8810f44453fffff
48156,8810f68b35fffff
48157,8810f4073dfffff
48158,8810f68605fffff
48159,8810f29b03fffff
48160,8810f63923fffff
48161,8810f5885dfffff
48162,88101b6e57fffff
48163,8810f4886bfffff
48164,8810f63465fffff
48165,8810f2ba59fffff
48166,8810f404bdfffff
48167,88101b6509fffff
48168,8810f428e1fffff
48169,8810f0d9b1fffff
48170,8810f29327fffff
48171,8810f4cac1fffff
48172,8810f4a2e3fffff
48173,88101b45b5fffff
48174,88101b4d35fffff
48175,88101b6657fffff
48176,8810f0190dfffff
48177,8810f540c5fffff
48178,8810f0b927fffff
48179,88101b6e1dfffff
48180,8810f615c9fffff
48181,8810f5da2dfffff
48182,8810f08935fffff
48183,88101a6f23fffff
48184,8810a962b3fffff
48185,8810f6cee9fffff
48186,8810f0d8ddfffff
48187,8810a976c5fffff
48188,8810a9670bfffff
48189,8810f42cc3fffff
48190,88101b0dc3fffff
48191,8810f51211fffff
48192,8810f6ac9dfffff
48193,8810f6971bfffff
48194,8810f28417fffff
48195,8810f42819fffff
48196,8810f44d11fffff
48197,8810f428a9fffff
48198,8810f0da4bfffff
48199,8810f4dad3fffff
48200,8810f63413fffff
48201,88101b76d7fffff
48202,88101b7b29fffff
48203,8810f62027fffff
48204,8810f0d0b3fffff
48205,8810f61411fffff
48206,8810f041a5fffff
48207,8810a96893fffff
48208,8810f4b749fffff
48209,8810f546a7fffff
48210,88101b745bfffff
48211,8810f291c9fffff
48212,8810f69643fffff
48213,8810f4a321fffff
48214,8810a938c7fffff
48215,8810a92aabfffff
48216,8810f4c30bfffff
48217,8810f0cd69fffff
48218,8810f54f21fffff
48219,8810f62687fffff
48220,8810f58141fffff
48221,8810f61a91fffff
48222,8810a92851fffff
48223,8810f5d6bdfffff
48224,8810f4cdd1fffff
48225,8810f45483fffff
48226,8810f5cb2dfffff
48227,8810f099b1fffff
48228,8810a93127fffff
48229,8810f5db61fffff
48230,8810f08593fffff
48231,8810f48d99fffff
48232,8810a934b3fffff
48233,8810f5c957fffff
48234,88101b6d99fffff
48235,8810f5cac3fffff
48236,8810f462a5fffff
48237,8810f4389bfffff
48238,8810f6c659fffff
48239,8810f42011fffff
48240,8810f41a9bfffff
48241,8810f59151fffff
48242,8810f0942bfffff
48243,88101b6d95fffff
48244,8810f4a4b1fffff
48245,8810f47747fffff
48246,8810f0ca27fffff
48247,8810f41909fffff
48248,8810f40eb9fffff
48249,88101b4d61fffff
48250,8810f635c7fffff
48251,8810f5405dfffff
48252,8810f4ae3bfffff
48253,88101a6f05fffff
48254,88101b72b7fffff
48255,8810f47155fffff
48256,8810f082a7fffff
48257,8810f40955fffff
48258,8810f0b00dfffff
48259,8810f4124bfffff
48260,8810a934c7fffff
48261,8810f44acbfffff
48262,8810f41513fffff
48263,8810f4a31bfffff
48264,88101b09d1fffff
48265,8810f404a3fffff
48266,8810f5169dfffff
48267,8810f01415fffff
48268,8810f696adfffff
48269,8810a926ddfffff
48270,8810a97505fffff
48271,8810f460edfffff
48272,88101b4d27fffff
48273,8810f0cb05fffff
48274,8810aba59bfffff
48275,8810f04995fffff
48276,8810f69a87fffff
48277,8810f55617fffff
48278,8810f6b711fffff
48279,8810f011e3fffff
48280,8810f49b43fffff
48281,8810f5c881fffff
48282,8810f000adfffff
48283,8810f5846dfffff
48284,8810f01b29fffff
48285,8810f48403fffff
48286,8810a92915fffff
48287,88101b634dfffff
48288,8810f6cf11fffff
48289,8810f501d1fffff
48290,8810a92545fffff
48291,8810f4216bfffff
48292,8810f0c481fffff
48293,8810f290c1fffff
48294,8810f6b6d3fffff
48295,88101b089bfffff
48296,8810f69129fffff
48297,88101b7519fffff
48298,8810f2963bfffff
48299,8810f0c0e3fffff
48300,88101b6c55fffff
48301,8810f04911fffff
48302,8810f43809fffff
48303,8810f40d6dfffff
48304,8810f4ad4bfffff
48305,8810f6c00bfffff
48306,8810f5ca55fffff
48307,8810f59215fffff
48308,8810f5bb0dfffff
48309,8810f4160bfffff
48310,8810f6b637fffff
48311,8810f59191fffff
48312,8810f09051fffff
48313,8810f6a5a1fffff
48314,8810f09257fffff
48315,8810f4c65dfffff
48316,8810a9229bfffff
48317,8810a92c29fffff
48318,8810f44c5bfffff
48319,8810f485bdfffff
48320,8810f40f57fffff
48321,8810f50829fffff
48322,8810f42c91fffff
48323,8810f46eb9fffff
48324,8810f62301fffff
48325,8810f44743fffff
48326,8810f62e37fffff
48327,88101b66b7fffff
48328,8810f402b1fffff
48329,8810f502a5fffff
48330,8810f5128bfffff
48331,8810f05b21fffff
48332,8810f04aabfffff
48333,8810f5d58bfffff
48334,8810f5d1b1fffff
48335,8810f28547fffff
48336,8810f6875dfffff
48337,8810f086c7fffff
48338,8810f55345fffff
48339,88101b7439fffff
48340,8810f5d023fffff
48341,8810f011d9fffff
48342,8810f42337fffff
48343,8810f0d091fffff
48344,8810f62557fffff
48345,8810f45acbfffff
48346,8810f5113dfffff
48347,8810f4c013fffff
48348,8810f04863fffff
48349,8810f4a197fffff
48350,8810f4b2a3fffff
48351,8810f00731fffff
48352,8810f0cf43fffff
48353,8810f5c9c1fffff
48354,8810f4cc57fffff
48355,8810f58b63fffff
48356,8810f40735fffff
48357,8810f0c339fffff
48358,8810f695b5fffff
48359,8810f62119fffff
48360,8810f5c4d9fffff
48361,8810f44a41fffff
48362,8810f4c045fffff
48363,88101a651bfffff
48364,8810f4a003fffff
48365,8810f50153fffff
48366,8810a9386dfffff
48367,8810f42107fffff
48368,8810f6d243fffff
48369,8810f29a2dfffff
48370,8810f0d855fffff
48371,8810f01541fffff
48372,8810f6088bfffff
48373,8810f4c84dfffff
48374,8810f4da9bfffff
48375,8810f084c5fffff
48376,8810f5db57fffff
48377,8810f45913fffff
48378,8810f62763fffff
48379,8810f50929fffff
48380,88101b6e29fffff
48381,8810f47803fffff
48382,8810f4533dfffff
48383,88101a6dc5fffff
48384,88101b2b25fffff
48385,8810f0c065fffff
48386,8810f61815fffff
48387,8810f0d9e5fffff
48388,8810f00269fffff
48389,8810f61843fffff
48390,8810f58231fffff
48391,88101b4811fffff
48392,8810f01b63fffff
48393,88101b4aa1fffff
48394,8810f40259fffff
48395,8810f46e93fffff
48396,8810f0dac3fffff
48397,88101b600bfffff
48398,8810f0809dfffff
48399,8810f4114dfffff
48400,8810f4193bfffff
48401,8810f4b767fffff
48402,8810f62403fffff
48403,8810f4aa35fffff
48404,8810f5d5d3fffff
48405,8810f0d8c5fffff
48406,8810f58d61fffff
48407,8810f4a54bfffff
48408,8810f0c1d5fffff
48409,88101b6885fffff
48410,88101a6d41fffff
48411,8810f01a4bfffff
48412,8810f63303fffff
48413,8810f099edfffff
48414,8810f626b9fffff
48415,8810f09b67fffff
48416,8810f0d40dfffff
48417,88101b0589fffff
48418,8810f4776bfffff
48419,8810f661d7fffff
48420,8810f661b1fffff
48421,8810f5cd55fffff
48422,8810f095abfffff
48423,8810f40451fffff
48424,8810f44d23fffff
48425,8810f28569fffff
48426,8810f62341fffff
48427,88101b61d3fffff
48428,8810f43547fffff
48429,8810f6ba87fffff
48430,8810f4790dfffff
48431,8810f4c06bfffff
48432,88101b5685fffff
48433,8810f68ccdfffff
48434,8810f401adfffff
48435,8810f625cdfffff
48436,8810f40c99fffff
48437,8810f4322bfffff
48438,8810f639b5fffff
48439,8810f0c699fffff
48440,8810f0c831fffff
48441,8810f54d67fffff
48442,8810f6b2d9fffff
48443,8810f4ca1bfffff
48444,8810a96009fffff
48445,88101b0a11fffff
48446,8810f411b3fffff
48447,8810f4888bfffff
48448,8810f4d863fffff
48449,8810f05b6bfffff
48450,8810f545c3fffff
48451,8810f0c5c9fffff
48452,8810f4710dfffff
48453,8810f68e49fffff
48454,8810f08a53fffff
48455,8810f51299fffff
48456,8810f6a063fffff
48457,8810f554bbfffff
48458,8810f6034dfffff
48459,8810f6350dfffff
48460,8810f6b33bfffff
48461,8810f0821dfffff
48462,8810a96d81fffff
48463,8810f0d2c7fffff
48464,8810f0c4d9fffff
48465,8810f46145fffff
48466,8810f4b513fffff
48467,8810f4ad1dfffff
48468,8810f4ab31fffff
48469,8810a92651fffff
48470,8810f01a39fffff
48471,8810f01257fffff
48472,8810f08191fffff
48473,8810f69865fffff
48474,8810a924a3fffff
48475,8810f6ab35fffff
48476,8810f4c211fffff
48477,8810e65925fffff
48478,8810f44003fffff
48479,8810f51857fffff
48480,88101b3957fffff
48481,8810f414a7fffff
48482,8810f09aa9fffff
48483,88101b76c3fffff
48484,8810f48a39fffff
48485,8810f4ba45fffff
48486,8810f58dd9fffff
48487,8810f4523bfffff
48488,8810f479b5fffff
48489,8810f08489fffff
48490,8810a92d11fffff
48491,8810f6b527fffff
48492,8810f690bbfffff
48493,8810f0c70dfffff
48494,8810f46e6dfffff
48495,8810f5132bfffff
48496,8810f4a26dfffff
48497,8810f6b733fffff
48498,8810f47507fffff
48499,8810f4293bfffff
48500,8810f48ccbfffff
48501,8810f62d6bfffff
48502,8810f4001bfffff
48503,8810f405c5fffff
48504,8810f6ae41fffff
48505,8810f681b9fffff
48506,8810f4aaa5fffff
48507,8810f68aebfffff
48508,8810f08213fffff
48509,8810f0c681fffff
48510,8810f0cc09fffff
48511,8810f4214bfffff
48512,8810f48d9dfffff
48513,8810f4c361fffff
48514,8810f68acdfffff
48515,8810f54f1dfffff
48516,8810f4cc87fffff
48517,8810f544c1fffff
48518,88101b675bfffff
48519,88101b754bfffff
48520,8810a92101fffff
48521,8810f096b7fffff
48522,8810f08141fffff
48523,8810f43b49fffff
48524,8810a9223dfffff
48525,8810f45617fffff
48526,8810f08f61fffff
48527,88101b4c27fffff
48528,8810f42e25fffff
48529,8810a92aadfffff
48530,8810f4d027fffff
48531,8810f5c61bfffff
48532,8810f05231fffff
48533,8810f58b4bfffff
48534,8810f08345fffff
48535,8810f4c935fffff
48536,8810f40929fffff
48537,8810f6d8dbfffff
48538,8810f6ad13fffff
48539,8810f4d2c1fffff
48540,8810f0b80bfffff
48541,8810f086e3fffff
48542,8810a92039fffff
48543,8810f435c7fffff
48544,88101b6565fffff
48545,8810f44581fffff
48546,88101b7b05fffff
48547,8810f46e29fffff
48548,8810f62285fffff
48549,8810a97481fffff
48550,8810f5d269fffff
48551,8810f4c261fffff
48552,8810f500e9fffff
48553,8810f0901bfffff
48554,8810f08e11fffff
48555,8810f00705fffff
48556,8810a9748dfffff
48557,8810a96739fffff
48558,8810f002e7fffff
48559,8810f29b37fffff
48560,8810f50249fffff
48561,8810f4c90dfffff
48562,8810f6c703fffff
48563,8810f43ae3fffff
48564,8810f6ae29fffff
48565,88101b48ddfffff
48566,8810f5d5a3fffff
48567,8810a93953fffff
48568,88101b0c67fffff
48569,8810f05527fffff
48570,8810f46717fffff
48571,8810a92e81fffff
48572,8810f5cb0bfffff
48573,8810f4a8a7fffff
48574,8810f518d7fffff
48575,8810f6dabbfffff
48576,8810f5cae3fffff
48577,8810f450c7fffff
48578,8810f57b5dfffff
48579,8810f485cbfffff
48580,88101b7847fffff
48581,8810a92ad9fffff
48582,8810f4c99bfffff
48583,8810f4153bfffff
48584,8810a92ac5fffff
48585,88101b6e43fffff
48586,8810f5b947fffff
48587,8810f5d703fffff
48588,8810a975a3fffff
48589,8810f5428bfffff
48590,8810f48ed9fffff
48591,8810f42959fffff
48592,8810f0029bfffff
48593,8810f094e9fffff
48594,8810f46817fffff
48595,8810f440c9fffff
48596,8810a9659dfffff
48597,8810f00251fffff
48598,8810f0b817fffff
48599,8810f5c94bfffff
48600,88101b0425fffff
48601,8810f511e9fffff
48602,88101b651bfffff
48603,8810f048c7fffff
48604,8810f29491fffff
48605,8810f40e4bfffff
48606,88101a6883fffff
48607,8810f62767fffff
48608,8810a935a9fffff
48609,8810f6c49dfffff
48610,8810f6ba0dfffff
48611,8810f62a45fffff
48612,8810f665e1fffff
48613,8810f6612dfffff
48614,8810f414b9fffff
48615,8810f08347fffff
48616,8810f469e1fffff
48617,8810f6d165fffff
48618,8810f621d9fffff
48619,8810f4b649fffff
48620,88101b4429fffff
48621,8810f6200dfffff
48622,8810f68755fffff
48623,8810f45635fffff
48624,8810f5495dfffff
48625,8810f60f57fffff
48626,8810f6d015fffff
48627,88101b4e31fffff
48628,8810f6a295fffff
48629,8810f60a07fffff
48630,8810f63505fffff
48631,8810f5d415fffff
48632,8810a9399dfffff
48633,8810f47737fffff
48634,8810f6d719fffff
48635,8810f08ae7fffff
48636,8810f0d2c1fffff
48637,8810f66ec9fffff
48638,8810f61821fffff
48639,8810f6b623fffff
48640,8810f4682bfffff
48641,8810f484cdfffff
48642,88101b709bfffff
48643,8810f4a5edfffff
48644,8810f478c1fffff
48645,8810f51a97fffff
48646,8810f4cb2dfffff
48647,8810f62dcbfffff
48648,8810f6b45bfffff
48649,8810f44547fffff
48650,8810f60183fffff
48651,8810f29203fffff
48652,8810f68a87fffff
48653,8810f556a9fffff
48654,8810f4a357fffff
48655,8810f6c091fffff
48656,8810f69a19fffff
48657,8810f500a5fffff
48658,8810f46825fffff
48659,8810f0cae1fffff
48660,88101b449dfffff
48661,8810f430c1fffff
48662,8810f6b963fffff
48663,8810f08c85fffff
48664,8810f63997fffff
48665,8810f091d1fffff
48666,8810a92057fffff
48667,88101b0d97fffff
48668,8810f0c859fffff
48669,8810f4a141fffff
48670,8810f60b51fffff
48671,8810f0859dfffff
48672,8810a93b35fffff
48673,8810f4502dfffff
48674,8810f2922dfffff
48675,8810f4104bfffff
48676,8810f4c8e9fffff
48677,8810f01233fffff
48678,8810f0c19dfffff
48679,8810f0874bfffff
48680,8810f630ddfffff
48681,8810f50d47fffff
48682,8810f09003fffff
48683,88101b096dfffff
48684,8810f0d617fffff
48685,8810f4a6c1fffff
48686,8810f42d81fffff
48687,8810f01945fffff
48688,8810f63a4bfffff
48689,8810f0c10dfffff
48690,8810f4a5e7fffff
48691,8810f58d9dfffff
48692,88101b7927fffff
48693,8810f4c4d3fffff
48694,8810f4641dfffff
48695,8810f4a013fffff
48696,8810f48a37fffff
48697,8810f5da19fffff
48698,8810f4c947fffff
48699,8810f54a9bfffff
48700,8810f6300dfffff
48701,8810f66537fffff
48702,8810f68f53fffff
48703,88101b4e91fffff
48704,8810f5d995fffff
48705,8810f631b5fffff
48706,8810f5401dfffff
48707,8810f4a4bdfffff
48708,8810f29839fffff
48709,8810f59139fffff
48710,8810f406c5fffff
48711,8810f4d885fffff
48712,8810f49987fffff
48713,8810f630edfffff
48714,8810f42e51fffff
48715,8810f68f61fffff
48716,8810f5b931fffff
48717,8810f47995fffff
48718,8810f46467fffff
48719,8810f43647fffff
48720,8810f4066bfffff
48721,8810f090b7fffff
48722,8810f592e3fffff
48723,8810f5d751fffff
48724,8810f0d561fffff
48725,8810f44281fffff
48726,8810f09693fffff
48727,8810f68de5fffff
48728,88101a6cbbfffff
48729,8810f551cdfffff
48730,8810f5ca8dfffff
48731,8810f6a613fffff
48732,88101b66d3fffff
48733,8810f5181dfffff
48734,88101b0b03fffff
48735,88101b4d65fffff
48736,8810f46743fffff
48737,88101b6905fffff
48738,8810f4b1d3fffff
48739,8810f5893dfffff
48740,8810f45a0dfffff
48741,8810f0d4e1fffff
48742,8810f0165dfffff
48743,88101b6c39fffff
48744,88101b6f3dfffff
48745,88101b6d59fffff
48746,8810f4b93dfffff
48747,8810aba60bfffff
48748,8810f080d1fffff
48749,88101b0ec1fffff
48750,8810a92289fffff
48751,88101b75cdfffff
48752,8810f0151bfffff
48753,8810f62d45fffff
48754,88101b782dfffff
48755,88101b4dc9fffff
48756,8810f616e3fffff
48757,8810f435cbfffff
48758,8810f5c06dfffff
48759,8810f4a183fffff
48760,8810f05a3bfffff
48761,8810f0d347fffff
48762,8810f5d85dfffff
48763,8810f295abfffff
48764,8810f6a20dfffff
48765,8810f621b5fffff
48766,8810f54537fffff
48767,8810f62235fffff
48768,8810f54a2bfffff
48769,8810f6c88dfffff
48770,8810f5895dfffff
48771,88101b54b5fffff
48772,8810f50887fffff
48773,8810f298c7fffff
48774,8810f4aa97fffff
48775,8810f4cf53fffff
48776,8810f60265fffff
48777,8810f40501fffff
48778,8810f54625fffff
48779,8810f44283fffff
48780,8810f081a9fffff
48781,8810f4593dfffff
48782,8810f0436bfffff
48783,8810f0815dfffff
48784,8810f0c933fffff
48785,88101b013dfffff
48786,8810f294c3fffff
48787,8810f4a821fffff
48788,8810f44d17fffff
48789,8810f0d303fffff
48790,8810f6a267fffff
48791,8810f556c1fffff
48792,8810f638edfffff
48793,8810f6348bfffff
48794,88101b7b07fffff
48795,8810f44e3dfffff
48796,8810f08155fffff
48797,8810f0802dfffff
48798,8810f585d9fffff
48799,8810f0d4e7fffff
48800,8810f5cd67fffff
48801,8810f0485dfffff
48802,8810f40b3dfffff
48803,8810f5d567fffff
48804,8810f4b82bfffff
48805,8810f6d855fffff
48806,8810f48193fffff
48807,8810f6988bfffff
48808,8810f58301fffff
48809,8810f4c4b3fffff
48810,8810f4681dfffff
48811,8810f4cd69fffff
48812,8810f08749fffff
48813,8810f0c94bfffff
48814,8810f4a58bfffff
48815,8810f44437fffff
48816,8810f475e5fffff
48817,8810f6ae47fffff
48818,8810f4b9dbfffff
48819,8810f40153fffff
48820,8810f5163dfffff
48821,8810f69a3bfffff
48822,8810f5c32bfffff
48823,88101b199dfffff
48824,8810f6252dfffff
48825,8810f42513fffff
48826,8810f4ccedfffff
48827,8810f0970bfffff
48828,8810f42253fffff
48829,8810f6d181fffff
48830,8810f696e3fffff
48831,8810f40239fffff
48832,8810f05309fffff
48833,8810f44301fffff
48834,88101b6517fffff
48835,8810f04ab7fffff
48836,8810f0813bfffff
48837,8810f410bdfffff
48838,8810a92d2bfffff
48839,8810f43045fffff
48840,8810f46e1dfffff
48841,8810f66a87fffff
48842,8810f47263fffff
48843,8810f05341fffff
48844,8810f01051fffff
48845,8810f41a93fffff
48846,8810f4a50bfffff
48847,8810f6b653fffff
48848,8810f5156bfffff
48849,8810f540adfffff
48850,8810aba6a3fffff
48851,8810a9289bfffff
48852,8810f6a48bfffff
48853,8810f4b949fffff
48854,8810f43553fffff
48855,8810f69a0dfffff
48856,8810f43623fffff
48857,8810f46043fffff
48858,8810a92167fffff
48859,8810f4574bfffff
48860,8810f01421fffff
48861,8810f4598bfffff
48862,8810f48c87fffff
48863,8810f45955fffff
48864,8810f09657fffff
48865,8810f4c605fffff
48866,8810f5ba19fffff
48867,8810f62ee9fffff
48868,8810a96f47fffff
48869,8810f6af17fffff
48870,8810f0c33dfffff
48871,8810f549a5fffff
48872,8810f624e9fffff
48873,8810f45935fffff
48874,8810a92139fffff
48875,8810f04955fffff
48876,88101b41b1fffff
48877,8810f04b09fffff
48878,8810f42a05fffff
48879,8810f57309fffff
48880,8810f5815bfffff
48881,8810f08c9dfffff
48882,8810f4b2cbfffff
48883,8810a938d5fffff
48884,8810f42dbdfffff
48885,88101b0723fffff
48886,8810f0c8e3fffff
48887,88101b74c1fffff
48888,8810f0d4cbfffff
48889,8810f6958dfffff
48890,8810f5951dfffff
48891,8810f08abbfffff
48892,8810a96f59fffff
48893,8810f54119fffff
48894,8810f61ad3fffff
48895,88101b79a5fffff
48896,8810f4b96dfffff
48897,8810f46ec1fffff
48898,8810f0ca87fffff
48899,8810f42d45fffff
48900,8810f470c7fffff
48901,8810f6cf27fffff
48902,8810f6365bfffff
48903,8810f0da09fffff
48904,8810a92e69fffff
48905,8810f5cc4dfffff
48906,8810f4798bfffff
48907,8810f6d68dfffff
48908,8810f6adc5fffff
48909,88101b48d3fffff
48910,8810f48f07fffff
48911,8810f6b0ddfffff
48912,8810f555dbfffff
48913,8810f4d455fffff
48914,8810f4c043fffff
48915,8810f455a9fffff
48916,88101b00b3fffff
48917,8810f476edfffff
48918,8810f68d49fffff
48919,8810f51b41fffff
48920,8810f6d645fffff
48921,8810f51889fffff
48922,8810f66503fffff
48923,8810f0c14dfffff
48924,8810a96e9bfffff
48925,88101b2b5dfffff
48926,8810f466cbfffff
48927,8810f6862bfffff
48928,8810a921a3fffff
48929,88101b292dfffff
48930,8810f5d851fffff
48931,8810f47765fffff
48932,8810f454a1fffff
48933,8810f581edfffff
48934,8810f58911fffff
48935,8810f290a5fffff
48936,8810f4d419fffff
48937,8810f6b241fffff
48938,88101b0f59fffff
48939,8810f6bb57fffff
48940,88101a6ccdfffff
48941,8810a92585fffff
48942,8810f0c02dfffff
48943,8810f08cd7fffff
48944,8810f40889fffff
48945,8810f68c33fffff
48946,8810f411c1fffff
48947,8810f6d725fffff
48948,8810a96c49fffff
48949,8810a938b7fffff
48950,8810f54e31fffff
48951,8810f44a27fffff
48952,8810f47985fffff
48953,88101b68ebfffff
48954,8810f48f4dfffff
48955,8810a92089fffff
48956,8810f47aa5fffff
48957,8810f47821fffff
48958,8810f6b4c7fffff
48959,8810a96a8dfffff
48960,8810f08f31fffff
48961,8810f612c9fffff
48962,88101b0883fffff
48963,8810f51865fffff
48964,8810f40c97fffff
48965,88101b462dfffff
48966,88101b7263fffff
48967,8810a9282dfffff
48968,8810a9745dfffff
48969,8810f5d4b5fffff
48970,8810a9202bfffff
48971,8810f475e9fffff
48972,8810f6c765fffff
48973,8810f0d585fffff
48974,8810f42583fffff
48975,8810f42c69fffff
48976,8810f0495bfffff
48977,8810f5c0e5fffff
48978,8810f4d811fffff
48979,8810f41ae7fffff
48980,8810f681b1fffff
48981,8810f6b545fffff
48982,8810f5d2adfffff
48983,88101b7a13fffff
48984,8810f6d545fffff
48985,8810f5ca43fffff
48986,88101b4c9bfffff
48987,8810f0c727fffff
48988,8810f548b1fffff
48989,8810f4cacbfffff
48990,8810f518ddfffff
48991,8810f0b9e5fffff
48992,8810a93b05fffff
48993,8810f509e5fffff
48994,8810f68f21fffff
48995,8810a93589fffff
48996,8810f5da4bfffff
48997,8810f0526bfffff
48998,8810f484ddfffff
48999,8810f476e5fffff
49000,8810f54d65fffff
49001,88101b60adfffff
49002,8810f47b1bfffff
49003,88101b74e7fffff
49004,8810f0132dfffff
49005,88101b6491fffff
49006,8810f5d29bfffff
49007,8810f4af5dfffff
49008,8810f6a229fffff
49009,8810f54515fffff
49010,8810f69ab7fffff
49011,8810f54581fffff
49012,8810f5c653fffff
49013,88101b6d93fffff
49014,8810f6b165fffff
49015,8810f58cc7fffff
49016,8810f40045fffff
49017,8810f634dbfffff
49018,8810f59935fffff
49019,8810f62ec5fffff
49020,8810f44687fffff
49021,8810f54991fffff
49022,8810f5850dfffff
49023,8810f68d41fffff
49024,8810f478d3fffff
49025,8810f6a14bfffff
49026,8810a96c57fffff
49027,8810f29b35fffff
49028,8810f62761fffff
49029,8810f6d19dfffff
49030,8810a9281dfffff
49031,8810a92b17fffff
49032,8810a96f1dfffff
49033,8810f55735fffff
49034,8810f6210dfffff
49035,8810f54659fffff
49036,8810f57307fffff
49037,8810f0d531fffff
49038,8810f6125bfffff
49039,8810f4361dfffff
49040,8810f5d1c9fffff
49041,88101b0d69fffff
49042,8810f0c6b5fffff
49043,8810a92ac7fffff
49044,8810f43a39fffff
49045,8810f5d8d3fffff
49046,8810f6ae11fffff
49047,8810f4ace9fffff
49048,88101a6d6dfffff
49049,8810f08b5dfffff
49050,8810f4595bfffff
49051,88101b6b39fffff
49052,8810f08ac3fffff
49053,8810f50365fffff
49054,8810f5d68bfffff
49055,88101b66e9fffff
49056,8810f08733fffff
49057,8810f44489fffff
49058,8810f6a95dfffff
49059,8810f01a05fffff
49060,8810f42013fffff
49061,8810a90d99fffff
49062,8810f546e3fffff
49063,8810a966e1fffff
49064,8810f29609fffff
49065,8810f6c6d7fffff
49066,8810f01459fffff
49067,8810f4a8a9fffff
49068,8810f420b3fffff
49069,8810f61419fffff
49070,88101b7057fffff
49071,8810f4782bfffff
49072,8810a90cbbfffff
49073,8810f5c53dfffff
49074,8810f29343fffff
49075,8810f402ddfffff
49076,8810f4065bfffff
49077,8810f42803fffff
49078,8810f69249fffff
49079,8810f29445fffff
49080,8810f4d625fffff
49081,8810f440d5fffff
49082,8810f0b85bfffff
49083,8810f46ec3fffff
49084,8810f29437fffff
49085,8810f4b043fffff
49086,8810f28611fffff
49087,88101b2d27fffff
49088,8810f089d9fffff
49089,8810f0c465fffff
49090,8810f48421fffff
49091,8810f29627fffff
49092,8810f094bbfffff
49093,8810f6c34dfffff
49094,8810f5d1d7fffff
49095,8810f09681fffff
49096,8810f438a9fffff
49097,8810f09531fffff
49098,8810f091bbfffff
49099,8810f6165bfffff
49100,8810a92f3bfffff
49101,8810f54b39fffff
49102,8810f588c9fffff
49103,8810f66105fffff
49104,8810f05345fffff
49105,8810f4b31bfffff
49106,8810f0d521fffff
49107,8810f08461fffff
49108,88101b0995fffff
49109,88101b0a69fffff
49110,8810f50215fffff
49111,8810f40c1bfffff
49112,8810f4b4c5fffff
49113,88101b6d8dfffff
49114,8810f41a39fffff
49115,8810f44f35fffff
49116,8810f6b903fffff
49117,8810f0481bfffff
49118,8810f4b661fffff
49119,8810f442adfffff
49120,8810a964ddfffff
49121,8810f51313fffff
49122,8810f5c48dfffff
49123,8810f69ab5fffff
49124,8810f5d599fffff
49125,8810f68e97fffff
49126,8810f58067fffff
49127,8810f0c0b5fffff
49128,8810f4094dfffff
49129,8810f4462bfffff
49130,8810f540b9fffff
49131,8810f082b1fffff
49132,8810f0cb2bfffff
49133,8810f6a091fffff
49134,8810f42f03fffff
49135,88101b010dfffff
49136,8810f48e51fffff
49137,8810f05b2bfffff
49138,8810a976e3fffff
49139,88101b2cadfffff
49140,8810f08a69fffff
49141,8810f4d73bfffff
49142,8810f61429fffff
49143,8810f098edfffff
49144,8810a92721fffff
49145,8810f0c2e5fffff
49146,8810f6048dfffff
49147,8810f40e47fffff
49148,8810f0bae9fffff
49149,88101b41a5fffff
49150,8810f29b17fffff
49151,8810f4c2e3fffff
49152,8810f44987fffff
49153,8810f435c5fffff
49154,8810f41069fffff
49155,88101b6463fffff
49156,8810f448abfffff
49157,8810f40c5dfffff
49158,8810f6b4bdfffff
49159,8810f42685fffff
49160,8810f582bdfffff
49161,8810f6d36dfffff
49162,8810f6b89dfffff
49163,8810f5db35fffff
49164,8810f4150dfffff
49165,88101b6d55fffff
49166,8810f51891fffff
49167,8810f5d0b5fffff
49168,8810f6b9e9fffff
49169,8810f63739fffff
49170,8810f6b0a7fffff
49171,8810f05251fffff
49172,8810f66085fffff
49173,8810f5c8ebfffff
49174,8810f08365fffff
49175,8810f551a1fffff
49176,8810f4da6bfffff
49177,8810f54141fffff
49178,8810f40c2bfffff
49179,8810f68f57fffff
49180,88101b4f49fffff
49181,8810f4494dfffff
49182,8810f5cd07fffff
49183,8810f44addfffff
49184,8810f0951dfffff
49185,8810f46c63fffff
49186,8810f4d165fffff
49187,8810f62281fffff
49188,8810f08a19fffff
49189,88101b62b5fffff
49190,8810f54d1dfffff
49191,8810a929d9fffff
49192,88101b715dfffff
49193,8810f0c64dfffff
49194,8810f290d7fffff
49195,8810f518a3fffff
49196,8810f60115fffff
49197,8810f66523fffff
49198,8810f2832dfffff
49199,8810f69463fffff
49200,8810f4c267fffff
49201,8810f04155fffff
49202,8810f6016bfffff
49203,8810f590adfffff
49204,8810f4b053fffff
49205,88101a6891fffff
49206,8810f084c9fffff
49207,8810f6a031fffff
49208,8810a92ccdfffff
49209,8810f542b7fffff
49210,8810f6b731fffff
49211,8810f42365fffff
49212,8810f55067fffff
49213,8810f684a1fffff
49214,8810f48459fffff
49215,8810f4cb51fffff
49216,8810f43909fffff
49217,8810f612e3fffff
49218,8810f0cb23fffff
49219,8810f57241fffff
49220,8810f0553dfffff
49221,8810f08ea5fffff
49222,8810f5829dfffff
49223,8810f44495fffff
49224,8810f57303fffff
49225,8810f40a51fffff
49226,8810f6ab41fffff
49227,8810f42a91fffff
49228,8810f6d445fffff
49229,8810f4b015fffff
49230,8810f4076bfffff
49231,8810f66f5bfffff
49232,88101b61c5fffff
49233,8810f0a245fffff
49234,8810f45713fffff
49235,8810f6ce5bfffff
49236,8810f58db1fffff
49237,8810f4d9ebfffff
49238,8810f60a2bfffff
49239,8810f4a993fffff
49240,8810f68c81fffff
49241,8810f54b5dfffff
49242,8810f4b923fffff
49243,8810f49831fffff
49244,88101b0f23fffff
49245,8810f411b5fffff
49246,8810f4a939fffff
49247,8810f48547fffff
49248,8810a9272bfffff
49249,8810f2935dfffff
49250,8810f08a6dfffff
49251,8810f6ba55fffff
49252,8810a96467fffff
49253,8810f0494bfffff
49254,8810f0b067fffff
49255,8810f59ad1fffff
49256,8810f6b561fffff
49257,8810f04025fffff
49258,8810f5d897fffff
49259,8810f6a16dfffff
49260,8810f04801fffff
49261,8810f4759dfffff
49262,88101b691dfffff
49263,8810f4b56dfffff
49264,8810f42c15fffff
49265,8810f626ddfffff
49266,8810f09985fffff
49267,8810f512dbfffff
49268,8810f5d543fffff
49269,8810f50993fffff
49270,8810f634c5fffff
49271,8810f6d889fffff
49272,8810f44097fffff
49273,8810f4ca5dfffff
49274,8810f6ae05fffff
49275,8810f0c9d9fffff
49276,8810f61249fffff
49277,8810f4d76dfffff
49278,8810f4a8c1fffff
49279,8810f441a9fffff
49280,8810f45901fffff
49281,8810f5c82bfffff
49282,8810f4c585fffff
49283,8810f676e9fffff
49284,8810f47997fffff
49285,8810f68907fffff
49286,8810f5c5d3fffff
49287,8810f43a19fffff
49288,8810f6d559fffff
49289,8810f4b033fffff
49290,8810f55499fffff
49291,8810f46349fffff
49292,8810f01913fffff
49293,8810f4d9c7fffff
49294,8810f08303fffff
49295,8810f58225fffff
49296,88101b6e49fffff
49297,8810f61463fffff
49298,8810a9750dfffff
49299,8810f5d9a3fffff
49300,8810f0105bfffff
49301,8810f4b069fffff
49302,8810f6a89dfffff
49303,8810f428d3fffff
49304,8810f464a5fffff
49305,8810f62745fffff
49306,8810f0c615fffff
49307,8810f50001fffff
49308,88101b569bfffff
49309,8810f40c01fffff
49310,8810f0d0b9fffff
49311,8810a90db9fffff
49312,8810f69623fffff
49313,8810f0d583fffff
49314,8810f4a13bfffff
49315,8810a96635fffff
49316,8810f68d99fffff
49317,8810f62733fffff
49318,8810f45b55fffff
49319,8810f05011fffff
49320,8810f6d45dfffff
49321,8810f0c6c3fffff
49322,8810f55641fffff
49323,8810a92a0dfffff
49324,8810f51997fffff
49325,88101b40ddfffff
49326,88101b79c7fffff
49327,8810f292dbfffff
49328,8810f516e9fffff
49329,8810f682c9fffff
49330,8810f6928dfffff
49331,8810f6c6e3fffff
49332,8810f40ed1fffff
49333,8810f4ac69fffff
49334,8810f59037fffff
49335,8810f63913fffff
49336,8810f554abfffff
49337,88101b56e3fffff
49338,8810f2855dfffff
49339,8810f0903bfffff
49340,8810f5d057fffff
49341,8810f468abfffff
49342,8810f05035fffff
49343,8810f48837fffff
49344,8810f051e1fffff
49345,8810f4b441fffff
49346,8810f5dae9fffff
49347,8810a965bbfffff
49348,8810f6cedbfffff
49349,8810f54151fffff
49350,8810f471e9fffff
49351,8810f5835bfffff
49352,8810f438edfffff
49353,8810f4692dfffff
49354,8810f296d5fffff
49355,8810f432adfffff
49356,8810a92153fffff
49357,8810f421b9fffff
49358,8810f5cf0bfffff
49359,8810f69055fffff
49360,8810f62521fffff
49361,8810f4d0d7fffff
49362,8810f59825fffff
49363,8810f6a931fffff
49364,8810f695cdfffff
49365,88101b4c3bfffff
49366,8810f6d45bfffff
49367,8810a975d5fffff
49368,8810f2901dfffff
49369,8810f08867fffff
49370,8810f43a99fffff
49371,88101b0909fffff
49372,8810f66e4dfffff
49373,88101b771bfffff
49374,8810f4629dfffff
49375,8810f51aa5fffff
49376,8810a92ed1fffff
49377,8810f68665fffff
49378,8810f0cb65fffff
49379,8810f68f1bfffff
49380,8810f4012dfffff
49381,8810f58435fffff
49382,8810f68cc1fffff
49383,8810f40123fffff
49384,8810f54531fffff
49385,8810f28315fffff
49386,8810f45ab3fffff
49387,8810f4a499fffff
49388,8810f0c463fffff
49389,8810f6c465fffff
49390,8810f041cdfffff
49391,8810a9284bfffff
49392,8810f47067fffff
49393,8810f0586bfffff
49394,8810a96dc1fffff
49395,8810f58029fffff
49396,8810f591bbfffff
49397,8810f48495fffff
49398,8810f49907fffff
49399,8810f016c3fffff
49400,8810f60b07fffff
49401,8810f08449fffff
49402,8810f5196dfffff
49403,8810f4c5d3fffff
49404,8810f6d4d7fffff
49405,8810f552b7fffff
49406,8810f68451fffff
49407,8810f698e3fffff
49408,8810f48ca1fffff
49409,8810f0d163fffff
49410,8810a96f07fffff
49411,8810a961c9fffff
49412,8810a92157fffff
49413,88101b75bdfffff
49414,8810f0cc43fffff
49415,8810f66e4bfffff
49416,8810f6256bfffff
49417,8810f5b9c3fffff
49418,8810f59a93fffff
49419,8810f28135fffff
49420,8810f04895fffff
49421,8810f62883fffff
49422,8810f08d97fffff
49423,8810f28643fffff
49424,8810f485cdfffff
49425,8810f40b63fffff
49426,8810f5c355fffff
49427,8810f4d9cbfffff
49428,8810f4a147fffff
49429,8810f6b5ebfffff
49430,8810f6303bfffff
49431,8810f699b9fffff
49432,8810f4c9c9fffff
49433,8810a92a6bfffff
49434,8810f6d131fffff
49435,8810f479adfffff
49436,8810f51189fffff
49437,8810f51915fffff
49438,8810f426d9fffff
49439,8810f04d49fffff
49440,8810f5c8b5fffff
49441,8810f0c35dfffff
49442,8810f48453fffff
49443,8810f61b1bfffff
49444,8810f5c003fffff
49445,8810f0b93dfffff
49446,8810f08767fffff
49447,8810f4a9b9fffff
49448,8810f69157fffff
49449,8810f4670dfffff
49450,8810f2803bfffff
49451,8810f48c41fffff
49452,8810f58cd7fffff
49453,8810f46759fffff
49454,8810f43251fffff
49455,8810f0505bfffff
49456,8810f435a1fffff
49457,8810f421d5fffff
49458,8810f50283fffff
49459,8810f6a725fffff
49460,8810f0503dfffff
49461,8810f5ce85fffff
49462,8810f69729fffff
49463,8810f402abfffff
49464,8810f29295fffff
49465,8810f541d7fffff
49466,8810f421dbfffff
49467,88101b4d41fffff
49468,8810f29105fffff
49469,8810f601cdfffff
49470,8810f5dab3fffff
49471,8810f0904dfffff
49472,8810f610a3fffff
49473,8810a966d9fffff
49474,8810f688e1fffff
49475,8810f4b857fffff
49476,88101b61e3fffff
49477,8810f62de7fffff
49478,8810f058a3fffff
49479,8810f280b1fffff
49480,8810f50a9bfffff
49481,8810f0410bfffff
49482,8810f60ebbfffff
49483,8810f4b651fffff
49484,8810f415cbfffff
49485,8810f6999dfffff
49486,8810f62ed3fffff
49487,8810f01845fffff
49488,8810f6a955fffff
49489,8810a935b3fffff
49490,8810f28621fffff
49491,8810a968d9fffff
49492,8810f0c417fffff
49493,8810f6c021fffff
49494,8810f6b053fffff
49495,8810f66f61fffff
49496,8810f6232dfffff
49497,8810f282a9fffff
49498,88101b7857fffff
49499,88101b44c1fffff
49500,8810f42b51fffff
49501,8810f5d81bfffff
49502,8810f630ebfffff
49503,8810f098bbfffff
49504,8810f4b6ddfffff
49505,88101b7aabfffff
49506,8810f6bb53fffff
49507,88101b4c67fffff
49508,88101b464dfffff
49509,8810f6236bfffff
49510,8810f485a3fffff
49511,8810f694d5fffff
49512,8810f41b01fffff
49513,88101b3959fffff
49514,8810f58125fffff
49515,8810f4b483fffff
49516,8810f46607fffff
49517,8810f6182dfffff
49518,8810f612adfffff
49519,8810f47609fffff
49520,8810f50157fffff
49521,8810f62111fffff
49522,8810a92c61fffff
49523,8810f44b63fffff
49524,8810f4032bfffff
49525,8810f28465fffff
49526,8810f540e1fffff
49527,88101b4dc5fffff
49528,88101b6c41fffff
49529,8810f0ba4dfffff
49530,8810f6aed7fffff
49531,8810f68db3fffff
49532,8810f40953fffff
49533,8810f42cc1fffff
49534,8810f5c0d3fffff
49535,8810f63481fffff
49536,8810f6b1c7fffff
49537,8810f4d4e3fffff
49538,8810f5103dfffff
49539,8810f61b25fffff
49540,8810f05927fffff
49541,8810f61747fffff
49542,8810f0d045fffff
49543,8810f63131fffff
49544,8810f0da87fffff
49545,8810f60c93fffff
49546,8810f429e3fffff
49547,8810f6b401fffff
49548,8810f40353fffff
49549,88101b4e8bfffff
49550,8810f4a881fffff
49551,8810f29517fffff
49552,8810f6aed3fffff
49553,8810f51843fffff
49554,8810f405e5fffff
49555,8810f5d993fffff
49556,88101b793dfffff
49557,8810f000c1fffff
49558,88101b686bfffff
49559,8810f01a0dfffff
49560,8810f0d56dfffff
49561,8810f58163fffff
49562,8810f08b5bfffff
49563,8810f0ce57fffff
49564,8810f40f29fffff
49565,8810f4b75dfffff
49566,8810f6d055fffff
49567,8810f559a5fffff
49568,8810f08751fffff
49569,8810f40961fffff
49570,8810f096e1fffff
49571,8810f5d607fffff
49572,8810f4d4a1fffff
49573,88101b09dbfffff
49574,8810f59703fffff
49575,8810f42de7fffff
49576,88101b7a91fffff
49577,8810f51a29fffff
49578,8810f689cbfffff
49579,8810f44b27fffff
49580,8810f59445fffff
49581,8810a92d91fffff
49582,8810a96293fffff
49583,8810f5d86bfffff
49584,8810f0d341fffff
49585,8810f618c7fffff
49586,88101b4abbfffff
49587,8810f0cabdfffff
49588,8810f54287fffff
49589,8810f4a1a7fffff
49590,8810f61a97fffff
49591,8810f481e1fffff
49592,8810f51687fffff
49593,8810f086e5fffff
49594,8810f46599fffff
49595,8810f580a1fffff
49596,8810f686bbfffff
49597,8810f51741fffff
49598,8810f47295fffff
49599,8810f4c6a1fffff
49600,88101b48d1fffff
49601,88101b4c9dfffff
49602,8810f44561fffff
49603,8810f412b7fffff
49604,8810f438a7fffff
49605,8810f59947fffff
49606,8810f01245fffff
49607,88101b6483fffff
49608,8810f54357fffff
49609,8810f45193fffff
49610,8810f4576dfffff
49611,8810f40c15fffff
49612,8810f40e05fffff
49613,8810f6d485fffff
49614,8810f48ca9fffff
49615,88101b0cc3fffff
49616,8810f6d1ddfffff
49617,88101b641dfffff
49618,8810f01033fffff
49619,8810f51a59fffff
49620,8810f01b33fffff
49621,8810f428b1fffff
49622,8810f049a9fffff
49623,8810f4ad51fffff
49624,8810f0daa3fffff
49625,88101b3b45fffff
49626,8810f28a3bfffff
49627,8810f61297fffff
49628,8810f0182dfffff
49629,8810f4b95dfffff
49630,8810f6d085fffff
49631,8810a92843fffff
49632,8810f058c3fffff
49633,8810f4ac63fffff
49634,8810f61661fffff
49635,8810f69227fffff
49636,8810a922c9fffff
49637,88101b3b51fffff
49638,8810f6d1edfffff
49639,8810f6af49fffff
49640,8810f098e7fffff
49641,8810f6ad5bfffff
49642,8810f44487fffff
49643,88101b0e17fffff
49644,8810f48db7fffff
49645,88101b7267fffff
49646,8810f68ca5fffff
49647,8810f545d7fffff
49648,8810f62209fffff
49649,8810f418e7fffff
49650,8810f54b13fffff
49651,8810f44c53fffff
49652,8810f0ced1fffff
49653,8810f59329fffff
49654,8810f291d3fffff
49655,88101b470bfffff
49656,88101b29c7fffff
49657,8810f059a1fffff
49658,8810f44905fffff
49659,8810f55925fffff
49660,8810f698a9fffff
49661,8810f51841fffff
49662,8810f468b3fffff
49663,8810f5ca05fffff
49664,88101b0aa9fffff
49665,8810f0d717fffff
49666,8810f5c411fffff
49667,8810f09197fffff
49668,8810f43447fffff
49669,88101b0e07fffff
49670,8810f6c5c5fffff
49671,88101b70cdfffff
49672,8810f050d5fffff
49673,8810f43619fffff
49674,8810f0999dfffff
49675,8810f4d83bfffff
49676,8810f5435bfffff
49677,8810f40917fffff
49678,8810f4aa3dfffff
49679,8810a9219dfffff
49680,8810f6c361fffff
49681,8810f4d537fffff
49682,8810f4da4bfffff
49683,8810f4b6cbfffff
49684,88101b0f67fffff
49685,8810f09053fffff
49686,8810f4349bfffff
49687,8810f4cdcdfffff
49688,8810f4b1b9fffff
49689,8810f6ad91fffff
49690,8810f5c5c1fffff
49691,8810f60b2bfffff
49692,8810a92463fffff
49693,8810f48cc7fffff
49694,8810f6c05dfffff
49695,8810f0b807fffff
49696,8810f6b5d3fffff
49697,8810f4645dfffff
49698,8810f08ec3fffff
49699,8810f4c4cdfffff
49700,8810f465d5fffff
49701,8810f429d7fffff
49702,8810a97749fffff
49703,8810f4d4a7fffff
49704,8810f619d7fffff
49705,8810f5d365fffff
49706,8810f49a67fffff
49707,8810f4a26bfffff
49708,8810f01563fffff
49709,8810f661c3fffff
49710,8810f05a2bfffff
49711,8810f29735fffff
49712,8810f46897fffff
49713,8810f46321fffff
49714,8810f5cd11fffff
49715,8810f4d4d7fffff
49716,8810f42847fffff
49717,8810f41481fffff
49718,8810f081d1fffff
49719,8810f6a5edfffff
49720,8810a9762dfffff
49721,8810f58903fffff
49722,8810a96c01fffff
49723,88101b44d1fffff
49724,8810f42257fffff
49725,8810f5d013fffff
49726,8810f60f0bfffff
49727,8810f05a81fffff
49728,8810f0b009fffff
49729,8810f05ac5fffff
49730,88101b55b9fffff
49731,8810f49a37fffff
49732,8810f44b2bfffff
49733,8810f6d1ebfffff
49734,8810f47a89fffff
49735,8810f622a5fffff
49736,8810a92869fffff
49737,8810f4c33bfffff
49738,8810f4c291fffff
49739,8810f454b5fffff
49740,8810f60c9dfffff
49741,8810f0c895fffff
49742,8810f61529fffff
49743,8810a925a3fffff
49744,8810f60a89fffff
49745,8810f40815fffff
49746,8810f661c7fffff
49747,8810f080bdfffff
49748,8810f28217fffff
49749,8810f4a683fffff
49750,8810a960a7fffff
49751,8810a92835fffff
49752,8810a92da7fffff
49753,8810f68f6dfffff
49754,8810f48e5bfffff
49755,8810f01183fffff
49756,8810f54ec5fffff
49757,8810f6d609fffff
49758,8810f63ac5fffff
49759,8810f63591fffff
49760,8810f6a4abfffff
49761,8810f4ba59fffff
49762,8810f292a5fffff
49763,8810f4a4a9fffff
49764,8810f62359fffff
49765,8810f0d901fffff
49766,88101b072dfffff
49767,8810a92187fffff
49768,8810a939c5fffff
49769,8810f44267fffff
49770,8810f685b5fffff
49771,8810f55a3bfffff
49772,8810f5c0cdfffff
49773,8810f554d7fffff
49774,88101a6cdbfffff
49775,8810f6332dfffff
49776,8810f48cb9fffff
49777,8810f48d31fffff
49778,8810f67587fffff
49779,8810f0489dfffff
49780,8810f58acbfffff
49781,8810f58ce7fffff
49782,8810f6c455fffff
49783,8810f44f47fffff
49784,8810f4c417fffff
49785,8810f5b165fffff
49786,8810a9745bfffff
49787,8810f058e9fffff
49788,8810f088abfffff
49789,8810f4da0bfffff
49790,8810f44311fffff
49791,8810f542cdfffff
49792,8810f626b5fffff
49793,8810f676c9fffff
49794,8810f6aa35fffff
49795,8810f420c3fffff
49796,8810f628d3fffff
49797,8810f63a29fffff
49798,8810f47ae7fffff
49799,8810f40eddfffff
49800,8810f5d581fffff
49801,8810f40301fffff
49802,8810f55235fffff
49803,88101b45e9fffff
49804,8810f68e01fffff
49805,8810f5d489fffff
49806,8810f6c0d9fffff
49807,88101b68a7fffff
49808,8810f08e2bfffff
49809,8810f08cc1fffff
49810,8810f4ca63fffff
49811,8810f5d70dfffff
49812,8810f61131fffff
49813,8810f43591fffff
49814,8810f4c235fffff
49815,8810f46ce9fffff
49816,8810f05655fffff
49817,8810f68437fffff
49818,8810f4b823fffff
49819,88101b0f03fffff
49820,8810f63b05fffff
49821,8810f422c1fffff
49822,8810f5549dfffff
49823,8810f6c523fffff
49824,8810f599abfffff
49825,88101b74dbfffff
49826,8810f69953fffff
49827,8810f51981fffff
49828,88101b7ae7fffff
49829,8810a974b5fffff
49830,8810f28a51fffff
49831,8810f40a43fffff
49832,8810f4ab51fffff
49833,8810f012c1fffff
49834,8810f0ca1dfffff
49835,88101b2915fffff
49836,88101a6ee3fffff
49837,8810f6b51bfffff
49838,8810f69823fffff
49839,8810f4cd8bfffff
49840,8810f54953fffff
49841,8810f54931fffff
49842,8810f6a643fffff
49843,88101b72a5fffff
49844,8810f68015fffff
49845,8810f46493fffff
49846,8810f410b3fffff
49847,8810f0cf63fffff
49848,8810a92e0dfffff
49849,8810f2876bfffff
49850,8810f591a5fffff
49851,8810f5454dfffff
49852,8810f470d7fffff
49853,8810f4b095fffff
49854,8810f551ebfffff
49855,8810f6c58dfffff
49856,8810a928e5fffff
49857,88101b724dfffff
49858,8810f40a3dfffff
49859,8810f455abfffff
49860,8810f48821fffff
49861,8810f55283fffff
49862,8810f059ddfffff
49863,8810f0c5abfffff
49864,8810f42e29fffff
49865,8810f5cb47fffff
49866,8810f0ce2dfffff
49867,8810f6a555fffff
49868,8810f48989fffff
49869,8810f509c3fffff
49870,8810f6384bfffff
49871,8810a93b55fffff
49872,8810f51a1dfffff
49873,8810f51013fffff
49874,8810f6b2a7fffff
49875,88101b0019fffff
49876,8810f05211fffff
49877,88101b6dbdfffff
49878,8810f6c443fffff
49879,8810f63315fffff
49880,88101b6707fffff
49881,8810f6a32dfffff
49882,8810f5c287fffff
49883,8810f69819fffff
49884,8810f0ce97fffff
49885,8810f54523fffff
49886,8810a96db5fffff
49887,8810f474ddfffff
49888,8810f29733fffff
49889,8810f44025fffff
49890,8810f68a27fffff
49891,8810f68453fffff
49892,8810f55263fffff
49893,8810f6a985fffff
49894,8810f50abdfffff
49895,8810f47857fffff
49896,88101b744dfffff
49897,8810f51a69fffff
49898,88101b613bfffff
49899,8810f5521bfffff
49900,8810f5d33dfffff
49901,8810f4c895fffff
49902,88101b19b1fffff
49903,8810f4b2c7fffff
49904,8810f08d2bfffff
49905,8810f6c115fffff
49906,8810f698c3fffff
49907,8810f6b2d7fffff
49908,8810f519e7fffff
49909,8810f68c3bfffff
49910,8810f4c83dfffff
49911,8810f6ad17fffff
49912,8810f4229dfffff
49913,8810f29039fffff
49914,8810a92633fffff
49915,8810f4c22bfffff
49916,88101b4cd7fffff
49917,8810f0c281fffff
49918,88101b6dddfffff
49919,8810f5c0d9fffff
49920,8810f5c327fffff
49921,8810f6aa89fffff
49922,8810f08ab7fffff
49923,8810a93837fffff
49924,8810f63605fffff
49925,8810f6d567fffff
49926,8810f04857fffff
49927,8810f419a7fffff
49928,8810f40545fffff
49929,88101b7711fffff
49930,8810f40725fffff
49931,8810f63329fffff
49932,8810f54d59fffff
49933,8810a96c4bfffff
49934,8810f66c11fffff
49935,8810f4ce03fffff
49936,8810f5d821fffff
49937,8810f6002dfffff
49938,8810f42261fffff
49939,8810f5d20bfffff
49940,8810f0951bfffff
49941,8810f6a2d1fffff
49942,8810f48f49fffff
49943,8810f00307fffff
49944,8810f51a2dfffff
49945,8810f4c909fffff
49946,8810f01649fffff
49947,8810f58c83fffff
49948,8810f6151bfffff
49949,88101b7231fffff
49950,8810f664abfffff
49951,8810f43a8bfffff
49952,8810f4ab69fffff
49953,8810f694d3fffff
49954,8810a92f6bfffff
49955,8810f510c5fffff
49956,8810f6961bfffff
49957,8810f4ad2bfffff
49958,88101b76e5fffff
49959,8810f58985fffff
49960,8810f40097fffff
49961,8810f094d1fffff
49962,88101b44dbfffff
49963,8810f58da1fffff
49964,8810f42e09fffff
49965,8810f09857fffff
49966,8810f48c37fffff
49967,8810f6162dfffff
49968,8810f6b909fffff
49969,8810aba6c5fffff
49970,8810f0cc51fffff
49971,8810f0950dfffff
49972,8810f42a0dfffff
49973,8810f4c6e1fffff
49974,8810f08f15fffff
49975,8810f59127fffff
49976,8810f51567fffff
49977,8810f4ae61fffff
49978,8810f5c415fffff
49979,8810f62dbbfffff
49980,8810f40f49fffff
49981,8810f548edfffff
49982,8810f6c649fffff
49983,8810f4d04bfffff
49984,8810f5d205fffff
49985,8810f4a747fffff
49986,8810f6b043fffff
49987,8810f580c1fffff
49988,8810f4ced7fffff
49989,8810f4cb27fffff
49990,88101b72d3fffff
49991,8810a90c93fffff
49992,8810f5463dfffff
49993,8810f0daa7fffff
49994,8810f68e09fffff
49995,8810f4c063fffff
49996,8810f4144bfffff
49997,8810f096a7fffff
49998,8810f4113dfffff
49999,8810f6970bfffff
50000,8810f4adabfffff
50001,8810f6b1b9fffff
50002,8810f6d75bfffff
50003,8810f6c1ebfffff
50004,8810f42a83fffff
50005,8810f05017fffff
50006,8810f59885fffff
50007,8810f08e81fffff
50008,8810f4bac1fffff
50009,8810f082e3fffff
50010,8810a92e1dfffff
50011,8810f464b7fffff
50012,8810f60489fffff
50013,8810f6b1c5fffff
50014,8810f622bbfffff
50015,8810f4b865fffff
50016,8810f40417fffff
50017,8810f55639fffff
50018,8810f0d29bfffff
50019,8810f45a27fffff
50020,8810f0141bfffff
50021,8810f0c61bfffff
50022,8810f62517fffff
50023,8810f461c9fffff
50024,8810f66ee7fffff
50025,8810a92ae5fffff
50026,8810f0a25dfffff
50027,8810f599a9fffff
50028,8810f614b9fffff
50029,8810f0d22dfffff
50030,8810f42d97fffff
50031,8810f621c5fffff
50032,8810f45627fffff
50033,8810f09963fffff
50034,8810f690edfffff
50035,8810f0c247fffff
50036,8810f40745fffff
50037,8810f01303fffff
50038,8810f409abfffff
50039,8810a922d3fffff
50040,8810f4d8cdfffff
50041,8810f6aea1fffff
50042,8810f51265fffff
50043,8810a93a53fffff
50044,8810f41b09fffff
50045,8810f0c28dfffff
50046,8810f4a465fffff
50047,8810f69329fffff
50048,8810f69a31fffff
50049,8810f48409fffff
50050,8810f6cad1fffff
50051,8810f48d49fffff
50052,88101b2831fffff
50053,88101b4c41fffff
50054,8810f44ecbfffff
50055,8810a96727fffff
50056,88101b6d31fffff
50057,8810f68417fffff
50058,8810f695dbfffff
50059,8810a92ad7fffff
50060,8810f09643fffff
50061,88101b774bfffff
50062,8810f474abfffff
50063,8810f45a17fffff
50064,8810f692d9fffff
50065,8810f6b2adfffff
50066,8810f01911fffff
50067,8810f5cd49fffff
50068,8810f544c9fffff
50069,8810f61091fffff
50070,88101b4d11fffff
50071,8810f40f61fffff
50072,8810f01b0dfffff
50073,88101a6ce1fffff
50074,8810f54887fffff
50075,8810f69355fffff
50076,8810a926bdfffff
50077,8810f28663fffff
50078,8810f5c8b1fffff
50079,8810f6a70bfffff
50080,8810f46351fffff
50081,8810f69b5dfffff
50082,8810f4c9d1fffff
50083,8810f5bb57fffff
50084,8810f4485bfffff
50085,8810f448a5fffff
50086,8810f6374dfffff
50087,8810f6d829fffff
50088,8810f0150bfffff
50089,8810f488e5fffff
50090,8810a92e31fffff
50091,8810f605b1fffff
50092,8810f4d501fffff
50093,8810f0d507fffff
50094,8810f5c997fffff
50095,88101b6883fffff
50096,88101b0523fffff
50097,8810f4a317fffff
50098,8810f292d1fffff
50099,8810f6b761fffff
50100,8810f292bbfffff
50101,8810f4a911fffff
50102,8810f55addfffff
50103,8810f6b33dfffff
50104,8810f474c3fffff
50105,8810f54731fffff
50106,8810f4d899fffff
50107,8810f44a37fffff
50108,8810f4a4b5fffff
50109,8810f40939fffff
50110,8810f0c697fffff
50111,88101b7ac9fffff
50112,8810f5484bfffff
50113,8810a97407fffff
50114,8810f42e39fffff
50115,8810f508a1fffff
50116,8810f292c1fffff
50117,8810f4b569fffff
50118,8810f58ed9fffff
50119,8810f0b0bdfffff
50120,8810f4b8e5fffff
50121,8810f4b43bfffff
50122,8810f01027fffff
50123,8810f44c33fffff
50124,8810f4671dfffff
50125,88101b0b29fffff
50126,8810f68abbfffff
50127,8810f0d5d1fffff
50128,8810f421c9fffff
50129,8810f58f6dfffff
50130,8810f512abfffff
50131,8810f4daddfffff
50132,8810f6d423fffff
50133,8810f458dbfffff
50134,8810f09a13fffff
50135,8810f69653fffff
50136,8810f69025fffff
50137,8810f5c5a1fffff
50138,8810f4b6adfffff
50139,8810f48ea3fffff
50140,8810f4a163fffff
50141,8810f4a73bfffff
50142,8810f0c4adfffff
50143,8810f29251fffff
50144,8810f43169fffff
50145,8810f050a7fffff
50146,8810f5bb31fffff
50147,8810f4443dfffff
50148,88101b08a9fffff
50149,8810f6b5c9fffff
50150,8810f69481fffff
50151,8810f5cf47fffff
50152,8810f54a0dfffff
50153,8810f68023fffff
50154,8810f54edbfffff
50155,8810f68933fffff
50156,8810f44719fffff
50157,88101b5683fffff
50158,88101b75c3fffff
50159,8810f6ad49fffff
50160,8810f4b417fffff
50161,8810f6345bfffff
50162,8810f425b7fffff
50163,8810f6653bfffff
50164,8810f4196bfffff
50165,8810f685a3fffff
50166,8810f4090bfffff
50167,8810f60cb1fffff
50168,8810f0c823fffff
50169,8810f55267fffff
50170,8810f0d267fffff
50171,8810f5c51bfffff
50172,8810f48509fffff
50173,8810f6243dfffff
50174,8810f4c335fffff
50175,88101b7a65fffff
50176,8810f4da3bfffff
50177,8810f62c99fffff
50178,8810f69299fffff
50179,8810a9740bfffff
50180,8810f012e5fffff
50181,8810f44981fffff
50182,88101b01c1fffff
50183,8810a922ddfffff
50184,8810f46761fffff
50185,88101b61b3fffff
50186,8810f0122dfffff
50187,8810f5d41dfffff
50188,8810f4114bfffff
50189,8810a96e27fffff
50190,88101b613dfffff
50191,88101b74adfffff
50192,8810f41207fffff
50193,8810f62abdfffff
50194,8810f2902dfffff
50195,8810a96425fffff
50196,8810f54a97fffff
50197,8810f68821fffff
50198,88101b0ce7fffff
50199,8810f6ad4dfffff
50200,8810f6b4b7fffff
50201,8810f469a5fffff
50202,8810f476c5fffff
50203,8810f68e67fffff
50204,8810f50229fffff
50205,8810f5c025fffff
50206,8810f4b86bfffff
50207,88101a6eedfffff
50208,8810f4cd6bfffff
50209,8810f5553dfffff
50210,8810f01925fffff
50211,8810f42de5fffff
50212,8810f616a3fffff
50213,8810f51325fffff
50214,8810a92eabfffff
50215,8810f50931fffff
50216,8810f61519fffff
50217,8810f414c3fffff
50218,8810f60b05fffff
50219,8810f4c157fffff
50220,88101b0d6bfffff
50221,8810f05043fffff
50222,8810f6c257fffff
50223,8810f6cf5dfffff
50224,8810f28227fffff
50225,8810f6d883fffff
50226,8810f29147fffff
50227,8810f55769fffff
50228,8810f09a17fffff
50229,8810f459c3fffff
50230,8810f2b367fffff
50231,88101b6c9bfffff
50232,8810a92947fffff
50233,8810a97431fffff
50234,8810f5c4e9fffff
50235,8810f4301dfffff
50236,8810f4aa9dfffff
50237,8810f421e9fffff
50238,8810f48b13fffff
50239,8810f0404dfffff
50240,8810f6a107fffff
50241,8810f5123dfffff
50242,8810f58ab9fffff
50243,8810f4cc55fffff
50244,8810f55569fffff
50245,8810f4630dfffff
50246,8810f44e87fffff
50247,8810f5c807fffff
50248,8810f62265fffff
50249,8810f620a1fffff
50250,8810f05a55fffff
50251,8810f42295fffff
50252,8810f636a9fffff
50253,8810f6333bfffff
50254,8810f50193fffff
50255,88101b08b3fffff
50256,8810f6a86bfffff
50257,8810f08331fffff
50258,8810f08a93fffff
50259,8810f09007fffff
50260,8810f4aa5dfffff
50261,8810a976edfffff
50262,8810f6c137fffff
50263,8810f0d94bfffff
50264,8810f432e1fffff
50265,8810f59013fffff
50266,8810f086b1fffff
50267,8810f6086dfffff
50268,8810f628b7fffff
50269,8810f48d29fffff
50270,8810f51a85fffff
50271,8810f4602dfffff
50272,8810f43869fffff
50273,8810f47183fffff
50274,8810f6d351fffff
50275,8810f5cf0dfffff
50276,8810f048e7fffff
50277,8810f55449fffff
50278,8810f40a67fffff
50279,8810f4cdc1fffff
50280,8810f08603fffff
50281,8810f59231fffff
50282,8810f2b165fffff
50283,8810f51223fffff
50284,8810f4aa59fffff
50285,8810f4ce9dfffff
50286,8810a92f05fffff
50287,8810f6c75dfffff
50288,8810f414bdfffff
50289,88101b6131fffff
50290,8810f62567fffff
50291,88101b0331fffff
50292,88101b19b7fffff
50293,8810f6223dfffff
50294,8810f508dbfffff
50295,8810f5c62bfffff
50296,8810f548c5fffff
50297,8810f55325fffff
50298,8810f46819fffff
50299,8810f55497fffff
50300,8810f09325fffff
50301,8810f04883fffff
50302,8810f6058bfffff
50303,8810f4d5bdfffff
50304,8810f0b0a1fffff
50305,8810f6261bfffff
50306,8810f46927fffff
50307,8810a935e3fffff
50308,8810a93a0dfffff
50309,8810f6a12bfffff
50310,8810f6231bfffff
50311,8810a9646bfffff
50312,8810f43559fffff
50313,8810f422a7fffff
50314,8810a9273dfffff
50315,8810f28acbfffff
50316,8810f499d5fffff
50317,8810f41113fffff
50318,8810a96803fffff
50319,88101b0991fffff
50320,8810f55ab1fffff
50321,8810f6b9a5fffff
50322,8810f4bb59fffff
50323,8810f44939fffff
50324,8810f4b593fffff
50325,8810f4cd59fffff
50326,8810f6d427fffff
50327,8810f4845dfffff
50328,8810f46c11fffff
50329,88101b4db7fffff
50330,8810f6aa2bfffff
50331,8810f60867fffff
50332,8810f018c3fffff
50333,8810f466abfffff
50334,8810f422bdfffff
50335,8810f4a987fffff
50336,8810f0d33dfffff
50337,88101b75c9fffff
50338,8810f280a7fffff
50339,8810f51259fffff
50340,8810f0cf35fffff
50341,8810f6ba37fffff
50342,8810f4a02bfffff
50343,8810f611c7fffff
50344,88101b7615fffff
50345,8810f28087fffff
50346,8810f6349dfffff
50347,8810f60c97fffff
50348,8810f6104bfffff
50349,88101b4983fffff
50350,88101b7869fffff
50351,8810f5111bfffff
50352,8810f41409fffff
50353,88101b452dfffff
50354,8810f6aab5fffff
50355,8810f29261fffff
50356,8810f451ebfffff
50357,8810f552dbfffff
50358,8810f59829fffff
50359,8810f55b57fffff
50360,8810a96d01fffff
50361,8810f66421fffff
50362,8810f688a5fffff
50363,8810f0bad9fffff
50364,8810f54321fffff
50365,8810a97525fffff
50366,88101b7327fffff
50367,8810f0101dfffff
50368,8810f5716dfffff
50369,8810f4af05fffff
50370,8810f4311bfffff
50371,8810f04125fffff
50372,8810f4895dfffff
50373,8810f590dbfffff
50374,8810f6ae3dfffff
50375,8810f62d97fffff
50376,8810f6bae9fffff
50377,8810f0cd67fffff
50378,8810f5925dfffff
50379,8810f5ce4bfffff
50380,88101b7447fffff
50381,8810a92f11fffff
50382,8810f47289fffff
50383,8810f690e3fffff
50384,8810f49985fffff
50385,8810f0db5bfffff
50386,8810f459ebfffff
50387,8810f66555fffff
50388,88101b66d7fffff
50389,8810f6870dfffff
50390,8810f61017fffff
50391,8810f488d5fffff
50392,8810f69369fffff
50393,8810f62cadfffff
50394,8810f6c29bfffff
50395,8810f454ebfffff
50396,8810a92da1fffff
50397,8810f5851bfffff
50398,8810f545a9fffff
50399,8810f68901fffff
50400,8810f0ca17fffff
50401,8810f09609fffff
50402,88101b7695fffff
50403,8810f451e7fffff
50404,88101b71e1fffff
50405,8810f42501fffff
50406,8810f61689fffff
50407,8810f43119fffff
50408,8810f69813fffff
50409,88101b7557fffff
50410,8810f5d1abfffff
50411,8810f29527fffff
50412,88101b4c8dfffff
50413,88101b7757fffff
50414,8810f2911dfffff
50415,8810f4a1e3fffff
50416,88101b449bfffff
50417,8810f6d83bfffff
50418,8810f4c053fffff
50419,8810f018ddfffff
50420,8810f5d127fffff
50421,8810f4294dfffff
50422,8810f41883fffff
50423,8810f0b363fffff
50424,8810f69895fffff
50425,8810f0b199fffff
50426,8810f6b4a1fffff
50427,8810a96ed3fffff
50428,8810f44143fffff
50429,8810f4ba13fffff
50430,8810f44737fffff
50431,8810f08d07fffff
50432,8810f0b365fffff
50433,88101b6ea9fffff
50434,8810a96a93fffff
50435,8810f051cdfffff
50436,8810f6a261fffff
50437,8810f4736bfffff
50438,8810f58e59fffff
50439,8810f63613fffff
50440,8810f4c6e9fffff
50441,8810f4a34bfffff
50442,8810f4c03dfffff
50443,8810f45513fffff
50444,8810f58c3dfffff
50445,8810f41849fffff
50446,88101b6d97fffff
50447,88101b3b59fffff
50448,8810f6c1cbfffff
50449,8810f08199fffff
50450,8810f01323fffff
50451,88101b45adfffff
50452,8810f0d903fffff
50453,8810f438b7fffff
50454,8810a97461fffff
50455,8810f4a5abfffff
50456,8810a976abfffff
50457,88101b6039fffff
50458,8810f46f41fffff
50459,8810f46b25fffff
50460,8810f512c1fffff
50461,8810f48923fffff
50462,8810f6d215fffff
50463,8810f411a7fffff
50464,8810f058b1fffff
50465,8810f29133fffff
50466,8810f61405fffff
50467,8810f41993fffff
50468,88101b09c1fffff
50469,8810f476ddfffff
50470,8810f58b09fffff
50471,8810f474d3fffff
50472,8810a93865fffff
50473,88101b7503fffff
50474,8810f08f29fffff
50475,8810f6ace1fffff
50476,8810f6d365fffff
50477,8810f2910dfffff
50478,8810f01745fffff
50479,8810f44e0dfffff
50480,88101b6ecbfffff
50481,8810f48ed1fffff
50482,8810f4ca33fffff
50483,8810f6d455fffff
50484,8810a93b47fffff
50485,8810f6a727fffff
50486,8810f5926dfffff
50487,8810f694a3fffff
50488,8810f6ad43fffff
50489,8810f4c9ddfffff
50490,8810f6b315fffff
50491,8810f0ca23fffff
50492,88101b0a8dfffff
50493,88101a6893fffff
50494,8810f68ec5fffff
50495,8810f08629fffff
50496,8810f6306bfffff
50497,8810f6a535fffff
50498,8810f62da1fffff
50499,8810aba4d3fffff
50500,8810a97531fffff
50501,8810f6b253fffff
50502,8810a92991fffff
50503,8810f42c53fffff
50504,8810f4a4c9fffff
50505,8810f4ce65fffff
50506,8810f50f5dfffff
50507,8810f41ab5fffff
50508,8810f0b2c5fffff
50509,8810f456c3fffff
50510,8810a938adfffff
50511,8810f08d09fffff
50512,8810f62e93fffff
50513,8810f08ca7fffff
50514,8810f54685fffff
50515,8810f0ce51fffff
50516,8810f5da99fffff
50517,8810f42531fffff
50518,8810f58a63fffff
50519,8810f4285dfffff
50520,88101b750dfffff
50521,8810f50189fffff
50522,8810f438d5fffff
50523,8810f08181fffff
50524,8810f28651fffff
50525,88101b7461fffff
50526,8810f406b7fffff
50527,8810f551e9fffff
50528,8810f0c0c9fffff
50529,8810f40269fffff
50530,8810f6b8c7fffff
50531,8810f451c3fffff
50532,8810f4a6edfffff
50533,8810f2946bfffff
50534,8810a96d29fffff
50535,88101b72b5fffff
50536,8810f614d7fffff
50537,8810f62025fffff
50538,8810f62ca3fffff
50539,8810f61b0bfffff
50540,8810f6aa17fffff
50541,8810f6864dfffff
50542,8810f5c2b3fffff
50543,8810f0dacdfffff
50544,8810f46a45fffff
50545,8810f462c5fffff
50546,8810f6d657fffff
50547,8810f58c4dfffff
50548,88101b7455fffff
50549,8810f5810bfffff
50550,8810f04aa5fffff
50551,8810f0bad1fffff
50552,8810f60105fffff
50553,8810f28297fffff
50554,8810aba4e1fffff
50555,88101b0ed7fffff
50556,8810f0c49bfffff
50557,8810f608c3fffff
50558,8810f5d19bfffff
50559,8810f4629bfffff
50560,8810f01213fffff
50561,8810f459adfffff
50562,8810f59807fffff
50563,8810a9348bfffff
50564,8810f294edfffff
50565,8810f40011fffff
50566,8810f6116bfffff
50567,8810f4c72dfffff
50568,88101b012bfffff
50569,8810f61ae7fffff
50570,88101b703dfffff
50571,8810f6d639fffff
50572,8810f09331fffff
50573,8810f475a1fffff
50574,8810f41b31fffff
50575,8810f55097fffff
50576,8810f0b307fffff
50577,8810f464d7fffff
50578,8810f4a193fffff
50579,8810f6a507fffff
50580,8810aba757fffff
50581,8810f4214dfffff
50582,8810f6bb63fffff
50583,8810f6d347fffff
50584,8810f6d547fffff
50585,88101b624bfffff
50586,8810f476c3fffff
50587,8810f6bb59fffff
50588,8810f48f15fffff
50589,8810f0d8bdfffff
50590,8810f2908bfffff
50591,8810f44935fffff
50592,8810f46debfffff
50593,8810f681e9fffff
50594,8810f0c5a3fffff
50595,8810f0c6b1fffff
50596,8810f6b0d3fffff
50597,8810f51813fffff
50598,8810f61029fffff
50599,8810f54097fffff
50600,8810f0806bfffff
50601,8810f4c923fffff
50602,8810f011c1fffff
50603,8810f012e9fffff
50604,8810f4aed1fffff
50605,8810f6615dfffff
50606,8810f4d4b3fffff
50607,8810f455bdfffff
50608,8810f50837fffff
50609,8810f082d7fffff
50610,8810f6d34dfffff
50611,8810f55229fffff
50612,8810f5bb5dfffff
50613,8810a9269dfffff
50614,8810f0d253fffff
50615,8810f6aeadfffff
50616,8810f2841dfffff
50617,8810f6d691fffff
50618,8810f60103fffff
50619,8810f6c6bbfffff
50620,8810f66413fffff
50621,8810f4412dfffff
50622,8810f50a0dfffff
50623,8810f684d5fffff
50624,8810f6d1a3fffff
50625,8810f4d253fffff
50626,8810f60a19fffff
50627,88101b7705fffff
50628,8810f45a29fffff
50629,8810f2801dfffff
50630,8810f55b05fffff
50631,8810f6b207fffff
50632,8810f6835bfffff
50633,8810f43921fffff
50634,8810f472d7fffff
50635,88101b6b23fffff
50636,8810f0b917fffff
50637,8810f014b5fffff
50638,8810f66f19fffff
50639,8810f4cee3fffff
50640,88101b0c59fffff
50641,8810f5cad3fffff
50642,8810f68c9dfffff
50643,8810f29525fffff
50644,8810f0d125fffff
50645,8810f631cdfffff
50646,8810f4a89dfffff
50647,8810f08699fffff
50648,8810f099dbfffff
50649,8810f4cf45fffff
50650,8810f4da35fffff
50651,8810f0d13bfffff
50652,8810f418a9fffff
50653,8810f41ad5fffff
50654,8810f6b73dfffff
50655,8810f54adbfffff
50656,8810a96e51fffff
50657,8810f6d2c5fffff
50658,8810f58509fffff
50659,8810f54283fffff
50660,88101a6e01fffff
50661,8810f452c1fffff
50662,8810f6371bfffff
50663,8810f54837fffff
50664,8810f28aebfffff
50665,8810f452a7fffff
50666,88101a6e07fffff
50667,8810f5ceb5fffff
50668,8810f66033fffff
50669,8810f42aa9fffff
50670,8810f01639fffff
50671,8810f4d591fffff
50672,88101b0ee5fffff
50673,88101b54e5fffff
50674,88101b64cbfffff
50675,8810f01b01fffff
50676,8810a922cdfffff
50677,8810f4b605fffff
50678,8810f08b2bfffff
50679,8810f5d93dfffff
50680,88101b4e11fffff
50681,8810f51945fffff
50682,8810f59a3bfffff
50683,8810f6888dfffff
50684,8810f6ab0bfffff
50685,8810f4c963fffff
50686,8810f28403fffff
50687,8810f45851fffff
50688,8810f05003fffff
50689,8810f6a165fffff
50690,8810f6b9c5fffff
50691,8810f4a5b1fffff
50692,8810f6169bfffff
50693,8810f465c9fffff
50694,8810f62e11fffff
50695,8810a9652bfffff
50696,88101b19abfffff
50697,8810f0556dfffff
50698,88101b3a65fffff
50699,8810f6d85bfffff
50700,8810f48993fffff
50701,8810a93163fffff
50702,8810f5b85dfffff
50703,8810f62167fffff
50704,8810f6b08bfffff
50705,8810f5b867fffff
50706,8810f681ebfffff
50707,88101b4695fffff
50708,8810f6a103fffff
50709,8810f5036dfffff
50710,8810f54319fffff
50711,8810f559e7fffff
50712,8810f6b517fffff
50713,8810f459d3fffff
50714,8810f68865fffff
50715,8810f42b0dfffff
50716,8810a924cbfffff
50717,8810f01067fffff
50718,88101b02b3fffff
50719,8810f44933fffff
50720,8810f6c44dfffff
50721,8810a96eb3fffff
50722,8810f676a3fffff
50723,8810f68161fffff
50724,8810f01583fffff
50725,8810f6811dfffff
50726,8810f4c0bdfffff
50727,8810f442e3fffff
50728,88101b4c85fffff
50729,8810f425bbfffff
50730,8810f4cdb5fffff
50731,8810f4d5d1fffff
50732,8810aba48bfffff
50733,88101b6a67fffff
50734,8810f542adfffff
50735,88101b0e2bfffff
50736,8810f516d7fffff
50737,8810f55701fffff
50738,8810f548b9fffff
50739,8810f6bb27fffff
50740,8810f55337fffff
50741,8810f416b5fffff
50742,8810f4143bfffff
50743,8810f42f11fffff
50744,8810f4b18dfffff
50745,8810f4a367fffff
50746,8810f44e29fffff
50747,8810f4c9b3fffff
50748,8810f51ad3fffff
50749,8810f696a3fffff
50750,8810f08e93fffff
50751,8810f4453dfffff
50752,8810f5d0e1fffff
50753,8810f4c36bfffff
50754,8810f0d299fffff
50755,8810f0c147fffff
50756,8810f284cbfffff
50757,8810f6d58bfffff
50758,88101b6625fffff
50759,8810f6ce2bfffff
50760,8810f40eedfffff
50761,8810f46b03fffff
50762,8810f6b767fffff
50763,8810f66485fffff
50764,8810f6171bfffff
50765,8810f6d5ebfffff
50766,8810f58245fffff
50767,8810f0b15bfffff
50768,8810f54b1dfffff
50769,8810f49935fffff
50770,8810f49a25fffff
50771,8810f04899fffff
50772,8810f0b031fffff
50773,8810f6d81dfffff
50774,8810f63483fffff
50775,8810f60619fffff
50776,8810f51a05fffff
50777,8810f05125fffff
50778,88101b4583fffff
50779,8810f4d0b1fffff
50780,8810f6d1e9fffff
50781,8810f48d51fffff
50782,8810f0d295fffff
50783,88101b4d9dfffff
50784,8810f688e5fffff
50785,8810f44c59fffff
50786,8810f5ba35fffff
50787,8810f4b509fffff
50788,8810f4a9a3fffff
50789,8810f40d45fffff
50790,8810f4b715fffff
50791,8810f46009fffff
50792,8810f680a3fffff
50793,88101b7325fffff
50794,8810f46aa5fffff
50795,8810f4aa43fffff
50796,8810f69133fffff
50797,88101b0b0dfffff
50798,8810f424bbfffff
50799,8810f5c2d1fffff
50800,8810f58131fffff
50801,8810f4c815fffff
50802,8810f46dbbfffff
50803,8810f6a603fffff
50804,8810f4cc63fffff
50805,8810f6b331fffff
50806,88101b0d1dfffff
50807,88101b7a3dfffff
50808,8810f0921bfffff
50809,8810f488c5fffff
50810,8810f4d31dfffff
50811,8810aba69dfffff
50812,8810f4420bfffff
50813,8810a93983fffff
50814,8810f5d4d5fffff
50815,8810f54067fffff
50816,8810f0b34bfffff
50817,8810f09081fffff
50818,8810f4c061fffff
50819,8810f69535fffff
50820,8810f095d9fffff
50821,8810a96f6dfffff
50822,8810f4d23bfffff
50823,88101b7183fffff
50824,88101b056bfffff
50825,8810f5960bfffff
50826,8810f4c117fffff
50827,8810f4111dfffff
50828,8810a96da5fffff
50829,8810a961a9fffff
50830,8810f04915fffff
50831,8810f69a2dfffff
50832,8810f6a56dfffff
50833,8810a92de9fffff
50834,8810f4d715fffff
50835,88101b008bfffff
50836,8810a926b7fffff
50837,8810f519e3fffff
50838,8810f0118dfffff
50839,8810f54429fffff
50840,8810f47551fffff
50841,8810f4dae1fffff
50842,8810f5c4d5fffff
50843,8810f4a83bfffff
50844,8810f098c3fffff
50845,8810f518a5fffff
50846,8810a93b53fffff
50847,8810f0d511fffff
50848,8810a962c9fffff
50849,88101b4f39fffff
50850,8810f4a537fffff
50851,8810f40643fffff
50852,8810f4b18bfffff
50853,8810f63439fffff
50854,8810f559c9fffff
50855,8810f434a1fffff
50856,8810f615d1fffff
50857,8810f581c9fffff
50858,8810f49945fffff
50859,8810f05b47fffff
50860,8810f4022dfffff
50861,8810f5ced5fffff
50862,8810f296adfffff
50863,8810f4ad87fffff
50864,8810f6a337fffff
50865,8810f555b3fffff
50866,8810f42561fffff
50867,8810f4d889fffff
50868,8810a96d31fffff
50869,8810f40719fffff
50870,8810f6ba01fffff
50871,88101b4ed1fffff
50872,8810f01423fffff
50873,88101a6c8dfffff
50874,8810f2971bfffff
50875,8810f62465fffff
50876,8810f43213fffff
50877,8810f516c9fffff
50878,88101b48b1fffff
50879,8810a960d3fffff
50880,8810f6aab3fffff
50881,8810f456a7fffff
50882,8810f58f43fffff
50883,8810f0b00bfffff
50884,8810f42f17fffff
50885,8810f59299fffff
50886,8810f68c4bfffff
50887,8810f4669bfffff
50888,8810f0c683fffff
50889,8810f4da9dfffff
50890,88101b0aadfffff
50891,8810f0da9bfffff
50892,8810f4b265fffff
50893,8810f0d121fffff
50894,8810a96ce7fffff
50895,8810f624c1fffff
50896,8810f6b9bbfffff
50897,8810f4a21bfffff
50898,8810f5c99bfffff
50899,8810f4749bfffff
50900,8810f4740dfffff
50901,8810f49b4dfffff
50902,8810f508b5fffff
50903,8810f089c7fffff
50904,8810f40245fffff
50905,88101b4edbfffff
50906,8810f6c10bfffff
50907,8810f6d2b3fffff
50908,8810f66a9dfffff
50909,8810f0898bfffff
50910,8810f62293fffff
50911,8810f01a21fffff
50912,88101b0867fffff
50913,8810f5ca83fffff
50914,8810a93923fffff
50915,88101b6255fffff
50916,8810f486b1fffff
50917,8810f4248dfffff
50918,8810f09429fffff
50919,8810f50a65fffff
50920,8810f5ce0dfffff
50921,8810a96209fffff
50922,88101b4f3dfffff
50923,8810f44d5bfffff
50924,8810f48b09fffff
50925,8810f488b7fffff
50926,8810f470a9fffff
50927,8810f5498dfffff
50928,8810f45659fffff
50929,8810a920b3fffff
50930,8810f6a661fffff
50931,8810f61b19fffff
50932,8810f5c563fffff
50933,8810f4d933fffff
50934,8810f48699fffff
50935,8810f51925fffff
50936,88101b4dd5fffff
50937,8810f58dc9fffff
50938,8810f488edfffff
50939,8810f5b83dfffff
50940,8810f04351fffff
50941,8810f08585fffff
50942,8810f5d833fffff
50943,8810f48c85fffff
50944,8810f29809fffff
50945,8810f59b4dfffff
50946,8810f090a3fffff
50947,8810f0c007fffff
50948,8810f49a65fffff
50949,8810f400b3fffff
50950,8810f66121fffff
50951,8810f45b65fffff
50952,8810f4d29bfffff
50953,8810f54209fffff
50954,8810f08265fffff
50955,8810f5d4b9fffff
50956,8810f0193dfffff
50957,8810f6d2e5fffff
50958,8810f51aa1fffff
50959,8810f0c5e9fffff
50960,8810f54583fffff
50961,8810f41329fffff
50962,8810f0cf0dfffff
50963,8810f44c9bfffff
50964,8810f0965bfffff
50965,8810f4452dfffff
50966,8810f0584bfffff
50967,8810f29aedfffff
50968,8810f451a7fffff
50969,88101b4d63fffff
50970,88101b4f09fffff
50971,8810f29315fffff
50972,8810f636bdfffff
50973,8810f66509fffff
50974,8810f46ee1fffff
50975,8810f51967fffff
50976,8810f555a1fffff
50977,8810f4d665fffff
50978,8810f4023bfffff
50979,8810f05b01fffff
50980,8810f6ad39fffff
50981,8810f4a913fffff
50982,8810f4008dfffff
50983,8810f0d141fffff
50984,8810f4aec5fffff
50985,8810f558d1fffff
50986,8810f60e97fffff
50987,8810f0d895fffff
50988,8810f4201dfffff
50989,8810f66461fffff
50990,8810aba685fffff
50991,8810f54365fffff
50992,8810f44dc5fffff
50993,8810f62ea9fffff
50994,8810f48f23fffff
50995,8810f476d5fffff
50996,88101b6689fffff
50997,8810f541a7fffff
50998,8810f552bbfffff
50999,88101b0025fffff
51000,8810f63a65fffff
51001,8810f4d843fffff
51002,88101b7919fffff
51003,8810a920a1fffff
51004,88101b6543fffff
51005,8810f580d9fffff
51006,8810f50039fffff
51007,8810f5d159fffff
51008,8810f44461fffff
51009,8810f6d199fffff
51010,8810f0142dfffff
51011,8810f6d037fffff
51012,8810f63657fffff
51013,8810f4a769fffff
51014,8810f58367fffff
51015,8810f68219fffff
51016,8810a960e7fffff
51017,8810f4c583fffff
51018,8810f5ca93fffff
51019,8810f4c359fffff
51020,8810f6a52bfffff
51021,8810f66ac9fffff
51022,8810a92ddbfffff
51023,8810f50ae1fffff
51024,8810f68ac3fffff
51025,8810f5d887fffff
51026,8810f62069fffff
51027,8810f04887fffff
51028,8810f630d5fffff
51029,8810f48d1bfffff
51030,8810f292d5fffff
51031,8810aba717fffff
51032,8810f002b5fffff
51033,88101b6b35fffff
51034,88101b71b5fffff
51035,8810f6a1cdfffff
51036,88101b6257fffff
51037,8810f0b35dfffff
51038,8810a93a2dfffff
51039,8810f59033fffff
51040,8810f4ada1fffff
51041,8810f4c893fffff
51042,8810a92239fffff
51043,88101b6323fffff
51044,88101b0a97fffff
51045,8810f29737fffff
51046,8810f42137fffff
51047,8810f0aa65fffff
51048,8810f47701fffff
51049,8810f45835fffff
51050,8810f48531fffff
51051,8810f5ca39fffff
51052,8810f44c6bfffff
51053,8810f409e3fffff
51054,88101b7305fffff
51055,8810f5c409fffff
51056,8810f5dabbfffff
51057,8810f4c20dfffff
51058,8810f50115fffff
51059,8810f01801fffff
51060,8810f40d51fffff
51061,8810f0b141fffff
51062,8810f0c0c1fffff
51063,8810f29601fffff
51064,8810f4c6abfffff
51065,88101a6539fffff
51066,8810f62dc3fffff
51067,8810f62abbfffff
51068,88101b3921fffff
51069,8810f5d9e7fffff
51070,8810f635ebfffff
51071,8810f46c0dfffff
51072,8810f40561fffff
51073,8810f684e1fffff
51074,8810f0c691fffff
51075,8810f58d27fffff
51076,8810f46c4bfffff
51077,8810f614e7fffff
51078,8810f4455dfffff
51079,8810f6a00dfffff
51080,8810f6b9b5fffff
51081,8810f4c00bfffff
51082,8810f6b02dfffff
51083,8810f41291fffff
51084,8810f4c1b3fffff
51085,8810f296edfffff
51086,8810f0921dfffff
51087,8810a921adfffff
51088,8810f5d1a3fffff
51089,8810f4d0adfffff
51090,8810f041e7fffff
51091,8810f6848dfffff
51092,8810f42621fffff
51093,8810f6b247fffff
51094,8810f55667fffff
51095,88101b4463fffff
51096,8810f01367fffff
51097,8810f546b1fffff
51098,8810f63293fffff
51099,8810f09b31fffff
51100,8810f6d1cbfffff
51101,8810f61241fffff
51102,8810f47409fffff
51103,8810f54e21fffff
51104,8810f44aadfffff
51105,8810f59209fffff
51106,8810f58143fffff
51107,8810f4312bfffff
51108,8810f6ce9dfffff
51109,8810a934b1fffff
51110,8810f614abfffff
51111,8810f43a2bfffff
51112,8810a9619dfffff
51113,88101b001bfffff
51114,8810f29339fffff
51115,8810f40455fffff
51116,8810f0d2ddfffff
51117,8810f445b9fffff
51118,8810f5c721fffff
51119,8810f4a51dfffff
51120,8810f6a4a5fffff
51121,8810f5982dfffff
51122,8810f542e9fffff
51123,8810f616c3fffff
51124,8810a90c81fffff
51125,8810f6309bfffff
51126,8810f40425fffff
51127,88101a6d03fffff
51128,88101b18a7fffff
51129,8810f69b39fffff
51130,8810f5c6c3fffff
51131,8810f47215fffff
51132,8810f66f65fffff
51133,8810f462e5fffff
51134,8810f614adfffff
51135,8810f0cf3bfffff
51136,8810f631ddfffff
51137,8810f4188bfffff
51138,88101b6d03fffff
51139,8810f08845fffff
51140,88101b396bfffff
51141,88101b55b7fffff
51142,8810f43081fffff
51143,8810f5168bfffff
51144,8810f48d93fffff
51145,8810f450a7fffff
51146,8810f4a981fffff
51147,8810f4484bfffff
51148,8810f446a7fffff
51149,8810f419c1fffff
51150,8810f54963fffff
51151,8810f47717fffff
51152,8810f622adfffff
51153,8810f6898bfffff
51154,8810f5ca9dfffff
51155,8810f4cad7fffff
51156,8810f46d0bfffff
51157,8810f58cebfffff
51158,8810f59709fffff
51159,8810f58b13fffff
51160,8810f48163fffff
51161,8810f40e55fffff
51162,8810f54e19fffff
51163,8810f68f19fffff
51164,8810f479a7fffff
51165,8810f461b1fffff
51166,8810f62453fffff
51167,8810a97683fffff
51168,8810f43405fffff
51169,88101b4c39fffff
51170,8810f0c9ddfffff
51171,8810f41201fffff
51172,8810f58365fffff
51173,8810f4a517fffff
51174,8810f43733fffff
51175,8810f4a4d3fffff
51176,8810f44ccdfffff
51177,8810f63a93fffff
51178,8810f29615fffff
51179,8810f46abbfffff
51180,8810f416bbfffff
51181,8810a934d3fffff
51182,8810f4c59dfffff
51183,8810f44e45fffff
51184,8810f62405fffff
51185,8810f54339fffff
51186,8810f43133fffff
51187,8810f4cda9fffff
51188,8810e6592dfffff
51189,8810f6ceebfffff
51190,8810f409b1fffff
51191,8810f62199fffff
51192,8810f43683fffff
51193,8810f4a685fffff
51194,8810a93a43fffff
51195,8810f68ca7fffff
51196,8810f59129fffff
51197,8810f5d497fffff
51198,8810f6b323fffff
51199,8810f012c7fffff
51200,8810f68f27fffff
51201,8810f451adfffff
51202,8810f5b811fffff
51203,8810f46f57fffff
51204,8810f6c2e5fffff
51205,8810f0b997fffff
51206,8810f080adfffff
51207,8810f6ae39fffff
51208,8810f4d49bfffff
51209,8810f5090dfffff
51210,8810f4a269fffff
51211,8810f46a59fffff
51212,8810f46811fffff
51213,88101b00bdfffff
51214,8810f55455fffff
51215,8810f474a5fffff
51216,8810f62acbfffff
51217,8810a97633fffff
51218,8810f5c8c9fffff
51219,8810f4ab6bfffff
51220,8810f58409fffff
51221,8810f049d1fffff
51222,8810f45509fffff
51223,88101b392dfffff
51224,8810f5598bfffff
51225,88101b0955fffff
51226,8810f4429bfffff
51227,8810f59961fffff
51228,8810f0cf5dfffff
51229,8810f40f27fffff
51230,8810a96cdbfffff
51231,8810f0c861fffff
51232,8810f46a3bfffff
51233,8810f68d15fffff
51234,8810f42f53fffff
51235,8810f4aa23fffff
51236,8810f016bdfffff
51237,8810f5ba5dfffff
51238,8810f09005fffff
51239,8810a9a4b1fffff
51240,8810a92221fffff
51241,8810f43823fffff
51242,8810f4b329fffff
51243,88101b4511fffff
51244,8810f4c6d1fffff
51245,8810f55825fffff
51246,8810f08c37fffff
51247,8810f580a5fffff
51248,8810f29b09fffff
51249,8810f4232dfffff
51250,8810f68f17fffff
51251,8810f605adfffff
51252,8810f43445fffff
51253,8810f47611fffff
51254,88101b668bfffff
51255,8810f4d745fffff
51256,8810f08e43fffff
51257,88101b71a7fffff
51258,8810f282e5fffff
51259,8810f4a0ebfffff
51260,8810f58969fffff
51261,8810a92737fffff
51262,8810f4b8d5fffff
51263,8810f0929bfffff
51264,8810a9609bfffff
51265,8810f0c89bfffff
51266,8810f4326dfffff
51267,8810f58529fffff
51268,88101b1983fffff
51269,88101a6ebbfffff
51270,8810f45105fffff
51271,8810f0c6ebfffff
51272,8810f68cbbfffff
51273,88101b2ca3fffff
51274,8810f60f47fffff
51275,8810f68c55fffff
51276,88101b5597fffff
51277,8810f429abfffff
51278,8810f28321fffff
51279,8810f2908dfffff
51280,8810f6381bfffff
51281,8810f6a2b5fffff
51282,8810f4bae1fffff
51283,8810f6d463fffff
51284,88101b7685fffff
51285,8810f6a6c1fffff
51286,8810f47221fffff
51287,8810f40cc3fffff
51288,8810f4aa9bfffff
51289,8810f410ebfffff
51290,8810f08587fffff
51291,8810f015a3fffff
51292,8810f0c96bfffff
51293,8810f4759bfffff
51294,8810f46287fffff
51295,8810f691e5fffff
51296,88101b053dfffff
51297,8810f60941fffff
51298,8810f08249fffff
51299,8810f611bdfffff
51300,8810f631b1fffff
51301,8810f55127fffff
51302,8810f680d9fffff
51303,88101b6f6bfffff
51304,8810f540b5fffff
51305,8810a96237fffff
51306,88101b6ad3fffff
51307,8810f55aa7fffff
51308,8810f43769fffff
51309,8810a96f69fffff
51310,8810f6accdfffff
51311,8810f04853fffff
51312,8810f458e5fffff
51313,8810f40065fffff
51314,8810f42b1dfffff
51315,8810f63b4bfffff
51316,8810f0c241fffff
51317,8810f4cd0dfffff
51318,8810aba63dfffff
51319,8810f08e55fffff
51320,8810a96807fffff
51321,8810f44147fffff
51322,8810f44483fffff
51323,8810f41747fffff
51324,8810f51315fffff
51325,8810f4c709fffff
51326,8810f29ae9fffff
51327,8810f5c2b9fffff
51328,8810f6d2edfffff
51329,8810f611bbfffff
51330,8810f55429fffff
51331,88101b009dfffff
51332,8810f015e1fffff
51333,8810f442c1fffff
51334,8810f5c755fffff
51335,8810f0d0d3fffff
51336,88101b4da7fffff
51337,8810f5ce81fffff
51338,8810f28683fffff
51339,8810f489adfffff
51340,8810f412e9fffff
51341,8810f08447fffff
51342,8810f4220dfffff
51343,8810f05929fffff
51344,8810f4603bfffff
51345,8810a92837fffff
51346,8810f40c91fffff
51347,8810f5512bfffff
51348,8810f6869bfffff
51349,8810f0ab0dfffff
51350,8810f5b907fffff
51351,8810f6aeb5fffff
51352,8810a96623fffff
51353,8810f4714dfffff
51354,88101a6da5fffff
51355,8810f6d40bfffff
51356,8810f440b3fffff
51357,8810f481dbfffff
51358,8810f47651fffff
51359,8810f68b2bfffff
51360,8810f471b9fffff
51361,8810f011e5fffff
51362,8810f55301fffff
51363,8810f4a95bfffff
51364,8810f05931fffff
51365,8810a93813fffff
51366,8810f6c663fffff
51367,8810f5d73bfffff
51368,8810f44325fffff
51369,8810f5d5e3fffff
51370,8810f68b57fffff
51371,8810f6a527fffff
51372,8810f6aa21fffff
51373,8810f6ad45fffff
51374,8810f0d0d7fffff
51375,8810f41051fffff
51376,88101b4713fffff
51377,88101b6157fffff
51378,8810a974a7fffff
51379,8810f0c319fffff
51380,8810f6a569fffff
51381,8810f0c0c3fffff
51382,8810f4368bfffff
51383,8810f50303fffff
51384,8810f444a5fffff
51385,88101b00edfffff
51386,88101b2b21fffff
51387,8810f41597fffff
51388,8810f661a3fffff
51389,8810f686e5fffff
51390,8810f4d0e7fffff
51391,8810f0aa4bfffff
51392,88101b4193fffff
51393,8810f49b31fffff
51394,8810f4756bfffff
51395,8810f42ca1fffff
51396,8810f60a1dfffff
51397,8810f48ad7fffff
51398,8810a97537fffff
51399,8810f6329dfffff
51400,8810f46dadfffff
51401,8810f4c403fffff
51402,8810f41527fffff
51403,8810f6a711fffff
51404,8810f0c911fffff
51405,8810f5c9c3fffff
51406,8810a925a5fffff
51407,88101b70c9fffff
51408,8810f55665fffff
51409,88101b0ea1fffff
51410,8810f08f1bfffff
51411,8810f422d9fffff
51412,8810f55a53fffff
51413,8810f000d5fffff
51414,8810f5caa7fffff
51415,8810f49805fffff
51416,8810f4d909fffff
51417,8810f6a905fffff
51418,8810f68939fffff
51419,8810f545c5fffff
51420,8810f41b3bfffff
51421,88101b7813fffff
51422,8810f00727fffff
51423,8810f60c85fffff
51424,8810f428c5fffff
51425,8810f501adfffff
51426,8810f6d241fffff
51427,8810f459b1fffff
51428,8810f4b5a1fffff
51429,8810f54167fffff
51430,8810f41b61fffff
51431,8810f6a2a5fffff
51432,8810f4b687fffff
51433,8810f5416dfffff
51434,8810f605a9fffff
51435,8810f50addfffff
51436,8810f484a5fffff
51437,8810f5cd33fffff
51438,8810f5cd09fffff
51439,8810f42ce3fffff
51440,8810f68ab7fffff
51441,88101b6d41fffff
51442,88101b4cddfffff
51443,8810f54835fffff
51444,8810f619b9fffff
51445,8810a96115fffff
51446,8810f4ab01fffff
51447,8810f4d84bfffff
51448,8810f46f03fffff
51449,8810f44a57fffff
51450,8810f04a3bfffff
51451,8810f559e9fffff
51452,8810f6c491fffff
51453,8810f4cc01fffff
51454,8810f43325fffff
51455,8810f4ad23fffff
51456,8810f42d6dfffff
51457,8810f0c59dfffff
51458,8810f676c1fffff
51459,8810f4ba61fffff
51460,8810f5d5e9fffff
51461,8810f581abfffff
51462,8810f0ba4bfffff
51463,8810f4ad9bfffff
51464,8810f40061fffff
51465,8810f4b931fffff
51466,8810f50301fffff
51467,8810f63455fffff
51468,8810f41839fffff
51469,8810f4720bfffff
51470,8810f45905fffff
51471,8810f449b7fffff
51472,8810f511c9fffff
51473,8810f058e5fffff
51474,8810f0ca55fffff
51475,8810f6270bfffff
51476,8810f50897fffff
51477,8810f691edfffff
51478,8810f0d0b1fffff
51479,8810a93a3bfffff
51480,8810f46855fffff
51481,8810f48b03fffff
51482,8810f6d82dfffff
51483,8810f58f1bfffff
51484,8810f099a9fffff
51485,8810f48d21fffff
51486,8810f50919fffff
51487,8810f6a9bdfffff
51488,8810f54413fffff
51489,8810f552c7fffff
51490,8810f45523fffff
51491,8810f62581fffff
51492,8810f4a70dfffff
51493,8810f05a47fffff
51494,8810f08133fffff
51495,8810f54133fffff
51496,8810f55a6bfffff
51497,8810f48ac7fffff
51498,8810f0d71bfffff
51499,8810f5908bfffff
51500,8810f69441fffff
51501,8810f09581fffff
51502,8810f698b3fffff
51503,8810f68837fffff
51504,88101a6e25fffff
51505,8810f47429fffff
51506,8810f0d089fffff
51507,8810f29845fffff
51508,8810a92e57fffff
51509,8810f699b1fffff
51510,8810f4aca7fffff
51511,8810f089cdfffff
51512,8810a939a9fffff
51513,8810f43625fffff
51514,88101b0c45fffff
51515,8810f0c89dfffff
51516,8810f6bb2bfffff
51517,8810f54e59fffff
51518,8810f0d2c3fffff
51519,8810f54047fffff
51520,8810f44433fffff
51521,88101b545dfffff
51522,8810f0d2c5fffff
51523,88101b6d9dfffff
51524,8810f4d4c7fffff
51525,8810a960a1fffff
51526,8810f01637fffff
51527,8810f54281fffff
51528,8810f01611fffff
51529,88101b4691fffff
51530,88101b2d9dfffff
51531,8810f4a739fffff
51532,8810f44ee1fffff
51533,8810f426e7fffff
51534,8810a92811fffff
51535,88101b4439fffff
51536,8810f05a6dfffff
51537,8810f462a9fffff
51538,8810f0135dfffff
51539,8810f4b811fffff
51540,88101a6c51fffff
51541,8810f43011fffff
51542,8810a96d1bfffff
51543,8810f63463fffff
51544,8810f4675bfffff
51545,8810f51831fffff
51546,8810f4a885fffff
51547,8810f42921fffff
51548,8810f4b80bfffff
51549,8810f4532bfffff
51550,8810f41805fffff
51551,8810f639d7fffff
51552,8810f4a0b7fffff
51553,8810f66f35fffff
51554,8810f47935fffff
51555,8810f4240dfffff
51556,8810f2970dfffff
51557,8810f58965fffff
51558,8810f4246dfffff
51559,88101b4a8bfffff
51560,8810f48919fffff
51561,8810f0d1bdfffff
51562,88101a6503fffff
51563,8810f5950bfffff
51564,8810f44139fffff
51565,8810f6a055fffff
51566,8810f61b55fffff
51567,8810f09131fffff
51568,8810f48dd7fffff
51569,8810f6a6e1fffff
51570,8810f516cbfffff
51571,8810f5981bfffff
51572,8810f689c7fffff
51573,88101b4cb5fffff
51574,8810f54b25fffff
51575,88101b7339fffff
51576,8810f4996bfffff
51577,8810f0ab6dfffff
51578,8810f55b25fffff
51579,8810f58c41fffff
51580,8810f661cbfffff
51581,8810a92b39fffff
51582,8810f0c0bdfffff
51583,8810f40c17fffff
51584,8810f46641fffff
51585,8810f4d9c9fffff
51586,8810f62349fffff
51587,8810f0cb0bfffff
51588,8810f48109fffff
51589,8810f400ddfffff
51590,8810f68a2bfffff
51591,8810f50ab9fffff
51592,8810f6d213fffff
51593,8810f61493fffff
51594,8810f55467fffff
51595,8810f4b223fffff
51596,8810f439bbfffff
51597,8810f4cb31fffff
51598,8810f0aa51fffff
51599,8810f67459fffff
51600,8810f6ac97fffff
51601,8810f0c98dfffff
51602,8810f42b4dfffff
51603,8810a96855fffff
51604,8810f4705dfffff
51605,88101b65a5fffff
51606,8810f448adfffff
51607,8810f0149dfffff
51608,8810f5d92bfffff
51609,8810f4bad5fffff
51610,8810f6d293fffff
51611,8810f5c2a5fffff
51612,8810f43743fffff
51613,8810f6a90dfffff
51614,8810f618b9fffff
51615,88101b7487fffff
51616,88101b41adfffff
51617,8810f4d457fffff
51618,8810f08741fffff
51619,8810f422e9fffff
51620,8810f5514dfffff
51621,8810f540b1fffff
51622,8810f469c7fffff
51623,8810f45545fffff
51624,8810f4a687fffff
51625,8810f401cbfffff
51626,8810a965cbfffff
51627,8810f45ac5fffff
51628,8810f08893fffff
51629,8810f664a7fffff
51630,8810f050e7fffff
51631,8810f62f21fffff
51632,8810f0c8d5fffff
51633,8810f6af11fffff
51634,8810f59a31fffff
51635,8810f5d71bfffff
51636,8810f6d09dfffff
51637,8810f6880dfffff
51638,8810f50a35fffff
51639,8810f4500bfffff
51640,8810f6d441fffff
51641,8810f6d69dfffff
51642,8810f4621bfffff
51643,8810f47209fffff
51644,8810f406c1fffff
51645,8810f4c205fffff
51646,8810f44d8bfffff
51647,88101b6b03fffff
51648,88101a6cc9fffff
51649,8810f460c1fffff
51650,8810f59647fffff
51651,8810f4c749fffff
51652,88101b7b0dfffff
51653,8810f43149fffff
51654,8810f04a09fffff
51655,8810f0d8b3fffff
51656,8810f465bbfffff
51657,8810f44507fffff
51658,8810f59b47fffff
51659,8810f5db55fffff
51660,8810f5b92dfffff
51661,8810f46293fffff
51662,8810f6bb01fffff
51663,8810f0849bfffff
51664,8810f04aa7fffff
51665,8810f54891fffff
51666,8810f082e5fffff
51667,8810f46161fffff
51668,8810f40b29fffff
51669,8810f51807fffff
51670,88101b7807fffff
51671,8810f63b23fffff
51672,8810f42acbfffff
51673,8810f66025fffff
51674,8810f42a15fffff
51675,8810f5c9bdfffff
51676,8810f4d417fffff
51677,8810f09a95fffff
51678,8810f55333fffff
51679,8810f0d715fffff
51680,8810f29165fffff
51681,8810f6176dfffff
51682,8810a96035fffff
51683,8810f0cdc1fffff
51684,8810f40a49fffff
51685,8810f66ad9fffff
51686,8810f544ddfffff
51687,8810f6ba33fffff
51688,8810f43567fffff
51689,8810a97547fffff
51690,88101b0dc9fffff
51691,8810f54553fffff
51692,8810f4a359fffff
51693,8810a939b3fffff
51694,8810f4a113fffff
51695,8810f0d027fffff
51696,8810f455c9fffff
51697,8810f48a97fffff
51698,8810f6b0edfffff
51699,8810f0433dfffff
51700,8810a924b5fffff
51701,8810f40dc5fffff
51702,8810f5d1d5fffff
51703,8810f40d17fffff
51704,8810f485d5fffff
51705,8810f4c427fffff
51706,8810f4c8c7fffff
51707,8810a93887fffff
51708,8810f4155dfffff
51709,8810f09139fffff
51710,8810f42d1bfffff
51711,8810f62c35fffff
51712,88101b7139fffff
51713,8810f6cf05fffff
51714,8810f59addfffff
51715,8810f05959fffff
51716,8810f0c5e5fffff
51717,8810f0c41dfffff
51718,8810f6d4e9fffff
51719,8810f41b45fffff
51720,8810a92331fffff
51721,8810f41305fffff
51722,8810f615ebfffff
51723,8810f5d297fffff
51724,8810f051c1fffff
51725,8810f62cd3fffff
51726,8810a96117fffff
51727,8810f0b191fffff
51728,8810f4c595fffff
51729,8810f280e3fffff
51730,8810f68189fffff
51731,8810f4b005fffff
51732,8810f5bac7fffff
51733,8810f4c233fffff
51734,8810f636b1fffff
51735,8810f4d085fffff
51736,8810f05307fffff
51737,88101a6cbdfffff
51738,8810f5d969fffff
51739,8810f47427fffff
51740,88101b4e5dfffff
51741,8810f48521fffff
51742,8810f48483fffff
51743,8810f099bdfffff
51744,8810f5cf5bfffff
51745,8810f624a3fffff
51746,8810f01063fffff
51747,8810f5d861fffff
51748,8810a96019fffff
51749,8810f2b241fffff
51750,8810f58b51fffff
51751,8810f448a3fffff
51752,8810f4690bfffff
51753,8810f5d9cbfffff
51754,8810a97597fffff
51755,8810f4a1c7fffff
51756,88101b7123fffff
51757,8810f50339fffff
51758,8810f08753fffff
51759,8810f40167fffff
51760,8810a9759bfffff
51761,8810f0d365fffff
51762,88101b6713fffff
51763,8810f4ad9dfffff
51764,8810f5032bfffff
51765,8810f4599dfffff
51766,8810f6b867fffff
51767,8810f40f53fffff
51768,8810f4c987fffff
51769,8810a92191fffff
51770,8810f631d3fffff
51771,8810a9299bfffff
51772,88101b706bfffff
51773,8810f448d9fffff
51774,8810a976dbfffff
51775,8810a92867fffff
51776,8810f406edfffff
51777,8810a97541fffff
51778,8810f420e1fffff
51779,88101b719dfffff
51780,8810f50941fffff
51781,8810f69251fffff
51782,88101b6249fffff
51783,88101b6f63fffff
51784,8810f54435fffff
51785,8810f41723fffff
51786,8810f5172bfffff
51787,8810f5bb13fffff
51788,8810f409bdfffff
51789,8810f29a87fffff
51790,8810f55967fffff
51791,8810f0d931fffff
51792,8810f4af33fffff
51793,8810a93987fffff
51794,8810f546e7fffff
51795,8810f4c101fffff
51796,8810f5b835fffff
51797,8810f429a7fffff
51798,8810f4c6bbfffff
51799,8810f6032bfffff
51800,8810f469c3fffff
51801,8810f5c509fffff
51802,8810f41203fffff
51803,8810f40957fffff
51804,8810f51611fffff
51805,8810f48aa7fffff
51806,8810f48929fffff
51807,8810f6a227fffff
51808,8810f48103fffff
51809,8810f00213fffff
51810,8810f088e7fffff
51811,8810f5c54dfffff
51812,8810f62747fffff
51813,8810f0c1c9fffff
51814,8810f44e97fffff
51815,8810f5cc89fffff
51816,8810f6d8edfffff
51817,8810f4c305fffff
51818,88101b0dd1fffff
51819,8810f6765dfffff
51820,8810f4d691fffff
51821,8810f08467fffff
51822,8810f42167fffff
51823,8810f0d0a5fffff
51824,8810f429c1fffff
51825,8810a9a49bfffff
51826,8810f68165fffff
51827,88101b7585fffff
51828,8810f42751fffff
51829,8810f4765dfffff
51830,8810f431d5fffff
51831,8810f4264bfffff
51832,8810f40089fffff
51833,8810f0590dfffff
51834,8810f4a9d1fffff
51835,88101a6523fffff
51836,8810f0ca8dfffff
51837,8810f438b3fffff
51838,8810f61359fffff
51839,8810f0d03bfffff
51840,8810a964cdfffff
51841,8810f625dbfffff
51842,8810f59845fffff
51843,8810f440cbfffff
51844,8810f05245fffff
51845,8810f698e1fffff
51846,8810a92b09fffff
51847,8810f0c935fffff
51848,8810f4aedbfffff
51849,8810f62525fffff
51850,8810f0aa45fffff
51851,8810f05aa3fffff
51852,8810f50f59fffff
51853,8810f286e3fffff
51854,8810f0d1dbfffff
51855,88101b6889fffff
51856,88101b6945fffff
51857,8810f48cc5fffff
51858,8810f46ce1fffff
51859,8810f6c2e3fffff
51860,8810f089b1fffff
51861,88101b45d5fffff
51862,8810f419bdfffff
51863,88101b0d4dfffff
51864,8810f54033fffff
51865,8810f4294bfffff
51866,8810f05333fffff
51867,8810f44d0dfffff
51868,8810f489d1fffff
51869,8810f4b26dfffff
51870,8810f5c705fffff
51871,8810f08911fffff
51872,8810f47129fffff
51873,8810f6ba25fffff
51874,8810f43907fffff
51875,8810f42427fffff
51876,8810f05291fffff
51877,8810f49a29fffff
51878,8810a92743fffff
51879,88101b7365fffff
51880,8810f501b7fffff
51881,8810a92d31fffff
51882,8810f58ce1fffff
51883,8810f08ecbfffff
51884,8810f54a1dfffff
51885,8810f699b3fffff
51886,8810f68ec7fffff
51887,8810f46b2dfffff
51888,8810f4ba55fffff
51889,8810f00227fffff
51890,8810f69805fffff
51891,8810f094cdfffff
51892,8810f436e1fffff
51893,8810f69243fffff
51894,8810f0413bfffff
51895,88101b6263fffff
51896,8810f44739fffff
51897,88101b6d45fffff
51898,8810f54c69fffff
51899,8810f29163fffff
51900,88101b0a37fffff
51901,8810f0c197fffff
51902,8810f6b103fffff
51903,8810f5c8bbfffff
51904,8810f611d5fffff
51905,8810a92009fffff
51906,8810f6d207fffff
51907,8810f51a43fffff
51908,8810f635e3fffff
51909,8810f51943fffff
51910,8810f6345dfffff
51911,8810f0d853fffff
51912,88101b2835fffff
51913,8810a925c3fffff
51914,8810f4a0adfffff
51915,8810f46c03fffff
51916,8810f68131fffff
51917,8810f46c05fffff
51918,8810f69a05fffff
51919,8810a92e13fffff
51920,8810f429b5fffff
51921,8810f4a551fffff
51922,8810f4753dfffff
51923,8810f0181bfffff
51924,8810f48d19fffff
51925,8810f42c83fffff
51926,8810a935bbfffff
51927,8810f66191fffff
51928,8810f6d405fffff
51929,8810f4a8b7fffff
51930,8810f68537fffff
51931,8810f4b841fffff
51932,8810f4b505fffff
51933,8810f0db45fffff
51934,8810f63a2bfffff
51935,88101b6a89fffff
51936,8810f54959fffff
51937,8810f465dbfffff
51938,8810a9384dfffff
51939,8810f016ddfffff
51940,8810f434a3fffff
51941,8810f68909fffff
51942,8810f475b7fffff
51943,8810a9218bfffff
51944,8810f665b9fffff
51945,8810f4b869fffff
51946,8810a92dd9fffff
51947,8810f62da7fffff
51948,8810f5445dfffff
51949,8810a92ecdfffff
51950,8810f6a6cbfffff
51951,88101b0031fffff
51952,88101b4747fffff
51953,8810f0c483fffff
51954,8810f00247fffff
51955,8810f4146bfffff
51956,8810f5cf07fffff
51957,8810f40323fffff
51958,8810f5122dfffff
51959,8810f48d11fffff
51960,8810f630a7fffff
51961,8810f426c9fffff
51962,8810f051e9fffff
51963,8810f6cf4dfffff
51964,8810f436d1fffff
51965,8810f58b65fffff
51966,8810f4b969fffff
51967,8810f6b4c9fffff
51968,8810f09219fffff
51969,8810f0170dfffff
51970,8810f4d447fffff
51971,88101a6de1fffff
51972,8810f5da13fffff
51973,8810f48e57fffff
51974,8810f2b147fffff
51975,88101b459dfffff
51976,8810f582a9fffff
51977,88101b7481fffff
51978,8810f45023fffff
51979,88101b60d5fffff
51980,8810f4da27fffff
51981,8810f08087fffff
51982,8810f44c95fffff
51983,8810f08b67fffff
51984,8810f01abbfffff
51985,8810f426e5fffff
51986,8810f4c047fffff
51987,8810f498e5fffff
51988,8810f6836bfffff
51989,8810f51061fffff
51990,8810f5882bfffff
51991,8810f04ab5fffff
51992,8810f59887fffff
51993,8810f4841bfffff
51994,8810f462e1fffff
51995,8810f54c57fffff
51996,8810f6b0c7fffff
51997,8810f29361fffff
51998,8810f45301fffff
51999,8810f44b51fffff
52000,8810f61669fffff
52001,8810f4b609fffff
52002,8810f05b51fffff
52003,8810f4b2c1fffff
52004,8810f479a9fffff
52005,8810f5cb3bfffff
52006,8810f48189fffff
52007,8810f6a419fffff
52008,8810f445c7fffff
52009,8810f04981fffff
52010,8810f0424bfffff
52011,8810f40db5fffff
52012,8810f454d7fffff
52013,8810f486c5fffff
52014,8810a93a15fffff
52015,8810f554b1fffff
52016,8810f294bdfffff
52017,8810f0c091fffff
52018,8810f45ad5fffff
52019,88101b78dbfffff
52020,8810f0d829fffff
52021,8810f4c71bfffff
52022,8810f69281fffff
52023,8810f0c49dfffff
52024,88101b623bfffff
52025,8810f61097fffff
52026,8810f614ddfffff
52027,8810f0c5d3fffff
52028,88101a6c81fffff
52029,8810f58f57fffff
52030,8810f05a67fffff
52031,8810f66ebdfffff
52032,88101b3965fffff
52033,8810f4ab55fffff
52034,8810f58c05fffff
52035,8810f4a0e3fffff
52036,8810f500adfffff
52037,8810f5873dfffff
52038,8810f63583fffff
52039,8810f46d03fffff
52040,8810f42e87fffff
52041,8810f6b829fffff
52042,88101b71c9fffff
52043,8810f63637fffff
52044,8810f4b4abfffff
52045,8810f04a47fffff
52046,8810f58133fffff
52047,8810f696ddfffff
52048,8810f4cf37fffff
52049,8810f5c753fffff
52050,8810f6025bfffff
52051,8810f40113fffff
52052,88101b44a9fffff
52053,8810f4484dfffff
52054,8810f0102dfffff
52055,8810f690e7fffff
52056,8810f60ad5fffff
52057,8810f6992dfffff
52058,8810f69517fffff
52059,8810a92041fffff
52060,8810f6281bfffff
52061,8810f478b3fffff
52062,8810f625b3fffff
52063,8810f2982bfffff
52064,8810f0bac3fffff
52065,8810f58ae9fffff
52066,8810f60ed1fffff
52067,8810f4523dfffff
52068,8810f6b90bfffff
52069,8810f5c147fffff
52070,8810f40e1dfffff
52071,8810f29aebfffff
52072,8810f281e1fffff
52073,88101b18b3fffff
52074,8810f4818bfffff
52075,8810f6a269fffff
52076,8810f085cbfffff
52077,88101b4d81fffff
52078,8810f470c9fffff
52079,8810f0c06dfffff
52080,8810f5cee5fffff
52081,8810a96541fffff
52082,8810f580b3fffff
52083,88101b7913fffff
52084,8810f50031fffff
52085,8810f5d8e1fffff
52086,8810f6b54dfffff
52087,8810f6d481fffff
52088,8810f4aac1fffff
52089,8810f6c4a7fffff
52090,8810f6b31dfffff
52091,8810f6658dfffff
52092,8810f6c201fffff
52093,8810f6b03dfffff
52094,8810f002d3fffff
52095,8810f55ab3fffff
52096,8810f081cdfffff
52097,8810f29a23fffff
52098,8810f549b3fffff
52099,8810f01ab5fffff
52100,8810f62011fffff
52101,8810f292e1fffff
52102,8810f46c49fffff
52103,8810f59653fffff
52104,8810f049e9fffff
52105,8810f61151fffff
52106,8810f2873dfffff
52107,8810f428e5fffff
52108,8810f68a29fffff
52109,8810f622e1fffff
52110,8810f69169fffff
52111,8810f41019fffff
52112,8810f625e5fffff
52113,8810f58dddfffff
52114,8810f086d1fffff
52115,8810f08269fffff
52116,8810f664d9fffff
52117,8810f00097fffff
52118,8810f45a63fffff
52119,8810f5ba39fffff
52120,8810f501e1fffff
52121,8810f47a95fffff
52122,8810f6ab5bfffff
52123,8810f438adfffff
52124,8810f5b90dfffff
52125,8810f01963fffff
52126,8810f2914dfffff
52127,8810f0c221fffff
52128,8810f6c359fffff
52129,8810f41297fffff
52130,8810f421d9fffff
52131,8810f08745fffff
52132,8810f54a07fffff
52133,8810f40a07fffff
52134,8810f08c23fffff
52135,8810a968bbfffff
52136,8810f4430dfffff
52137,8810f0c701fffff
52138,8810f548bdfffff
52139,8810f6b987fffff
52140,8810f45415fffff
52141,8810f08095fffff
52142,8810f458d9fffff
52143,8810f4ae49fffff
52144,8810f5da69fffff
52145,8810a96e1bfffff
52146,8810f6a861fffff
52147,8810f68c37fffff
52148,8810f45623fffff
52149,8810f4aea5fffff
52150,8810f45993fffff
52151,88101b00b9fffff
52152,8810f4cdd9fffff
52153,8810f631a9fffff
52154,8810f699c7fffff
52155,8810f49823fffff
52156,8810f6769dfffff
52157,88101b75b5fffff
52158,8810f68f45fffff
52159,8810f0b035fffff
52160,8810f40053fffff
52161,8810f615d5fffff
52162,8810a961e1fffff
52163,88101b2c39fffff
52164,88101a6d39fffff
52165,8810a90dd1fffff
52166,8810f455dbfffff
52167,8810f69147fffff
52168,8810f48d09fffff
52169,88101b664dfffff
52170,8810f411c3fffff
52171,8810f46105fffff
52172,8810f4225bfffff
52173,8810f4b493fffff
52174,88101b62e3fffff
52175,88101b6419fffff
52176,8810f29a91fffff
52177,88101b68d9fffff
52178,88101b4ebbfffff
52179,8810f46a97fffff
52180,8810f44da9fffff
52181,8810a92ed5fffff
52182,8810f61a39fffff
52183,8810f6ce0dfffff
52184,8810f55b61fffff
52185,88101b0c13fffff
52186,8810f6915bfffff
52187,8810f68427fffff
52188,88101b696bfffff
52189,8810f294a1fffff
52190,8810f6d1c7fffff
52191,8810f54621fffff
52192,8810f63aedfffff
52193,8810f59aa1fffff
52194,8810f4a2b9fffff
52195,8810f5d0d5fffff
52196,8810f082c7fffff
52197,8810f689b5fffff
52198,8810f01159fffff
52199,8810f09193fffff
52200,8810f60143fffff
52201,8810f45345fffff
52202,8810f0cc6bfffff
52203,88101b456bfffff
52204,8810f50317fffff
52205,8810f40d67fffff
52206,8810f6912bfffff
52207,8810f5094bfffff
52208,8810f485d3fffff
52209,8810f48829fffff
52210,88101a6e5bfffff
52211,8810f0db35fffff
52212,8810f50061fffff
52213,8810f68193fffff
52214,8810f5d967fffff
52215,8810f6b113fffff
52216,8810f4d931fffff
52217,8810f5d56dfffff
52218,88101b79abfffff
52219,8810f42469fffff
52220,8810a934ddfffff
52221,8810f41b57fffff
52222,8810f6d1d5fffff
52223,8810f6b847fffff
52224,8810a96113fffff
52225,8810f0d26bfffff
52226,8810f0d545fffff
52227,8810f08d25fffff
52228,8810f422c3fffff
52229,8810f6a5ebfffff
52230,8810f47abdfffff
52231,8810f4c419fffff
52232,88101b665bfffff
52233,8810a939d7fffff
52234,88101b4d97fffff
52235,8810f599cdfffff
52236,88101b645bfffff
52237,88101b2ddbfffff
52238,8810f29435fffff
52239,8810f4cb63fffff
52240,8810f44d47fffff
52241,8810f66c0bfffff
52242,8810f42d37fffff
52243,8810f47357fffff
52244,8810f4ba15fffff
52245,8810f5c453fffff
52246,8810f6965bfffff
52247,8810f44711fffff
52248,88101b01a3fffff
52249,8810f51531fffff
52250,8810f4d4cbfffff
52251,8810f6acc9fffff
52252,88101a6e27fffff
52253,8810f6adedfffff
52254,8810f42283fffff
52255,8810f62e43fffff
52256,8810f6b1c1fffff
52257,8810f5cdbbfffff
52258,8810f4cf17fffff
52259,8810f4c70dfffff
52260,8810f0c53bfffff
52261,8810f469d5fffff
52262,8810f4da53fffff
52263,8810f51801fffff
52264,8810f4881bfffff
52265,8810f4b331fffff
52266,8810f0d995fffff
52267,8810f684d7fffff
52268,8810f40147fffff
52269,8810f4b235fffff
52270,88101b0b3dfffff
52271,8810f5c60dfffff
52272,8810f4373bfffff
52273,8810f051b9fffff
52274,8810f63a63fffff
52275,8810f43367fffff
52276,8810f54083fffff
52277,8810f291edfffff
52278,8810f40465fffff
52279,8810f2994bfffff
52280,8810f692d5fffff
52281,88101b622bfffff
52282,8810f62115fffff
52283,8810f4d8d3fffff
52284,8810f44819fffff
52285,8810f5922dfffff
52286,8810f04181fffff
52287,8810aba6ddfffff
52288,8810f40db9fffff
52289,8810f4a14dfffff
52290,8810f698b7fffff
52291,8810f6c593fffff
52292,8810f440c3fffff
52293,8810f40999fffff
52294,8810f54069fffff
52295,8810f0cd11fffff
52296,8810f6d553fffff
52297,88101b2dadfffff
52298,8810f5caedfffff
52299,8810f4b23bfffff
52300,8810f440d9fffff
52301,8810f58c2dfffff
52302,8810f0848dfffff
52303,88101b79e9fffff
52304,8810f5928bfffff
52305,8810f40e19fffff
52306,8810f62493fffff
52307,8810f60b35fffff
52308,8810f5b957fffff
52309,8810f632ebfffff
52310,8810f4c315fffff
52311,88101a6d19fffff
52312,8810f5548bfffff
52313,8810f41619fffff
52314,8810f68e23fffff
52315,8810f5d307fffff
52316,8810aba4c9fffff
52317,88101b7aebfffff
52318,88101b0b47fffff
52319,8810f68d13fffff
52320,8810f548ddfffff
52321,8810f4450bfffff
52322,88101a6de9fffff
52323,8810f6372bfffff
52324,8810f6a2bdfffff
52325,88101b62edfffff
52326,8810a9250bfffff
52327,8810f6a9cdfffff
52328,8810f6a561fffff
52329,88101b08ebfffff
52330,8810f40137fffff
52331,8810f04303fffff
52332,8810f0502dfffff
52333,8810f4ac0bfffff
52334,8810f6b03bfffff
52335,8810f632bbfffff
52336,8810a92a97fffff
52337,8810a974dbfffff
52338,8810f474d7fffff
52339,8810f05a33fffff
52340,8810f46565fffff
52341,8810f6aa0bfffff
52342,8810f43099fffff
52343,8810f4ce87fffff
52344,8810f5c313fffff
52345,8810f4da55fffff
52346,8810f639a5fffff
52347,88101b6699fffff
52348,8810f6340dfffff
52349,8810a96737fffff
52350,8810f0c061fffff
52351,8810f00755fffff
52352,8810f285cdfffff
52353,8810f51005fffff
52354,8810a92a61fffff
52355,8810f46635fffff
52356,8810f4a99bfffff
52357,8810f00349fffff
52358,8810f4106bfffff
52359,8810f42e17fffff
52360,8810f4cae5fffff
52361,8810f58db7fffff
52362,8810f5d409fffff
52363,8810f58db5fffff
52364,8810f589e5fffff
52365,8810f05961fffff
52366,8810f6a6ebfffff
52367,8810f4b13dfffff
52368,8810f4696dfffff
52369,8810f425d3fffff
52370,8810f5935dfffff
52371,8810f429ddfffff
52372,8810a934a3fffff
52373,8810f4a035fffff
52374,8810f61027fffff
52375,8810a96aabfffff
52376,8810f5d641fffff
52377,88101b6a9bfffff
52378,8810f6c6b5fffff
52379,8810f55869fffff
52380,8810f4624bfffff
52381,8810f09735fffff
52382,88101b724bfffff
52383,8810f5023bfffff
52384,8810f45169fffff
52385,8810f096b9fffff
52386,8810f4293dfffff
52387,8810f54f59fffff
52388,8810f47037fffff
52389,8810a920e3fffff
52390,8810f5cb29fffff
52391,8810f4af41fffff
52392,8810f44289fffff
52393,8810f5c74bfffff
52394,8810f29719fffff
52395,8810f5d4c7fffff
52396,8810f4810dfffff
52397,8810f639cbfffff
52398,8810f598e1fffff
52399,8810f66cdbfffff
52400,8810f684ebfffff
52401,8810f0c05dfffff
52402,8810f44069fffff
52403,88101b0f2dfffff
52404,8810f0941dfffff
52405,8810f4ba6bfffff
52406,8810f690abfffff
52407,8810f460bbfffff
52408,88101b790dfffff
52409,8810f6c2c5fffff
52410,8810f4a817fffff
52411,8810f478c3fffff
52412,8810f6d807fffff
52413,8810f604a5fffff
52414,8810f48535fffff
52415,8810f5800bfffff
52416,8810f515c5fffff
52417,8810a9672dfffff
52418,8810f42d33fffff
52419,8810f5d9dbfffff
52420,8810a92f3dfffff
52421,8810f5bb59fffff
52422,8810f47951fffff
52423,88101b68dbfffff
52424,8810f6a43dfffff
52425,8810f50809fffff
52426,8810f5c4adfffff
52427,8810f4a4e7fffff
52428,8810f6a949fffff
52429,8810f6830dfffff
52430,8810f44583fffff
52431,8810f4d6a3fffff
52432,8810f6ae55fffff
52433,8810f50801fffff
52434,8810a93889fffff
52435,8810f4554dfffff
52436,8810f098d7fffff
52437,8810f28729fffff
52438,8810f04935fffff
52439,8810f6c759fffff
52440,8810f421e1fffff
52441,8810f48b1dfffff
52442,8810f5d903fffff
52443,88101b7007fffff
52444,8810f68725fffff
52445,8810f68721fffff
52446,8810f09a0bfffff
52447,8810f51ac9fffff
52448,8810f42d67fffff
52449,8810f47231fffff
52450,8810f68183fffff
52451,8810f6188dfffff
52452,8810f68ee9fffff
52453,8810f55a39fffff
52454,8810f62ab5fffff
52455,8810f45297fffff
52456,8810f29237fffff
52457,8810f4a891fffff
52458,8810f5d51bfffff
52459,8810f4c2a5fffff
52460,8810f4d1b7fffff
52461,8810f41ae1fffff
52462,8810f5ba15fffff
52463,8810f456ddfffff
52464,88101b60cdfffff
52465,88101a6de5fffff
52466,8810f556a3fffff
52467,8810f6a305fffff
52468,8810f4d92bfffff
52469,8810f50833fffff
52470,8810f4b725fffff
52471,8810f62eadfffff
52472,8810f4d333fffff
52473,8810f58aa3fffff
52474,8810f6a33bfffff
52475,8810f54489fffff
52476,8810f41181fffff
52477,8810f6d057fffff
52478,8810f092cbfffff
52479,8810a929cbfffff
52480,8810f4b717fffff
52481,8810f6b609fffff
52482,8810f5134bfffff
52483,8810f554c3fffff
52484,8810f6902bfffff
52485,8810f46de1fffff
52486,8810f0940dfffff
52487,8810f6959dfffff
52488,88101b0307fffff
52489,8810f6c08dfffff
52490,8810f46721fffff
52491,88101b6ab1fffff
52492,8810f6bae1fffff
52493,8810f0cd33fffff
52494,88101b0859fffff
52495,8810f542d1fffff
52496,88101b6f57fffff
52497,8810f44d91fffff
52498,8810f48841fffff
52499,8810f6ad9bfffff
52500,88101b4cdbfffff
52501,8810f086abfffff
52502,8810f421bdfffff
52503,8810f540a3fffff
52504,8810f4b549fffff
52505,8810f454c7fffff
52506,8810f5c49bfffff
52507,8810f42f65fffff
52508,8810f4b067fffff
52509,8810f6c55bfffff
52510,8810f4cc69fffff
52511,8810f68053fffff
52512,88101b01b5fffff
52513,8810f5c819fffff
52514,88101b1991fffff
52515,8810f4ca0bfffff
52516,8810f59601fffff
52517,8810a9382dfffff
52518,8810f44027fffff
52519,8810f410bbfffff
52520,8810f5c26dfffff
52521,8810f049d5fffff
52522,8810f5ba3bfffff
52523,8810f6853dfffff
52524,8810f618d7fffff
52525,8810f472bdfffff
52526,8810f05615fffff
52527,8810f6adb3fffff
52528,8810f6b13bfffff
52529,8810f4c831fffff
52530,8810f4b5e9fffff
52531,8810f69a93fffff
52532,8810f6a06bfffff
52533,8810f05887fffff
52534,8810f0d537fffff
52535,8810f41503fffff
52536,8810f444bdfffff
52537,8810f080c3fffff
52538,8810f44d83fffff
52539,8810f589d1fffff
52540,88101b72c7fffff
52541,8810f05163fffff
52542,8810f698d3fffff
52543,8810f47913fffff
52544,8810a96c37fffff
52545,8810f624cdfffff
52546,8810f2b229fffff
52547,8810f6bac9fffff
52548,8810f0955bfffff
52549,8810a93489fffff
52550,8810a97713fffff
52551,88101b6327fffff
52552,8810f44223fffff
52553,88101b69c5fffff
52554,88101b0ad1fffff
52555,8810f08c91fffff
52556,8810f5c36dfffff
52557,8810f69191fffff
52558,8810f0cd0dfffff
52559,8810f6a567fffff
52560,8810f43059fffff
52561,8810f500cdfffff
52562,8810f0152bfffff
52563,88101b61ebfffff
52564,8810f4a109fffff
52565,8810a97685fffff
52566,8810f59ac7fffff
52567,8810f04d43fffff
52568,8810f689d5fffff
52569,8810f61253fffff
52570,8810f05983fffff
52571,8810f66f0dfffff
52572,8810f28187fffff
52573,8810f29041fffff
52574,8810f4561dfffff
52575,8810f48b69fffff
52576,8810f55469fffff
52577,8810f0bb59fffff
52578,8810f55367fffff
52579,8810f05a4bfffff
52580,8810f4ca4dfffff
52581,8810f60111fffff
52582,88101b68d3fffff
52583,8810f42a09fffff
52584,8810f69061fffff
52585,8810f4bb21fffff
52586,8810f04141fffff
52587,8810f5186bfffff
52588,8810f68adbfffff
52589,88101b0f15fffff
52590,8810f41413fffff
52591,8810f46241fffff
52592,8810f431a1fffff
52593,8810f47437fffff
52594,8810f58b03fffff
52595,8810f6b065fffff
52596,8810a920a3fffff
52597,88101b7aadfffff
52598,8810f0d25bfffff
52599,8810f5c54bfffff
52600,8810f54d21fffff
52601,8810f059adfffff
52602,8810f51957fffff
52603,8810f546c1fffff
52604,8810f58337fffff
52605,8810f05193fffff
52606,8810f6189bfffff
52607,8810f6d063fffff
52608,8810f695c1fffff
52609,8810f09aabfffff
52610,8810f449a1fffff
52611,88101a6f29fffff
52612,8810f0c897fffff
52613,88101b6685fffff
52614,8810f42005fffff
52615,8810f440b5fffff
52616,8810f44a8bfffff
52617,88101b4745fffff
52618,8810f60a3bfffff
52619,8810f2b323fffff
52620,8810f54311fffff
52621,8810f5c70dfffff
52622,8810a92f67fffff
52623,88101b4d59fffff
52624,8810f55809fffff
52625,8810f4c617fffff
52626,8810f0966dfffff
52627,8810f5120bfffff
52628,8810f40937fffff
52629,8810f5cc13fffff
52630,8810f01001fffff
52631,8810f41a25fffff
52632,8810f46a25fffff
52633,8810f4a925fffff
52634,8810f555c5fffff
52635,8810f4251bfffff
52636,8810f516d9fffff
52637,8810f085d3fffff
52638,8810f4cdc3fffff
52639,8810f29749fffff
52640,8810a928cdfffff
52641,8810f4454bfffff
52642,8810f58a51fffff
52643,8810f4a427fffff
52644,8810f6d8ebfffff
52645,8810f44639fffff
52646,8810f08b15fffff
52647,8810f66e31fffff
52648,8810f6b41dfffff
52649,8810f0b1bbfffff
52650,8810f4c665fffff
52651,8810f6c5a5fffff
52652,8810f4af61fffff
52653,8810f08289fffff
52654,8810f55b2bfffff
52655,8810f05911fffff
52656,8810f69313fffff
52657,8810f4c0c5fffff
52658,8810f4ca09fffff
52659,8810f4d297fffff
52660,8810f62543fffff
52661,8810f68057fffff
52662,8810f4b54bfffff
52663,8810f4104dfffff
52664,88101b0519fffff
52665,8810f6a037fffff
52666,8810f0c521fffff
52667,8810f2b10dfffff
52668,8810f05041fffff
52669,8810f4a337fffff
52670,8810f4b5c1fffff
52671,8810f290ddfffff
52672,8810f0402bfffff
52673,8810f058d7fffff
52674,8810a965e3fffff
52675,8810f04311fffff
52676,8810f4d66dfffff
52677,88101b0c4bfffff
52678,8810f408e9fffff
52679,8810f0431bfffff
52680,8810f08c6dfffff
52681,8810a961b7fffff
52682,8810f40653fffff
52683,8810f4235bfffff
52684,8810f6d493fffff
52685,8810f501c3fffff
52686,8810f46581fffff
52687,8810f5808bfffff
52688,8810f62501fffff
52689,8810f43937fffff
52690,8810f08165fffff
52691,8810f48981fffff
52692,8810f29195fffff
52693,8810f4a6d7fffff
52694,8810f4a9b5fffff
52695,8810f0c9adfffff
52696,8810f58861fffff
52697,8810f680e5fffff
52698,8810f6b235fffff
52699,8810f5c307fffff
52700,8810f610d1fffff
52701,8810f5c68bfffff
52702,8810a93a29fffff
52703,8810f58cb9fffff
52704,8810f0b321fffff
52705,8810f5492dfffff
52706,8810f4ae63fffff
52707,8810f0db23fffff
52708,8810f43ac1fffff
52709,8810f69b33fffff
52710,8810f0c1c3fffff
52711,8810f4d187fffff
52712,88101b4f25fffff
52713,8810f58de3fffff
52714,88101b6cbbfffff
52715,8810f01507fffff
52716,8810f4999bfffff
52717,8810f626a3fffff
52718,8810f558b9fffff
52719,8810f6ae63fffff
52720,88101b0dd5fffff
52721,8810f48939fffff
52722,8810f5964dfffff
52723,8810f04307fffff
52724,8810f68ae5fffff
52725,88101b795bfffff
52726,8810f6daddfffff
52727,8810a92829fffff
52728,8810f40d27fffff
52729,8810f42995fffff
52730,88101b75c5fffff
52731,8810f0cadbfffff
52732,8810f092d9fffff
52733,8810f4d039fffff
52734,8810f59553fffff
52735,8810f48137fffff
52736,8810f6b239fffff
52737,8810f6826bfffff
52738,88101a6e99fffff
52739,8810a92115fffff
52740,88101b29c3fffff
52741,8810f6142dfffff
52742,8810f4d841fffff
52743,8810f28239fffff
52744,88101b0e35fffff
52745,8810f68e2bfffff
52746,88101b735dfffff
52747,8810f47925fffff
52748,8810a92b49fffff
52749,8810f474c9fffff
52750,8810f0d359fffff
52751,8810f5d517fffff
52752,8810f0c993fffff
52753,8810f28299fffff
52754,8810f426b9fffff
52755,8810a96495fffff
52756,88101b74d5fffff
52757,8810f43b2dfffff
52758,8810f4c493fffff
52759,88101b0f51fffff
52760,8810f6a2a3fffff
52761,8810f4d0d3fffff
52762,8810f51085fffff
52763,8810f448b7fffff
52764,8810f4416bfffff
52765,8810f4a125fffff
52766,8810a96689fffff
52767,8810f5db43fffff
52768,8810f6a411fffff
52769,8810f6262dfffff
52770,88101b0133fffff
52771,8810f501e7fffff
52772,8810f4b5a5fffff
52773,8810f41469fffff
52774,8810f04829fffff
52775,88101b6299fffff
52776,8810f0d293fffff
52777,8810f4cf3bfffff
52778,8810f4b1b5fffff
52779,8810f6a519fffff
52780,88101b0105fffff
52781,8810f68d47fffff
52782,8810f68cd7fffff
52783,8810a97645fffff
52784,8810f40603fffff
52785,8810f4a8a5fffff
52786,8810f4a637fffff
52787,88101b0e0dfffff
52788,8810f4d5e9fffff
52789,8810f29363fffff
52790,8810f6d1b3fffff
52791,8810f0cb31fffff
52792,8810f42c07fffff
52793,8810f5574dfffff
52794,8810f62f5dfffff
52795,8810f4d1d1fffff
52796,8810f40ee3fffff
52797,8810f41345fffff
52798,88101b680bfffff
52799,8810f406e7fffff
52800,8810f088e3fffff
52801,88101b6c33fffff
52802,8810a92365fffff
52803,8810f4b4d3fffff
52804,8810f414edfffff
52805,8810f6a30dfffff
52806,8810f4cdb7fffff
52807,8810f6876bfffff
52808,88101b6da7fffff
52809,8810f48de5fffff
52810,8810f0c063fffff
52811,8810f4d1e3fffff
52812,8810f0ca15fffff
52813,8810f05951fffff
52814,8810f584a3fffff
52815,8810a97503fffff
52816,8810f5d6bbfffff
52817,8810f01131fffff
52818,8810f6c5bbfffff
52819,8810f48557fffff
52820,8810f0b01dfffff
52821,8810f44761fffff
52822,8810f6c429fffff
52823,8810f5c69dfffff
52824,8810f61109fffff
52825,8810f0d6c9fffff
52826,8810f4419dfffff
52827,8810f68e4dfffff
52828,8810f04229fffff
52829,8810f5430bfffff
52830,8810f4211bfffff
52831,8810f685e1fffff
52832,8810f296c9fffff
52833,8810f08029fffff
52834,88101b755bfffff
52835,8810f5816bfffff
52836,8810f6288dfffff
52837,8810f686b5fffff
52838,8810f4460dfffff
52839,8810f55817fffff
52840,8810f0d6c7fffff
52841,8810f29703fffff
52842,8810f6868bfffff
52843,8810f55827fffff
52844,8810f4625dfffff
52845,8810f6a815fffff
52846,8810f6b4a5fffff
52847,8810f68689fffff
52848,8810f62ee5fffff
52849,8810a96d6dfffff
52850,8810f4aaabfffff
52851,8810f6385bfffff
52852,8810f0c9e7fffff
52853,8810f689edfffff
52854,8810f43a01fffff
52855,8810f08853fffff
52856,8810f59117fffff
52857,8810f45409fffff
52858,8810f48a03fffff
52859,8810f4d46bfffff
52860,8810f68a37fffff
52861,8810f54853fffff
52862,8810f47113fffff
52863,8810f41017fffff
52864,8810f01441fffff
52865,8810f059c5fffff
52866,8810f4a021fffff
52867,8810f43813fffff
52868,8810f40f23fffff
52869,8810f48b15fffff
52870,8810f6bb15fffff
52871,8810f626e3fffff
52872,8810f46857fffff
52873,8810a9271dfffff
52874,8810f5524bfffff
52875,88101b66cdfffff
52876,8810f62881fffff
52877,8810f50855fffff
52878,8810f68ec3fffff
52879,8810f6c6e9fffff
52880,8810f5893bfffff
52881,8810f6865bfffff
52882,8810f4c647fffff
52883,8810f68881fffff
52884,88101b0e45fffff
52885,8810f61357fffff
52886,8810f460cdfffff
52887,8810f6881bfffff
52888,8810f455c1fffff
52889,8810f4b531fffff
52890,8810f0d591fffff
52891,8810f698a7fffff
52892,8810a96ed9fffff
52893,88101b78d7fffff
52894,8810f4885bfffff
52895,8810f6cf31fffff
52896,8810f55291fffff
52897,8810f0c4ddfffff
52898,8810f4b889fffff
52899,8810aba6edfffff
52900,8810f478adfffff
52901,8810f66c93fffff
52902,8810f4095dfffff
52903,8810f5d8bdfffff
52904,8810f5b84bfffff
52905,8810f47593fffff
52906,8810f40855fffff
52907,8810f0032dfffff
52908,8810aba4a9fffff
52909,8810f42b25fffff
52910,8810f59943fffff
52911,8810f61a8dfffff
52912,8810f09945fffff
52913,8810f4c087fffff
52914,8810f5140dfffff
52915,8810f2b351fffff
52916,8810f6a319fffff
52917,8810f41523fffff
52918,88101b1981fffff
52919,8810f05327fffff
52920,8810f48881fffff
52921,8810f51297fffff
52922,8810f478b5fffff
52923,88101b4ca9fffff
52924,8810f689cdfffff
52925,88101b2981fffff
52926,8810f502e5fffff
52927,8810f619c9fffff
52928,8810f5525dfffff
52929,8810f6d23bfffff
52930,8810f4b35dfffff
52931,8810f29a09fffff
52932,8810f282e1fffff
52933,8810f46e51fffff
52934,8810f08825fffff
52935,8810f51a4bfffff
52936,8810f430abfffff
52937,8810f50321fffff
52938,8810f5883bfffff
52939,8810f012a3fffff
52940,8810f6aebdfffff
52941,8810f4cc29fffff
52942,8810f6c4abfffff
52943,8810f588e1fffff
52944,8810f42e61fffff
52945,88101b298bfffff
52946,8810f558adfffff
52947,8810f09b43fffff
52948,8810f55535fffff
52949,8810f4355bfffff
52950,8810f4001dfffff
52951,8810f44ae7fffff
52952,8810f6a351fffff
52953,8810f0d841fffff
52954,8810f49b07fffff
52955,88101b0c27fffff
52956,8810f46613fffff
52957,8810f686b7fffff
52958,8810f62f55fffff
52959,8810f059c3fffff
52960,8810f4b0d1fffff
52961,8810f44505fffff
52962,8810f5da63fffff
52963,88101a6dabfffff
52964,8810f46699fffff
52965,8810f4d4b1fffff
52966,8810a92061fffff
52967,8810f43423fffff
52968,8810f695d5fffff
52969,8810a9286bfffff
52970,8810f28325fffff
52971,8810f43587fffff
52972,8810a96e49fffff
52973,88101b0ac1fffff
52974,8810f55aa1fffff
52975,8810a9605dfffff
52976,8810f08de3fffff
52977,8810f0c5e3fffff
52978,8810f54d2bfffff
52979,8810f62a59fffff
52980,8810f6a0d7fffff
52981,8810f40811fffff
52982,8810f41047fffff
52983,8810f4148dfffff
52984,8810f281d3fffff
52985,8810a92891fffff
52986,8810f421e5fffff
52987,8810f45139fffff
52988,8810f4b641fffff
52989,8810f46449fffff
52990,8810f5c5d9fffff
52991,8810f01a25fffff
52992,8810f0d9cdfffff
52993,8810f55521fffff
52994,8810f05809fffff
52995,8810f45615fffff
52996,8810f04321fffff
52997,8810a92133fffff
52998,8810f66337fffff
52999,8810f452b5fffff
53000,8810f6968bfffff
53001,8810f0d0d5fffff
53002,88101b48a1fffff
53003,8810f09267fffff
53004,8810f452cdfffff
53005,8810f6c5cdfffff
53006,88101b0d91fffff
53007,8810f4c08bfffff
53008,8810f4a0e5fffff
53009,8810f47b0dfffff
53010,8810f5d081fffff
53011,8810f0c0edfffff
53012,8810f68d81fffff
53013,8810f61287fffff
53014,8810f049d9fffff
53015,8810f67463fffff
53016,8810f61855fffff
53017,8810f401b9fffff
53018,8810a96dd3fffff
53019,8810f5d119fffff
53020,88101b073dfffff
53021,8810f05a65fffff
53022,8810f5544bfffff
53023,88101b7957fffff
53024,8810f4b2a5fffff
53025,8810f6b289fffff
53026,8810f0492bfffff
53027,8810f6a869fffff
53028,8810f40b21fffff
53029,8810f0b98dfffff
53030,88101b6667fffff
53031,8810f5c04bfffff
53032,8810f5c89bfffff
53033,8810f0ba03fffff
53034,8810f4da03fffff
53035,8810f442a5fffff
53036,88101b65abfffff
53037,8810a92885fffff
53038,8810f4cc23fffff
53039,8810f4043bfffff
53040,88101b764dfffff
53041,8810f6d741fffff
53042,8810f6a699fffff
53043,8810f5c561fffff
53044,8810f47621fffff
53045,88101b4533fffff
53046,8810f445a9fffff
53047,8810f6a707fffff
53048,8810f552d9fffff
53049,8810f47353fffff
53050,8810f4621dfffff
53051,8810f0d891fffff
53052,8810f05a01fffff
53053,8810f40205fffff
53054,8810f545ebfffff
53055,8810f55a3dfffff
53056,8810f5cd3dfffff
53057,8810f632b9fffff
53058,8810f08407fffff
53059,8810f2813dfffff
53060,8810f605dbfffff
53061,8810f43a59fffff
53062,88101b7a51fffff
53063,8810f475dbfffff
53064,8810f4c4d1fffff
53065,8810f42ea5fffff
53066,88101b6001fffff
53067,8810f5b94bfffff
53068,8810f6965dfffff
53069,8810f4ad83fffff
53070,8810f48a9dfffff
53071,88101b0a03fffff
53072,8810f5835dfffff
53073,8810f5476bfffff
53074,8810f46c17fffff
53075,8810a92a51fffff
53076,8810f54c0dfffff
53077,8810f08917fffff
53078,8810f50f05fffff
53079,8810f4d14dfffff
53080,8810f5d00dfffff
53081,8810f47431fffff
53082,8810a92635fffff
53083,8810f6d2ebfffff
53084,8810f6368bfffff
53085,8810f04a0bfffff
53086,8810f6d04dfffff
53087,8810f4031dfffff
53088,8810f5cb09fffff
53089,8810f479c5fffff
53090,8810f0da57fffff
53091,8810f519a7fffff
53092,8810f0c8a1fffff
53093,8810f0166dfffff
53094,8810f5c949fffff
53095,8810f664a5fffff
53096,88101b05c7fffff
53097,8810f435edfffff
53098,8810f6205dfffff
53099,8810f6dad3fffff
53100,8810f6a98dfffff
53101,8810f0c8c7fffff
53102,8810f59a95fffff
53103,8810f08831fffff
53104,8810f29b13fffff
53105,88101b0a35fffff
53106,88101b7b6bfffff
53107,8810f04f31fffff
53108,8810f4d64bfffff
53109,8810f43247fffff
53110,8810f6b643fffff
53111,88101b64a1fffff
53112,8810a938a1fffff
53113,8810f58e47fffff
53114,8810f5d93bfffff
53115,8810f63441fffff
53116,8810f62d2bfffff
53117,88101b6055fffff
53118,8810a922e3fffff
53119,8810f0b2a5fffff
53120,8810f49845fffff
53121,88101b0ac5fffff
53122,8810f54525fffff
53123,8810f5da97fffff
53124,88101b0501fffff
53125,8810f454e5fffff
53126,8810a9249dfffff
53127,8810f0d351fffff
53128,8810f480bdfffff
53129,8810f6a663fffff
53130,88101b6e89fffff
53131,8810f42edbfffff
53132,8810f54635fffff
53133,8810f62339fffff
53134,8810f60b0dfffff
53135,8810f46745fffff
53136,8810a92881fffff
53137,88101b0547fffff
53138,8810f616a1fffff
53139,8810f05233fffff
53140,8810f01097fffff
53141,8810a93ae5fffff
53142,8810f6af01fffff
53143,8810f6c6dbfffff
53144,8810f51b2bfffff
53145,88101b6069fffff
53146,8810f60a6bfffff
53147,8810f284ddfffff
53148,8810f48889fffff
53149,8810f58ae7fffff
53150,8810f46a27fffff
53151,8810f4ae5dfffff
53152,8810f41197fffff
53153,8810f62edbfffff
53154,8810f5d455fffff
53155,8810f415c9fffff
53156,8810f4ad31fffff
53157,88101b0c37fffff
53158,88101b66c7fffff
53159,8810f606cdfffff
53160,8810f0d98dfffff
53161,8810f6b94bfffff
53162,8810a9746bfffff
53163,8810f498bdfffff
