,geohash
0,881181b605fffff
1,881181b607fffff
2,881181b63dfffff
3,881181b631fffff
4,881181b639fffff
5,881181b601fffff
6,881181b611fffff
7,881181b63bfffff
8,881181b603fffff
9,881181b62bfffff
10,881181b635fffff
11,881181b615fffff
